17,20000	17,48000	17,76000	18,04000	18,32000	18,60000	18,88000	19,16000	19,44000	19,72000	20,00000	20,28000	20,56000	20,84000	21,12000	21,40000	21,68000	21,96000	22,24000	22,52000	22,80000	23,08000	23,36000	23,64000	23,92000	24,20000	24,48000	24,76000	25,04000	25,32000	25,60000	25,88000	26,16000	26,44000	26,72000	27,00000	27,28000	27,56000	27,84000	28,12000	28,40000	28,68000	28,96000	29,24000	29,52000	29,80000	30,08000	30,36000	30,64000	30,92000	31,20000
15,60000	15,88000	16,16000	16,44000	16,72000	17,00000	17,28000	17,56000	17,84000	18,12000	18,40000	18,68000	18,96000	19,24000	19,52000	19,80000	20,08000	20,36000	20,64000	20,92000	21,20000	21,48000	21,76000	22,04000	22,32000	22,60000	22,88000	23,16000	23,44000	23,72000	24,00000	24,28000	24,56000	24,84000	25,12000	25,40000	25,68000	25,96000	26,24000	26,52000	26,80000	27,08000	27,36000	27,64000	27,92000	28,20000	28,48000	28,76000	29,04000	29,32000	29,60000
0,00748	0,00804	0,00893	0,00979	0,01062	0,01184	0,01243	0,01281	0,01312	0,01353	0,01353	0,01401	0,01431	0,01484	0,01507	0,01498	0,01439	0,01322	0,01249	0,01041	0,00910	0,00798	0,00721	0,00704	0,00701	0,00735	0,00786	0,00852	0,00912	0,01027	0,01120	0,01267	0,01379	0,01511	0,01646	0,01725	0,01755	0,01775	0,01715	0,01647	0,01540	0,01372	0,01242	0,01059	0,00924	0,00733	0,00612	0,00489	0,00410	0,00358	0,00320
0,00794	0,00857	0,00931	0,01030	0,01130	0,01254	0,01329	0,01376	0,01425	0,01468	0,01500	0,01538	0,01556	0,01567	0,01558	0,01542	0,01482	0,01313	0,01180	0,01005	0,00872	0,00739	0,00675	0,00648	0,00672	0,00728	0,00781	0,00870	0,00939	0,01075	0,01202	0,01383	0,01524	0,01717	0,01871	0,01991	0,02025	0,02073	0,01980	0,01913	0,01730	0,01622	0,01404	0,01214	0,01008	0,00817	0,00657	0,00529	0,00453	0,00396	0,00356
0,00842	0,00918	0,00986	0,01098	0,01191	0,01327	0,01422	0,01499	0,01553	0,01603	0,01594	0,01637	0,01664	0,01656	0,01623	0,01535	0,01449	0,01302	0,01148	0,00943	0,00808	0,00678	0,00630	0,00610	0,00659	0,00725	0,00813	0,00923	0,01027	0,01180	0,01346	0,01550	0,01751	0,01996	0,02151	0,02409	0,02384	0,02475	0,02375	0,02284	0,02111	0,01914	0,01682	0,01411	0,01171	0,00974	0,00789	0,00630	0,00529	0,00462	0,00417
0,00897	0,00962	0,01039	0,01139	0,01265	0,01381	0,01488	0,01578	0,01651	0,01727	0,01732	0,01750	0,01748	0,01710	0,01641	0,01532	0,01407	0,01242	0,01080	0,00872	0,00749	0,00637	0,00595	0,00615	0,00672	0,00768	0,00907	0,01035	0,01154	0,01376	0,01531	0,01828	0,02017	0,02362	0,02586	0,02821	0,02888	0,02967	0,02881	0,02789	0,02539	0,02325	0,02042	0,01727	0,01452	0,01154	0,00964	0,00764	0,00624	0,00539	0,00493
0,00945	0,01016	0,01088	0,01197	0,01328	0,01472	0,01586	0,01685	0,01764	0,01847	0,01858	0,01858	0,01809	0,01743	0,01618	0,01479	0,01354	0,01154	0,01001	0,00812	0,00690	0,00614	0,00587	0,00624	0,00724	0,00859	0,01012	0,01220	0,01387	0,01631	0,01876	0,02160	0,02464	0,02872	0,03133	0,03380	0,03475	0,03631	0,03518	0,03381	0,03133	0,02858	0,02522	0,02127	0,01771	0,01423	0,01165	0,00922	0,00753	0,00658	0,00575
0,01007	0,01061	0,01152	0,01244	0,01368	0,01512	0,01644	0,01777	0,01861	0,01930	0,01949	0,01918	0,01843	0,01743	0,01587	0,01423	0,01275	0,01079	0,00930	0,00763	0,00668	0,00630	0,00642	0,00694	0,00811	0,01031	0,01221	0,01493	0,01724	0,02091	0,02395	0,02747	0,03047	0,03457	0,03781	0,04140	0,04236	0,04388	0,04300	0,04134	0,03862	0,03555	0,03131	0,02628	0,02220	0,01794	0,01442	0,01138	0,00916	0,00752	0,00649
0,01064	0,01118	0,01188	0,01310	0,01414	0,01601	0,01731	0,01851	0,01932	0,02041	0,02037	0,01973	0,01873	0,01730	0,01533	0,01345	0,01165	0,01002	0,00859	0,00743	0,00682	0,00669	0,00732	0,00858	0,01015	0,01330	0,01570	0,01983	0,02205	0,02701	0,03037	0,03577	0,03865	0,04372	0,04741	0,05012	0,05160	0,05354	0,05210	0,05028	0,04699	0,04271	0,03815	0,03233	0,02736	0,02165	0,01748	0,01351	0,01100	0,00878	0,00740
0,01118	0,01188	0,01269	0,01366	0,01493	0,01637	0,01780	0,01922	0,02001	0,02094	0,02095	0,02021	0,01865	0,01674	0,01483	0,01270	0,01093	0,00924	0,00815	0,00736	0,00730	0,00804	0,00935	0,01093	0,01357	0,01681	0,02043	0,02548	0,02956	0,03567	0,04058	0,04547	0,05045	0,05452	0,05758	0,06093	0,06170	0,06331	0,06191	0,05954	0,05611	0,05116	0,04526	0,03968	0,03252	0,02624	0,02089	0,01610	0,01267	0,00984	0,00827
0,01163	0,01242	0,01314	0,01441	0,01558	0,01719	0,01835	0,01953	0,02060	0,02122	0,02088	0,02002	0,01854	0,01636	0,01416	0,01193	0,01036	0,00883	0,00805	0,00791	0,00855	0,01021	0,01228	0,01495	0,01782	0,02337	0,02858	0,03468	0,03958	0,04636	0,05313	0,05980	0,06431	0,06832	0,07025	0,07400	0,07309	0,07414	0,07207	0,06927	0,06418	0,05913	0,05318	0,04577	0,03827	0,03074	0,02480	0,01826	0,01447	0,01121	0,00905
0,01210	0,01289	0,01370	0,01489	0,01603	0,01758	0,01865	0,02001	0,02070	0,02129	0,02092	0,01940	0,01804	0,01567	0,01367	0,01148	0,00991	0,00875	0,00860	0,00910	0,01065	0,01397	0,01677	0,02178	0,02370	0,03222	0,03670	0,04505	0,05189	0,06028	0,06693	0,07616	0,08041	0,08569	0,08529	0,08674	0,08559	0,08511	0,08227	0,07776	0,07161	0,06651	0,05951	0,05132	0,04386	0,03565	0,02813	0,02071	0,01647	0,01266	0,01001
0,01236	0,01339	0,01416	0,01541	0,01671	0,01814	0,01918	0,02012	0,02070	0,02104	0,02053	0,01902	0,01715	0,01522	0,01292	0,01101	0,00956	0,00916	0,00945	0,01099	0,01383	0,01867	0,02397	0,03057	0,03434	0,04263	0,04977	0,05992	0,06528	0,07771	0,08547	0,09410	0,09982	0,10282	0,10291	0,10224	0,09854	0,09714	0,09166	0,08487	0,07949	0,07192	0,06461	0,05655	0,04794	0,03869	0,03135	0,02409	0,01839	0,01411	0,01104
0,01271	0,01372	0,01462	0,01565	0,01696	0,01840	0,01941	0,02004	0,02024	0,02049	0,01973	0,01812	0,01625	0,01435	0,01227	0,01082	0,00994	0,01001	0,01110	0,01389	0,01813	0,02516	0,03187	0,04011	0,04849	0,05802	0,06528	0,07639	0,08473	0,09725	0,10433	0,11594	0,11792	0,12292	0,12034	0,11743	0,11061	0,10678	0,09921	0,09226	0,08393	0,07581	0,06785	0,05985	0,05068	0,04170	0,03400	0,02670	0,02033	0,01563	0,01241
0,01291	0,01400	0,01518	0,01608	0,01732	0,01856	0,01954	0,01997	0,02029	0,01970	0,01873	0,01725	0,01554	0,01326	0,01185	0,01076	0,01061	0,01138	0,01367	0,01778	0,02358	0,03269	0,04316	0,05346	0,06466	0,07557	0,08312	0,09640	0,10611	0,11641	0,12836	0,13507	0,13976	0,14219	0,13724	0,13415	0,12290	0,11749	0,10620	0,09661	0,08761	0,07785	0,07042	0,06084	0,05235	0,04297	0,03601	0,02796	0,02205	0,01726	0,01390
0,01327	0,01447	0,01529	0,01640	0,01765	0,01890	0,01928	0,01954	0,01973	0,01900	0,01799	0,01567	0,01410	0,01226	0,01127	0,01109	0,01157	0,01365	0,01642	0,02230	0,03036	0,04259	0,05377	0,06871	0,08183	0,09723	0,10965	0,11965	0,12889	0,14072	0,14763	0,15579	0,15763	0,15907	0,15454	0,14679	0,13430	0,12396	0,11107	0,09883	0,08886	0,07834	0,06937	0,06040	0,05151	0,04404	0,03671	0,02908	0,02357	0,01868	0,01528
0,01338	0,01481	0,01572	0,01682	0,01762	0,01864	0,01918	0,01917	0,01878	0,01794	0,01681	0,01466	0,01301	0,01162	0,01123	0,01177	0,01347	0,01644	0,02075	0,02841	0,03704	0,05156	0,06850	0,08545	0,10295	0,12135	0,13323	0,14384	0,15364	0,16257	0,16806	0,17604	0,17501	0,17440	0,16644	0,15765	0,14192	0,12847	0,11480	0,10051	0,08829	0,07680	0,06811	0,05893	0,05098	0,04367	0,03665	0,02951	0,02451	0,01966	0,01660
0,01362	0,01499	0,01608	0,01694	0,01784	0,01877	0,01876	0,01860	0,01850	0,01710	0,01552	0,01348	0,01188	0,01082	0,01122	0,01276	0,01563	0,02013	0,02585	0,03551	0,04685	0,06416	0,08304	0,10573	0,12299	0,14385	0,15977	0,17338	0,17796	0,18636	0,18933	0,19307	0,19031	0,18471	0,17619	0,16371	0,14878	0,13263	0,11504	0,09859	0,08749	0,07443	0,06477	0,05680	0,04909	0,04177	0,03564	0,02935	0,02502	0,02076	0,01752
0,01410	0,01545	0,01643	0,01697	0,01800	0,01884	0,01857	0,01802	0,01767	0,01589	0,01441	0,01236	0,01077	0,01022	0,01119	0,01434	0,01794	0,02451	0,03135	0,04372	0,05734	0,07589	0,09762	0,12465	0,14514	0,16889	0,18348	0,19943	0,20499	0,20877	0,20862	0,20543	0,20080	0,19240	0,18134	0,16410	0,14975	0,13051	0,11379	0,09780	0,08344	0,07138	0,06227	0,05374	0,04703	0,04066	0,03535	0,02996	0,02539	0,02180	0,01795
0,01456	0,01587	0,01697	0,01734	0,01841	0,01851	0,01838	0,01792	0,01675	0,01535	0,01349	0,01124	0,00996	0,00978	0,01187	0,01594	0,02099	0,02947	0,03883	0,05196	0,06489	0,08418	0,10873	0,13913	0,16339	0,19284	0,20871	0,22294	0,22791	0,22659	0,22575	0,21890	0,20584	0,19440	0,17920	0,16166	0,14422	0,12606	0,10903	0,09202	0,08013	0,06801	0,05986	0,05190	0,04590	0,03979	0,03513	0,03003	0,02592	0,02242	0,01921
0,01482	0,01649	0,01736	0,01778	0,01840	0,01830	0,01808	0,01720	0,01612	0,01433	0,01259	0,01071	0,00922	0,00951	0,01181	0,01701	0,02373	0,03336	0,04439	0,05847	0,07544	0,09536	0,12204	0,15236	0,18185	0,20521	0,22722	0,24072	0,24471	0,24414	0,23962	0,22702	0,21110	0,19392	0,17569	0,15583	0,13740	0,11801	0,10128	0,08633	0,07505	0,06304	0,05636	0,04933	0,04465	0,03983	0,03575	0,03128	0,02754	0,02374	0,02031
0,01537	0,01713	0,01797	0,01843	0,01855	0,01833	0,01773	0,01644	0,01554	0,01385	0,01184	0,00988	0,00880	0,00942	0,01254	0,01850	0,02596	0,03773	0,04971	0,06515	0,08364	0,10481	0,13047	0,16192	0,18893	0,21729	0,23881	0,25325	0,25656	0,25478	0,24404	0,23155	0,21162	0,19066	0,16948	0,14844	0,12695	0,10903	0,09357	0,07782	0,06839	0,05969	0,05275	0,04765	0,04378	0,04063	0,03727	0,03331	0,02961	0,02543	0,02256
0,01592	0,01723	0,01842	0,01887	0,01879	0,01813	0,01721	0,01588	0,01458	0,01276	0,01105	0,00943	0,00851	0,00936	0,01296	0,01934	0,02765	0,03988	0,05484	0,07145	0,08841	0,11076	0,13637	0,16447	0,19431	0,22149	0,24307	0,25444	0,26032	0,25631	0,24695	0,22898	0,20840	0,18550	0,16269	0,13703	0,11882	0,09786	0,08245	0,06797	0,06079	0,05378	0,04920	0,04641	0,04406	0,04162	0,03936	0,03565	0,03219	0,02922	0,02489
0,01622	0,01789	0,01864	0,01925	0,01888	0,01789	0,01704	0,01528	0,01409	0,01225	0,01039	0,00891	0,00828	0,00957	0,01276	0,02006	0,02945	0,04312	0,05713	0,07436	0,09272	0,11585	0,14242	0,16685	0,19272	0,22151	0,23862	0,25210	0,25747	0,25193	0,24349	0,22384	0,19972	0,17467	0,15269	0,12835	0,10781	0,08741	0,07344	0,06180	0,05424	0,04956	0,04671	0,04548	0,04445	0,04318	0,04221	0,03913	0,03608	0,03272	0,02887
0,01667	0,01807	0,01888	0,01937	0,01871	0,01779	0,01628	0,01481	0,01335	0,01165	0,01027	0,00857	0,00829	0,00963	0,01308	0,02100	0,03074	0,04366	0,05773	0,07506	0,09278	0,11604	0,13935	0,16591	0,19017	0,21223	0,22911	0,24117	0,24444	0,23921	0,22952	0,20887	0,18871	0,16379	0,14147	0,11613	0,09477	0,07821	0,06662	0,05556	0,04874	0,04544	0,04424	0,04423	0,04479	0,04499	0,04444	0,04256	0,04017	0,03643	0,03275
0,01636	0,01826	0,01922	0,01931	0,01876	0,01767	0,01615	0,01423	0,01285	0,01122	0,00961	0,00855	0,00824	0,00980	0,01373	0,02008	0,02955	0,04275	0,05772	0,07442	0,09261	0,11289	0,13659	0,15823	0,18082	0,19857	0,21383	0,22292	0,22523	0,22008	0,21047	0,19103	0,17277	0,14925	0,12824	0,10667	0,08749	0,07242	0,06156	0,05115	0,04619	0,04441	0,04358	0,04421	0,04480	0,04619	0,04717	0,04559	0,04378	0,04062	0,03603
0,01652	0,01824	0,01914	0,01913	0,01874	0,01707	0,01565	0,01378	0,01222	0,01084	0,00946	0,00851	0,00846	0,01006	0,01339	0,01953	0,02863	0,04104	0,05513	0,07019	0,08860	0,10847	0,12795	0,14941	0,16913	0,18315	0,19644	0,20147	0,20487	0,19686	0,18671	0,16885	0,15215	0,13225	0,11366	0,09452	0,07849	0,06567	0,05713	0,05117	0,04677	0,04586	0,04437	0,04599	0,04676	0,04799	0,04863	0,04761	0,04586	0,04347	0,03950
0,01649	0,01794	0,01904	0,01883	0,01830	0,01695	0,01559	0,01373	0,01237	0,01082	0,00956	0,00882	0,00884	0,00999	0,01312	0,01882	0,02676	0,03808	0,04938	0,06481	0,08169	0,09727	0,11804	0,13711	0,15194	0,16548	0,17379	0,17703	0,17690	0,16796	0,16278	0,14179	0,13008	0,11064	0,09827	0,08131	0,07074	0,06228	0,05637	0,05244	0,04972	0,04870	0,04883	0,04938	0,04932	0,05014	0,05037	0,04855	0,04705	0,04498	0,04150
0,01642	0,01767	0,01865	0,01872	0,01813	0,01695	0,01539	0,01370	0,01224	0,01088	0,00978	0,00918	0,00924	0,01040	0,01263	0,01744	0,02396	0,03333	0,04408	0,05818	0,07180	0,08750	0,10536	0,12120	0,13518	0,14313	0,14935	0,14920	0,14912	0,13935	0,13404	0,11628	0,10667	0,08961	0,08149	0,07068	0,06429	0,05858	0,05657	0,05528	0,05496	0,05513	0,05454	0,05426	0,05311	0,05238	0,05183	0,05065	0,04858	0,04602	0,04175
0,01596	0,01744	0,01801	0,01812	0,01782	0,01667	0,01534	0,01365	0,01219	0,01114	0,01012	0,00955	0,00967	0,01065	0,01251	0,01645	0,02160	0,02944	0,03849	0,04940	0,06228	0,07465	0,09090	0,10433	0,11488	0,11941	0,12577	0,12416	0,12029	0,11299	0,10517	0,09163	0,08250	0,07300	0,06754	0,05933	0,05790	0,05644	0,05717	0,05936	0,06056	0,06152	0,06132	0,05968	0,05746	0,05539	0,05317	0,05020	0,04827	0,04519	0,04176
0,01581	0,01692	0,01778	0,01763	0,01769	0,01667	0,01548	0,01399	0,01264	0,01165	0,01080	0,01034	0,01019	0,01096	0,01243	0,01523	0,01955	0,02547	0,03206	0,04150	0,05177	0,06301	0,07517	0,08700	0,09550	0,09859	0,10140	0,09973	0,09650	0,08842	0,08185	0,07034	0,06412	0,05593	0,05762	0,04993	0,05040	0,05344	0,05773	0,06346	0,06659	0,06950	0,06806	0,06707	0,06335	0,05942	0,05523	0,05091	0,04754	0,04362	0,04079
0,01523	0,01659	0,01717	0,01728	0,01728	0,01664	0,01564	0,01424	0,01309	0,01222	0,01155	0,01093	0,01089	0,01142	0,01227	0,01407	0,01670	0,02095	0,02606	0,03242	0,04089	0,05017	0,06063	0,06919	0,07856	0,07836	0,07983	0,07737	0,07366	0,06451	0,06084	0,05365	0,04910	0,04502	0,04328	0,04375	0,04673	0,05223	0,05868	0,06597	0,07022	0,07441	0,07550	0,07351	0,06950	0,06390	0,05755	0,05232	0,04755	0,04297	0,03898
0,01508	0,01587	0,01688	0,01690	0,01701	0,01626	0,01563	0,01477	0,01381	0,01292	0,01235	0,01194	0,01182	0,01202	0,01234	0,01322	0,01494	0,01741	0,02104	0,02554	0,03239	0,03994	0,04676	0,05369	0,05866	0,06081	0,06056	0,05685	0,05790	0,04962	0,04737	0,04120	0,03911	0,03755	0,03836	0,04063	0,04563	0,05164	0,05990	0,06789	0,07527	0,07975	0,08087	0,07886	0,07362	0,06763	0,06081	0,05337	0,04762	0,04181	0,03745
0,01467	0,01569	0,01631	0,01650	0,01677	0,01641	0,01586	0,01504	0,01436	0,01381	0,01328	0,01286	0,01260	0,01281	0,01283	0,01314	0,01340	0,01517	0,01725	0,02033	0,02494	0,03016	0,03624	0,04081	0,04441	0,04512	0,04426	0,04188	0,04044	0,03636	0,03656	0,03387	0,03433	0,03540	0,03739	0,04119	0,04595	0,05381	0,06137	0,06968	0,07610	0,08145	0,08316	0,08175	0,07688	0,07063	0,06339	0,05402	0,04728	0,04093	0,03601
0,01449	0,01533	0,01589	0,01616	0,01642	0,01644	0,01603	0,01563	0,01507	0,01479	0,01431	0,01411	0,01385	0,01384	0,01350	0,01326	0,01292	0,01323	0,01449	0,01638	0,01951	0,02332	0,02769	0,03099	0,03311	0,03270	0,03218	0,03000	0,02937	0,02838	0,02929	0,03083	0,03292	0,03620	0,03977	0,04381	0,04889	0,05595	0,06327	0,07004	0,07788	0,08235	0,08375	0,08318	0,07830	0,07156	0,06347	0,05463	0,04775	0,04111	0,03429
0,01422	0,01482	0,01556	0,01582	0,01637	0,01612	0,01616	0,01595	0,01560	0,01565	0,01533	0,01564	0,01534	0,01548	0,01482	0,01397	0,01310	0,01263	0,01288	0,01364	0,01582	0,01912	0,02182	0,02446	0,02567	0,02553	0,02418	0,02273	0,02321	0,02379	0,02671	0,03050	0,03451	0,03936	0,04319	0,04865	0,05315	0,05916	0,06453	0,07007	0,07618	0,08051	0,08160	0,08165	0,07806	0,07288	0,06440	0,05603	0,04772	0,04065	0,03415
0,01408	0,01472	0,01527	0,01568	0,01611	0,01630	0,01622	0,01625	0,01599	0,01609	0,01626	0,01661	0,01665	0,01696	0,01634	0,01524	0,01407	0,01265	0,01216	0,01262	0,01416	0,01626	0,01837	0,02037	0,02118	0,02082	0,01999	0,01946	0,01987	0,02207	0,02604	0,03179	0,03758	0,04348	0,04750	0,05241	0,05714	0,06124	0,06557	0,06999	0,07466	0,07708	0,07893	0,07764	0,07603	0,07036	0,06290	0,05565	0,04784	0,04045	0,03357
0,01351	0,01432	0,01505	0,01547	0,01605	0,01609	0,01619	0,01616	0,01632	0,01647	0,01659	0,01745	0,01781	0,01848	0,01807	0,01689	0,01522	0,01359	0,01252	0,01228	0,01323	0,01496	0,01681	0,01849	0,01926	0,01917	0,01887	0,01841	0,01916	0,02253	0,02694	0,03406	0,04037	0,04660	0,05162	0,05679	0,06025	0,06364	0,06603	0,06862	0,07184	0,07326	0,07432	0,07343	0,07209	0,06730	0,06093	0,05426	0,04668	0,03944	0,03350
0,01298	0,01405	0,01482	0,01539	0,01576	0,01606	0,01624	0,01621	0,01624	0,01656	0,01703	0,01795	0,01904	0,01990	0,01969	0,01887	0,01688	0,01486	0,01318	0,01255	0,01292	0,01439	0,01613	0,01778	0,01905	0,01942	0,01930	0,01948	0,02064	0,02398	0,02933	0,03613	0,04229	0,04914	0,05426	0,05900	0,06174	0,06435	0,06536	0,06658	0,06863	0,06890	0,06849	0,06791	0,06583	0,06215	0,05752	0,05184	0,04579	0,03864	0,03298
0,01224	0,01325	0,01434	0,01502	0,01559	0,01600	0,01602	0,01595	0,01599	0,01620	0,01700	0,01813	0,01945	0,02126	0,02131	0,02079	0,01877	0,01631	0,01422	0,01312	0,01306	0,01427	0,01591	0,01825	0,01993	0,02095	0,02121	0,02173	0,02294	0,02647	0,03084	0,03810	0,04364	0,05034	0,05555	0,06044	0,06312	0,06427	0,06410	0,06375	0,06337	0,06307	0,06248	0,06116	0,05912	0,05696	0,05275	0,04909	0,04381	0,03784	0,03204
0,01142	0,01249	0,01370	0,01452	0,01527	0,01570	0,01583	0,01569	0,01556	0,01590	0,01650	0,01795	0,01978	0,02164	0,02250	0,02252	0,02085	0,01835	0,01584	0,01435	0,01373	0,01448	0,01656	0,01911	0,02119	0,02293	0,02384	0,02493	0,02582	0,02907	0,03315	0,03853	0,04421	0,05135	0,05584	0,06013	0,06202	0,06271	0,06229	0,06089	0,05942	0,05778	0,05593	0,05478	0,05257	0,05088	0,04818	0,04505	0,04059	0,03637	0,03133
0,01039	0,01154	0,01288	0,01388	0,01472	0,01539	0,01555	0,01548	0,01522	0,01527	0,01597	0,01741	0,01955	0,02195	0,02316	0,02377	0,02252	0,01999	0,01733	0,01540	0,01452	0,01530	0,01684	0,02006	0,02254	0,02541	0,02709	0,02807	0,02904	0,03103	0,03479	0,03935	0,04463	0,05036	0,05525	0,05909	0,06085	0,06111	0,05986	0,05707	0,05529	0,05265	0,05018	0,04809	0,04673	0,04436	0,04305	0,04096	0,03772	0,03387	0,03010
0,00938	0,01056	0,01169	0,01310	0,01409	0,01496	0,01528	0,01521	0,01478	0,01465	0,01502	0,01637	0,01859	0,02126	0,02341	0,02463	0,02394	0,02179	0,01904	0,01686	0,01546	0,01587	0,01766	0,02081	0,02446	0,02743	0,02928	0,03126	0,03204	0,03366	0,03632	0,04009	0,04468	0,04952	0,05378	0,05693	0,05854	0,05830	0,05609	0,05369	0,05058	0,04721	0,04469	0,04202	0,04071	0,03937	0,03799	0,03650	0,03447	0,03164	0,02901
0,00819	0,00942	0,01073	0,01205	0,01325	0,01431	0,01480	0,01488	0,01443	0,01417	0,01427	0,01537	0,01759	0,02063	0,02313	0,02478	0,02483	0,02323	0,02095	0,01848	0,01692	0,01697	0,01854	0,02211	0,02560	0,02918	0,03182	0,03361	0,03446	0,03553	0,03752	0,04029	0,04356	0,04783	0,05138	0,05425	0,05571	0,05521	0,05335	0,05008	0,04699	0,04282	0,04015	0,03712	0,03522	0,03391	0,03304	0,03204	0,03083	0,02911	0,02679
0,00736	0,00822	0,00955	0,01106	0,01243	0,01354	0,01428	0,01441	0,01422	0,01377	0,01373	0,01469	0,01662	0,01928	0,02193	0,02451	0,02504	0,02444	0,02243	0,02042	0,01841	0,01821	0,01957	0,02262	0,02634	0,03038	0,03314	0,03494	0,03597	0,03685	0,03798	0,03982	0,04242	0,04569	0,04862	0,05118	0,05238	0,05165	0,04937	0,04690	0,04318	0,03929	0,03563	0,03268	0,03072	0,02957	0,02884	0,02803	0,02739	0,02651	0,02449
0,00643	0,00749	0,00865	0,01000	0,01145	0,01271	0,01370	0,01385	0,01379	0,01340	0,01333	0,01391	0,01532	0,01783	0,02090	0,02340	0,02483	0,02464	0,02361	0,02152	0,01977	0,01939	0,02033	0,02294	0,02652	0,03039	0,03350	0,03528	0,03634	0,03676	0,03783	0,03902	0,04088	0,04334	0,04563	0,04722	0,04905	0,04763	0,04577	0,04281	0,03931	0,03558	0,03252	0,02949	0,02716	0,02560	0,02496	0,02444	0,02423	0,02303	0,02225
0,00578	0,00657	0,00778	0,00904	0,01055	0,01177	0,01259	0,01317	0,01342	0,01317	0,01301	0,01338	0,01474	0,01663	0,01953	0,02213	0,02373	0,02416	0,02376	0,02220	0,02068	0,02027	0,02091	0,02303	0,02640	0,03012	0,03251	0,03441	0,03547	0,03573	0,03652	0,03706	0,03842	0,04009	0,04249	0,04379	0,04506	0,04414	0,04242	0,03936	0,03593	0,03267	0,02909	0,02643	0,02393	0,02234	0,02176	0,02118	0,02093	0,02055	0,01968
0,00510	0,00596	0,00693	0,00826	0,00954	0,01078	0,01170	0,01243	0,01265	0,01266	0,01270	0,01296	0,01379	0,01561	0,01777	0,02024	0,02212	0,02286	0,02295	0,02201	0,02086	0,02057	0,02102	0,02272	0,02581	0,02854	0,03102	0,03273	0,03359	0,03396	0,03423	0,03476	0,03565	0,03615	0,03857	0,03973	0,04042	0,03964	0,03828	0,03554	0,03268	0,02943	0,02645	0,02375	0,02147	0,01996	0,01895	0,01839	0,01794	0,01773	0,01736
0,00481	0,00539	0,00649	0,00755	0,00876	0,00975	0,01064	0,01146	0,01195	0,01203	0,01231	0,01260	0,01336	0,01461	0,01643	0,01789	0,02004	0,02075	0,02175	0,02102	0,02028	0,02019	0,02076	0,02213	0,02461	0,02686	0,02896	0,03036	0,03128	0,03124	0,03161	0,03171	0,03242	0,03335	0,03477	0,03559	0,03652	0,03584	0,03440	0,03256	0,03006	0,02696	0,02421	0,02136	0,01914	0,01769	0,01649	0,01578	0,01540	0,01529	0,01492
0,00432	0,00493	0,00587	0,00696	0,00798	0,00882	0,00981	0,01039	0,01092	0,01134	0,01174	0,01210	0,01258	0,01364	0,01495	0,01631	0,01797	0,01872	0,01920	0,01907	0,01898	0,01898	0,01984	0,02129	0,02302	0,02497	0,02689	0,02789	0,02849	0,02841	0,02849	0,02833	0,02930	0,02972	0,03106	0,03159	0,03220	0,03164	0,03084	0,02920	0,02705	0,02425	0,02170	0,01918	0,01691	0,01562	0,01433	0,01372	0,01346	0,01316	0,01323
0,00397	0,00463	0,00537	0,00627	0,00740	0,00814	0,00885	0,00926	0,00971	0,01029	0,01075	0,01137	0,01214	0,01293	0,01386	0,01496	0,01584	0,01638	0,01681	0,01674	0,01705	0,01728	0,01845	0,01966	0,02152	0,02365	0,02456	0,02544	0,02589	0,02555	0,02564	0,02533	0,02599	0,02578	0,02724	0,02798	0,02866	0,02817	0,02779	0,02611	0,02441	0,02214	0,01977	0,01753	0,01526	0,01367	0,01274	0,01208	0,01170	0,01153	0,01149
0,00379	0,00415	0,00501	0,00566	0,00663	0,00721	0,00791	0,00816	0,00873	0,00920	0,00976	0,01041	0,01137	0,01204	0,01299	0,01344	0,01419	0,01435	0,01455	0,01460	0,01490	0,01538	0,01659	0,01761	0,01996	0,02121	0,02289	0,02344	0,02360	0,02304	0,02298	0,02281	0,02264	0,02310	0,02404	0,02461	0,02533	0,02505	0,02474	0,02330	0,02204	0,02016	0,01830	0,01594	0,01395	0,01224	0,01117	0,01059	0,01032	0,01025	0,01018
0,00346	0,00374	0,00454	0,00515	0,00624	0,00673	0,00724	0,00739	0,00762	0,00791	0,00859	0,00923	0,01029	0,01112	0,01206	0,01248	0,01288	0,01277	0,01269	0,01258	0,01269	0,01336	0,01467	0,01604	0,01830	0,01944	0,02110	0,02162	0,02163	0,02136	0,02060	0,02011	0,02017	0,02016	0,02101	0,02167	0,02259	0,02295	0,02233	0,02194	0,02029	0,01859	0,01676	0,01515	0,01267	0,01150	0,01026	0,00966	0,00934	0,00922	0,00900
