23,30000	23,42000	23,54000	23,66000	23,78000	23,90000	24,02000	24,14000	24,26000	24,38000	24,50000	24,62000	24,74000	24,86000	24,98000	25,10000	25,22000	25,34000	25,46000	25,58000	25,70000	25,82000	25,94000	26,06000	26,18000	26,30000	26,42000	26,54000	26,66000	26,78000	26,90000	27,02000	27,14000	27,26000	27,38000	27,50000	27,62000	27,74000	27,86000	27,98000	28,10000	28,22000	28,34000	28,46000	28,58000	28,70000	28,82000	28,94000	29,06000	29,18000	29,30000
23,50000	23,62000	23,74000	23,86000	23,98000	24,10000	24,22000	24,34000	24,46000	24,58000	24,70000	24,82000	24,94000	25,06000	25,18000	25,30000	25,42000	25,54000	25,66000	25,78000	25,90000	26,02000	26,14000	26,26000	26,38000	26,50000	26,62000	26,74000	26,86000	26,98000	27,10000	27,22000	27,34000	27,46000	27,58000	27,70000	27,82000	27,94000	28,06000	28,18000	28,30000	28,42000	28,54000	28,66000	28,78000	28,90000	29,02000	29,14000	29,26000	29,38000	29,50000
0,02442	0,02426	0,02487	0,02636	0,02400	0,02447	0,02424	0,02416	0,02576	0,02482	0,02695	0,02491	0,02405	0,02712	0,02463	0,02483	0,02816	0,02543	0,02796	0,02606	0,02586	0,02815	0,02663	0,02931	0,02988	0,02717	0,03045	0,02903	0,02653	0,02739	0,02916	0,02512	0,02511	0,02530	0,02623	0,02640	0,02475	0,02531	0,02666	0,02597	0,02488	0,02796	0,02707	0,02455	0,02395	0,02636	0,02419	0,02587	0,02458	0,02442	0,02592
0,02389	0,02435	0,02503	0,02396	0,02782	0,02345	0,02577	0,02461	0,02507	0,02514	0,02839	0,02405	0,02442	0,02451	0,02467	0,02547	0,02770	0,02628	0,02618	0,02601	0,02645	0,02707	0,02751	0,02747	0,03017	0,02790	0,02800	0,03070	0,02748	0,02671	0,02811	0,02645	0,02577	0,02974	0,02651	0,02721	0,02534	0,02595	0,02609	0,02632	0,02591	0,02524	0,02517	0,02467	0,02512	0,02451	0,02605	0,02392	0,02436	0,02442	0,02442
0,02456	0,02641	0,02492	0,02435	0,02721	0,02754	0,02465	0,02573	0,02465	0,02458	0,02432	0,02596	0,02534	0,02476	0,02492	0,02484	0,02492	0,02513	0,02575	0,02646	0,02591	0,02614	0,02962	0,02765	0,02734	0,02759	0,03086	0,02781	0,02788	0,02768	0,02812	0,02757	0,02861	0,03014	0,02762	0,02686	0,03057	0,02909	0,02694	0,03040	0,02904	0,02754	0,02618	0,02523	0,02450	0,02745	0,02523	0,02713	0,02421	0,02442	0,02442
0,02430	0,02366	0,02480	0,02448	0,02445	0,02512	0,02488	0,02424	0,02463	0,02501	0,02627	0,02485	0,02489	0,02417	0,02450	0,02482	0,02526	0,02650	0,02786	0,02701	0,02662	0,02656	0,03035	0,02699	0,02842	0,02723	0,02834	0,02698	0,02957	0,02739	0,02755	0,03119	0,02760	0,02945	0,02815	0,02804	0,02796	0,02743	0,02800	0,02802	0,02795	0,02706	0,03034	0,02784	0,02687	0,02536	0,02448	0,02583	0,02448	0,02442	0,02442
0,02348	0,02418	0,02445	0,02391	0,02472	0,02474	0,02510	0,02496	0,02705	0,02468	0,02489	0,02439	0,02579	0,02459	0,02443	0,02841	0,02829	0,02711	0,02669	0,02947	0,02825	0,02655	0,02643	0,02720	0,02877	0,02809	0,03020	0,03009	0,02740	0,02731	0,02717	0,02722	0,02947	0,02941	0,02743	0,03016	0,02771	0,02728	0,03119	0,02783	0,02835	0,02829	0,02838	0,02980	0,02752	0,02727	0,02581	0,02606	0,02627	0,02442	0,02442
0,02423	0,02486	0,02488	0,02827	0,02552	0,02478	0,02411	0,02493	0,02488	0,02826	0,02491	0,02393	0,02426	0,02460	0,02391	0,02501	0,02531	0,02783	0,02684	0,03102	0,02881	0,02729	0,02829	0,02811	0,02842	0,02766	0,02857	0,02847	0,02781	0,02754	0,02796	0,02679	0,02726	0,02639	0,02669	0,02662	0,02657	0,02908	0,02710	0,02824	0,03088	0,02846	0,03055	0,02858	0,02768	0,02713	0,02726	0,02592	0,02699	0,02442	0,02442
0,02456	0,02410	0,02800	0,02503	0,02431	0,02614	0,02497	0,02800	0,02493	0,02757	0,02533	0,02472	0,02368	0,02750	0,02750	0,02542	0,02593	0,02626	0,02750	0,02954	0,02975	0,02768	0,02810	0,03162	0,02915	0,03004	0,03028	0,03272	0,03243	0,03164	0,03092	0,03103	0,02983	0,02798	0,02584	0,02602	0,02582	0,02781	0,02605	0,02596	0,02631	0,02671	0,02729	0,02863	0,02748	0,02761	0,02745	0,02720	0,02662	0,02442	0,02442
0,02543	0,02489	0,02697	0,02497	0,02632	0,02420	0,02432	0,02497	0,02861	0,02659	0,02716	0,02730	0,02453	0,02391	0,02737	0,02550	0,02919	0,02839	0,02954	0,02769	0,02949	0,03142	0,03014	0,03049	0,03405	0,03214	0,03162	0,03217	0,03138	0,03050	0,03143	0,02861	0,02766	0,02679	0,02949	0,02698	0,02513	0,02472	0,02554	0,02441	0,02536	0,02605	0,02656	0,02653	0,02733	0,02725	0,02993	0,02699	0,02655	0,02442	0,02442
0,02409	0,02447	0,02403	0,02743	0,02775	0,02399	0,02379	0,02478	0,02517	0,02523	0,02480	0,02446	0,02476	0,02745	0,02519	0,02846	0,02774	0,02594	0,02984	0,02841	0,02879	0,03138	0,03042	0,03378	0,03220	0,03449	0,03549	0,03285	0,03481	0,03283	0,03097	0,03077	0,02902	0,02909	0,02721	0,02804	0,02595	0,02566	0,02711	0,02767	0,02458	0,02470	0,02443	0,02637	0,02587	0,02724	0,02658	0,02670	0,02754	0,02442	0,02442
0,02497	0,02501	0,02388	0,02724	0,02571	0,02474	0,02606	0,02485	0,02529	0,02729	0,02491	0,02831	0,02717	0,02425	0,02800	0,02596	0,02804	0,02616	0,02710	0,02748	0,03058	0,03081	0,03204	0,02998	0,03126	0,03125	0,03224	0,03132	0,03553	0,03504	0,03167	0,03032	0,02971	0,03196	0,02768	0,02872	0,02821	0,02609	0,02833	0,02503	0,02807	0,02715	0,02631	0,02389	0,02696	0,02678	0,02661	0,02727	0,02658	0,02442	0,02442
0,02430	0,02592	0,02622	0,02623	0,02523	0,02392	0,02819	0,02759	0,02745	0,02641	0,02691	0,02635	0,02825	0,02662	0,02866	0,02829	0,02625	0,02831	0,02655	0,02688	0,02783	0,02793	0,02801	0,03143	0,02972	0,02902	0,02925	0,03053	0,03051	0,03283	0,03073	0,03289	0,02946	0,02918	0,02801	0,03120	0,02854	0,02885	0,02795	0,02524	0,02522	0,02634	0,02444	0,02736	0,02628	0,02392	0,02442	0,02501	0,02510	0,02442	0,02442
0,02604	0,02515	0,02751	0,02749	0,02570	0,02535	0,02587	0,02541	0,02650	0,02910	0,02789	0,02760	0,02742	0,02826	0,02501	0,02587	0,02770	0,02709	0,03007	0,02938	0,02889	0,02797	0,02701	0,02997	0,02760	0,02768	0,02752	0,02796	0,03047	0,02844	0,03256	0,03130	0,03179	0,02834	0,02805	0,02984	0,02681	0,02709	0,02622	0,02668	0,02738	0,02595	0,02503	0,02579	0,02388	0,02337	0,02450	0,02645	0,02724	0,02442	0,02442
0,02438	0,02392	0,02515	0,02403	0,02470	0,02568	0,02579	0,02602	0,02886	0,02692	0,02672	0,02601	0,02511	0,02598	0,02892	0,02719	0,02798	0,02829	0,02941	0,03069	0,03060	0,03086	0,03142	0,03117	0,03041	0,03097	0,02770	0,02703	0,02820	0,02799	0,02855	0,02777	0,03023	0,02855	0,02830	0,02759	0,02682	0,03006	0,02641	0,02691	0,02669	0,02834	0,02550	0,02663	0,02420	0,02433	0,02443	0,02425	0,02419	0,02442	0,02442
0,02527	0,02399	0,02394	0,02421	0,02538	0,02732	0,02605	0,02986	0,02669	0,02662	0,02699	0,02687	0,02754	0,02956	0,02946	0,02816	0,03232	0,03001	0,03055	0,03245	0,03319	0,03202	0,03301	0,02977	0,02990	0,03147	0,03277	0,03274	0,03038	0,03091	0,03050	0,02860	0,02913	0,02805	0,02728	0,02838	0,02811	0,02960	0,02654	0,02691	0,02634	0,02613	0,02505	0,02480	0,02600	0,02488	0,02607	0,02342	0,02407	0,02442	0,02442
0,02483	0,02416	0,02641	0,02365	0,02794	0,02517	0,02918	0,02708	0,02725	0,02663	0,02688	0,02735	0,02631	0,02763	0,02731	0,02817	0,02946	0,03082	0,03234	0,03406	0,03571	0,03246	0,03418	0,03427	0,03539	0,03605	0,03616	0,03311	0,03386	0,03324	0,03105	0,03049	0,02921	0,02849	0,02828	0,02825	0,02670	0,02669	0,02750	0,02973	0,02590	0,02598	0,02571	0,02845	0,02717	0,02483	0,02491	0,02515	0,02646	0,02496	0,02442
0,02425	0,02587	0,02747	0,02525	0,02484	0,02514	0,02559	0,02968	0,02718	0,02775	0,02723	0,02695	0,02689	0,02680	0,02709	0,02919	0,03128	0,03253	0,03304	0,03643	0,03637	0,03606	0,03917	0,03738	0,03775	0,03838	0,04008	0,03750	0,03767	0,03755	0,03585	0,03715	0,03177	0,03396	0,03001	0,02873	0,02786	0,02980	0,02995	0,02713	0,02594	0,02973	0,02609	0,02625	0,02623	0,02552	0,02490	0,02521	0,02509	0,02487	0,02442
0,02340	0,02354	0,02602	0,02667	0,02422	0,02592	0,02702	0,02578	0,02873	0,02705	0,02726	0,02823	0,02673	0,02694	0,02629	0,02970	0,03094	0,02890	0,03341	0,03632	0,03673	0,03579	0,03770	0,04090	0,04172	0,04099	0,04084	0,04374	0,03936	0,03804	0,03879	0,03545	0,03709	0,03313	0,03482	0,03077	0,03036	0,03161	0,02946	0,02760	0,02671	0,02911	0,02579	0,02636	0,02752	0,02802	0,02718	0,02529	0,02488	0,02474	0,02442
0,02723	0,02521	0,02658	0,02346	0,02740	0,02418	0,02408	0,02508	0,02770	0,02935	0,02810	0,02629	0,02911	0,02657	0,02588	0,02938	0,02722	0,03096	0,02955	0,03099	0,03510	0,03476	0,03671	0,03949	0,04086	0,04189	0,04361	0,04109	0,04234	0,04238	0,03829	0,03692	0,03588	0,03643	0,03487	0,03238	0,02968	0,03237	0,02820	0,02963	0,02990	0,02708	0,02939	0,02648	0,02665	0,02778	0,02640	0,02507	0,02776	0,02389	0,02442
0,02388	0,02445	0,02425	0,02642	0,02442	0,02438	0,02622	0,02458	0,02602	0,02774	0,02635	0,02611	0,02609	0,02604	0,02843	0,02581	0,02942	0,02707	0,02878	0,03084	0,03187	0,03396	0,03584	0,03687	0,03873	0,03867	0,04230	0,04190	0,03922	0,03958	0,03856	0,03958	0,03915	0,03412	0,03224	0,03113	0,02968	0,02955	0,02921	0,02867	0,02842	0,03020	0,03037	0,02725	0,02992	0,02646	0,02531	0,02502	0,02621	0,02467	0,02442
0,02737	0,02749	0,02572	0,02569	0,02415	0,02375	0,02493	0,02444	0,02505	0,02605	0,02634	0,02553	0,02515	0,02527	0,02553	0,02597	0,02656	0,02940	0,02984	0,02794	0,02846	0,03306	0,03463	0,03500	0,03540	0,03833	0,03992	0,03686	0,03738	0,03785	0,03706	0,03708	0,03468	0,03261	0,03420	0,03283	0,03007	0,02920	0,02875	0,02876	0,02837	0,02794	0,02674	0,03006	0,02703	0,02691	0,02908	0,02741	0,02537	0,02507	0,02442
0,02565	0,02485	0,02458	0,02377	0,02459	0,02635	0,02513	0,02375	0,02403	0,02720	0,02761	0,02517	0,02512	0,02700	0,02499	0,02632	0,02920	0,02948	0,02674	0,03071	0,02840	0,03017	0,03206	0,03063	0,03216	0,03405	0,03450	0,03372	0,03670	0,03357	0,03573	0,03394	0,03560	0,03181	0,03218	0,03001	0,02874	0,03104	0,02926	0,02747	0,03089	0,02779	0,02826	0,03065	0,02657	0,02622	0,02630	0,02579	0,02685	0,02454	0,02442
0,02531	0,02434	0,02489	0,02703	0,02671	0,02513	0,02450	0,02550	0,02468	0,02419	0,02410	0,02428	0,02447	0,02493	0,02617	0,02608	0,02719	0,02680	0,02932	0,02831	0,03202	0,02795	0,03136	0,02864	0,03118	0,03162	0,03170	0,02976	0,03055	0,03201	0,03216	0,03243	0,03205	0,03402	0,03356	0,03043	0,03163	0,02802	0,02723	0,02734	0,02844	0,02684	0,02754	0,02970	0,02764	0,02690	0,02733	0,02886	0,02544	0,02520	0,02442
0,02506	0,02698	0,02629	0,02522	0,02832	0,02863	0,02692	0,02537	0,02766	0,02568	0,02718	0,02504	0,02449	0,02692	0,02580	0,02654	0,02838	0,03012	0,02792	0,02996	0,02859	0,02781	0,03160	0,02822	0,02953	0,02849	0,02727	0,02928	0,03220	0,02873	0,03014	0,03375	0,02995	0,03192	0,03133	0,02995	0,03132	0,02831	0,02679	0,02743	0,02717	0,02679	0,03083	0,02722	0,02665	0,02935	0,02874	0,02834	0,02681	0,02452	0,02442
0,02827	0,02721	0,02700	0,02525	0,02683	0,02685	0,02470	0,02540	0,02465	0,02510	0,02451	0,02553	0,02685	0,02508	0,02608	0,02971	0,02700	0,02795	0,02856	0,02967	0,03095	0,03060	0,03171	0,02781	0,02944	0,02776	0,02761	0,02767	0,03103	0,03089	0,02858	0,02927	0,03328	0,03114	0,03099	0,03146	0,03089	0,03173	0,02946	0,02868	0,02864	0,02784	0,02736	0,02658	0,02689	0,02652	0,02879	0,02623	0,02518	0,02524	0,02442
0,02479	0,02596	0,02489	0,02602	0,02576	0,02752	0,02743	0,02518	0,02646	0,02436	0,02730	0,02769	0,02445	0,02515	0,02522	0,02604	0,03042	0,02931	0,02918	0,02890	0,02947	0,02923	0,02905	0,02916	0,02904	0,02871	0,03111	0,02857	0,03062	0,02864	0,02936	0,02939	0,02994	0,02999	0,03011	0,03052	0,02997	0,02958	0,03106	0,02963	0,03067	0,02597	0,02832	0,02688	0,02823	0,02692	0,02626	0,02581	0,02554	0,02574	0,02442
0,02716	0,02630	0,02562	0,02602	0,02623	0,02684	0,02658	0,02929	0,02501	0,02637	0,02532	0,02778	0,02547	0,02562	0,02766	0,02658	0,02730	0,02810	0,02934	0,02839	0,02914	0,03132	0,03359	0,03106	0,02916	0,02960	0,03279	0,02879	0,03007	0,02960	0,03185	0,03205	0,03091	0,02893	0,03340	0,03020	0,03230	0,02967	0,03099	0,03055	0,02772	0,02672	0,02653	0,02882	0,02605	0,02926	0,02572	0,02925	0,02757	0,02592	0,02442
0,02539	0,02582	0,02675	0,02742	0,02866	0,02984	0,02593	0,02814	0,02510	0,02705	0,02515	0,02493	0,02444	0,02500	0,02553	0,02689	0,02995	0,02796	0,02791	0,02962	0,03116	0,03242	0,03228	0,02986	0,03237	0,03078	0,03177	0,03062	0,03050	0,03367	0,03380	0,02978	0,03303	0,03178	0,03287	0,03370	0,03040	0,03083	0,03043	0,02893	0,02877	0,02690	0,02725	0,02667	0,02725	0,02594	0,02644	0,02582	0,02513	0,02558	0,02442
0,02519	0,02871	0,02610	0,02752	0,02695	0,02640	0,02653	0,02810	0,02584	0,02456	0,02525	0,02589	0,02584	0,02554	0,02692	0,02683	0,02714	0,02702	0,02859	0,02969	0,02913	0,03236	0,02968	0,03038	0,03078	0,03031	0,03141	0,03273	0,03358	0,03121	0,03318	0,03018	0,02992	0,03213	0,03243	0,03024	0,03327	0,03057	0,03107	0,02909	0,03237	0,02787	0,02714	0,02721	0,02654	0,02770	0,02571	0,02616	0,02503	0,02552	0,02442
0,02580	0,02847	0,02792	0,02655	0,02687	0,02667	0,02645	0,02559	0,02521	0,02527	0,02822	0,02462	0,02505	0,02544	0,02655	0,02999	0,02728	0,02894	0,02982	0,03226	0,03288	0,03019	0,03041	0,03324	0,03046	0,03093	0,03147	0,03360	0,03400	0,03383	0,03374	0,03060	0,03097	0,02985	0,03227	0,02963	0,03036	0,03128	0,03098	0,03009	0,02903	0,03117	0,02677	0,02773	0,02653	0,02735	0,02943	0,02660	0,02812	0,02531	0,02442
0,02546	0,02598	0,02574	0,02665	0,02701	0,02762	0,02652	0,02559	0,02837	0,02820	0,02532	0,02613	0,02552	0,02868	0,02710	0,02688	0,02820	0,02831	0,02796	0,02862	0,03039	0,03202	0,02915	0,03031	0,03244	0,03177	0,03147	0,03245	0,03219	0,03499	0,03445	0,03114	0,03024	0,03366	0,02930	0,03272	0,02947	0,03021	0,03107	0,02900	0,03183	0,02807	0,02734	0,02996	0,02857	0,02537	0,02830	0,02601	0,02503	0,02672	0,02442
0,02514	0,02618	0,02878	0,02666	0,02623	0,02596	0,02808	0,02479	0,02544	0,02886	0,02625	0,02488	0,02611	0,02624	0,02956	0,03103	0,02859	0,02883	0,02910	0,03110	0,02973	0,03035	0,03041	0,03168	0,03174	0,03431	0,03318	0,03356	0,03375	0,03545	0,03297	0,03565	0,03248	0,03020	0,03017	0,02961	0,02867	0,03230	0,03053	0,03109	0,02853	0,02827	0,02790	0,02694	0,02719	0,02582	0,02759	0,02604	0,02467	0,02438	0,02442
0,02554	0,02696	0,02569	0,02982	0,02585	0,02842	0,02621	0,02515	0,02503	0,02526	0,02494	0,02562	0,02821	0,02720	0,02723	0,03062	0,02844	0,03018	0,03006	0,02994	0,02944	0,03047	0,03383	0,03223	0,03439	0,03645	0,03492	0,03539	0,03793	0,03562	0,03487	0,03649	0,03498	0,03176	0,03037	0,03322	0,03147	0,03237	0,03272	0,02943	0,02844	0,02956	0,03084	0,02837	0,02900	0,02580	0,02613	0,02486	0,02642	0,02757	0,02442
0,02712	0,02614	0,02635	0,02645	0,02852	0,02774	0,02511	0,02746	0,02652	0,02568	0,02878	0,02617	0,02626	0,03077	0,03088	0,02775	0,02850	0,02915	0,03013	0,03108	0,03082	0,02998	0,03418	0,03190	0,03465	0,03533	0,03732	0,03735	0,03836	0,03726	0,03629	0,03593	0,03776	0,03352	0,03550	0,03078	0,03043	0,03257	0,03053	0,03196	0,02866	0,02769	0,02843	0,02644	0,02591	0,02878	0,02546	0,02483	0,02461	0,02479	0,02442
0,02595	0,02505	0,02908	0,02675	0,02548	0,02520	0,02698	0,02473	0,02573	0,02898	0,02577	0,02898	0,02851	0,02729	0,02776	0,03218	0,02916	0,02948	0,02956	0,03050	0,03054	0,03158	0,03197	0,03292	0,03558	0,03527	0,03714	0,03976	0,03833	0,04105	0,03780	0,03885	0,03711	0,03567	0,03390	0,03525	0,03185	0,03135	0,02901	0,03047	0,03046	0,02681	0,02889	0,02585	0,02699	0,02492	0,02439	0,02503	0,02613	0,02402	0,02442
0,02641	0,02863	0,02817	0,02586	0,02543	0,02540	0,02565	0,02763	0,02534	0,02564	0,02556	0,02951	0,02717	0,02952	0,03067	0,02905	0,02959	0,02935	0,02947	0,03055	0,03365	0,03416	0,03345	0,03630	0,03441	0,03535	0,03855	0,03817	0,04154	0,04078	0,04124	0,03904	0,03924	0,03899	0,03564	0,03572	0,03561	0,03085	0,03237	0,02922	0,03018	0,02708	0,02909	0,02560	0,02475	0,02520	0,02407	0,02777	0,02660	0,02464	0,02442
0,02659	0,02675	0,02689	0,02808	0,02704	0,02744	0,02423	0,02593	0,02492	0,02582	0,02771	0,02644	0,02678	0,02837	0,02882	0,03146	0,02954	0,03123	0,02883	0,03229	0,03009	0,03328	0,03089	0,03529	0,03430	0,03417	0,03726	0,03709	0,04090	0,03819	0,03953	0,04015	0,03960	0,03810	0,04077	0,03510	0,03726	0,03212	0,03024	0,02908	0,02769	0,02725	0,02639	0,02556	0,02416	0,02457	0,02711	0,02702	0,02398	0,02405	0,02442
0,02623	0,02673	0,02702	0,02600	0,02518	0,02772	0,02592	0,02720	0,02507	0,02771	0,02766	0,02725	0,02993	0,02744	0,03202	0,02963	0,02943	0,02901	0,02929	0,03065	0,03175	0,03356	0,03104	0,03240	0,03334	0,03658	0,03503	0,03812	0,03542	0,03685	0,03796	0,03969	0,04174	0,03887	0,04039	0,03820	0,03499	0,03325	0,03398	0,02921	0,02998	0,02612	0,02583	0,02569	0,02794	0,02564	0,02433	0,02635	0,02440	0,02402	0,02442
0,02926	0,02648	0,02649	0,02632	0,02868	0,02504	0,02396	0,02412	0,02750	0,02464	0,02529	0,02608	0,02727	0,02751	0,03088	0,03154	0,02954	0,03071	0,02988	0,02907	0,02841	0,03001	0,03067	0,03065	0,03091	0,03388	0,03342	0,03436	0,03387	0,03815	0,03848	0,04001	0,04082	0,04187	0,03943	0,03768	0,03638	0,03383	0,03224	0,03040	0,02820	0,02795	0,02623	0,02838	0,02722	0,02683	0,02412	0,02407	0,02679	0,02466	0,02442
0,02711	0,02598	0,02689	0,02603	0,02531	0,02674	0,02563	0,02424	0,02804	0,02505	0,02608	0,02898	0,02789	0,02842	0,02848	0,02973	0,02997	0,02800	0,02950	0,02903	0,02914	0,02883	0,03130	0,02908	0,03178	0,03012	0,02990	0,03209	0,03128	0,03248	0,03900	0,03698	0,04057	0,04172	0,04180	0,03728	0,03641	0,03520	0,03308	0,03082	0,02886	0,02985	0,02839	0,02868	0,02538	0,02434	0,02457	0,02654	0,02389	0,02426	0,02442
0,02617	0,02746	0,02666	0,02503	0,02560	0,02651	0,02746	0,02467	0,02744	0,02838	0,02568	0,02675	0,02762	0,02778	0,03085	0,02814	0,02857	0,02757	0,02885	0,02820	0,03011	0,02853	0,02980	0,03046	0,03142	0,03115	0,02901	0,03229	0,02969	0,03341	0,03323	0,03766	0,03712	0,04191	0,03973	0,04124	0,03781	0,03472	0,03357	0,03433	0,02846	0,02669	0,02934	0,02762	0,02719	0,02781	0,02503	0,02498	0,02767	0,02388	0,02442
0,02867	0,02533	0,02946	0,02613	0,02618	0,02696	0,02565	0,02556	0,02451	0,02496	0,02822	0,02960	0,02684	0,02930	0,02795	0,03087	0,03058	0,02806	0,02802	0,02741	0,02718	0,03081	0,02781	0,02815	0,02977	0,02792	0,02848	0,03059	0,03135	0,03027	0,03206	0,03471	0,03656	0,03718	0,03826	0,03980	0,03701	0,03604	0,03349	0,03364	0,03256	0,02877	0,02661	0,02640	0,02879	0,02535	0,02703	0,02775	0,02594	0,02710	0,02442
0,02510	0,02512	0,02628	0,02540	0,02458	0,02429	0,02446	0,02687	0,02434	0,02684	0,02538	0,02934	0,02615	0,02658	0,02881	0,02677	0,02877	0,02934	0,02858	0,02755	0,02823	0,02683	0,03028	0,02940	0,03078	0,02762	0,03076	0,02774	0,02824	0,02982	0,03540	0,03683	0,03687	0,03958	0,03746	0,04000	0,03806	0,03541	0,03477	0,03477	0,02993	0,02848	0,03035	0,02634	0,02583	0,02880	0,02526	0,02505	0,02579	0,02504	0,02442
0,02450	0,02571	0,02700	0,02436	0,02616	0,02522	0,02370	0,02405	0,02446	0,02548	0,02817	0,02804	0,02953	0,02575	0,02661	0,02683	0,02758	0,02717	0,02764	0,02815	0,02808	0,02763	0,02910	0,02915	0,02792	0,02879	0,02825	0,02802	0,03174	0,03050	0,03254	0,03433	0,03607	0,03610	0,03966	0,03758	0,03727	0,03528	0,03420	0,03257	0,03371	0,02809	0,02949	0,02668	0,02842	0,02542	0,02519	0,02541	0,02812	0,02487	0,02442
0,02769	0,02400	0,02836	0,02583	0,02433	0,02458	0,02706	0,02504	0,02510	0,02450	0,02535	0,02820	0,02616	0,02734	0,02855	0,02717	0,02734	0,02747	0,02760	0,02812	0,02733	0,02845	0,02850	0,02870	0,02965	0,02903	0,02886	0,03180	0,02962	0,03115	0,03246	0,03420	0,03795	0,03909	0,03803	0,03827	0,03661	0,03414	0,03672	0,03184	0,03025	0,03215	0,02779	0,03034	0,02999	0,02751	0,02523	0,02507	0,02549	0,02456	0,02442
0,02469	0,02761	0,02436	0,02617	0,02702	0,02450	0,02465	0,02401	0,02446	0,02495	0,02690	0,02898	0,02629	0,02730	0,02657	0,03036	0,02746	0,02774	0,02690	0,02808	0,02838	0,02936	0,03079	0,02963	0,03170	0,02940	0,02907	0,02951	0,02909	0,03037	0,03171	0,03443	0,03444	0,03613	0,03964	0,03529	0,03949	0,03558	0,03488	0,03252	0,03113	0,03054	0,02853	0,03086	0,02889	0,02555	0,02566	0,02878	0,02600	0,02489	0,02442
0,02431	0,02711	0,02585	0,02378	0,02742	0,02773	0,02794	0,02751	0,02476	0,02581	0,02549	0,02549	0,02784	0,02890	0,02565	0,02684	0,02958	0,02949	0,02758	0,02829	0,02860	0,03218	0,03131	0,02950	0,03177	0,03287	0,03063	0,02989	0,03313	0,03062	0,03137	0,03340	0,03348	0,03717	0,03544	0,03570	0,03597	0,03580	0,03471	0,03397	0,03148	0,02950	0,03068	0,02932	0,02986	0,02646	0,02846	0,02751	0,02799	0,02596	0,02442
0,02470	0,02416	0,02412	0,02637	0,02480	0,02653	0,02486	0,02501	0,02762	0,02761	0,02797	0,02488	0,02850	0,02513	0,02631	0,02650	0,02656	0,03050	0,02729	0,03043	0,03241	0,03226	0,03210	0,03007	0,03261	0,03329	0,03267	0,03225	0,03151	0,03040	0,03137	0,03332	0,03366	0,03764	0,03517	0,03532	0,03563	0,03490	0,03378	0,03413	0,03471	0,03096	0,03184	0,03031	0,02907	0,02758	0,02637	0,02950	0,02639	0,02897	0,02442
0,02354	0,02445	0,02404	0,02472	0,02620	0,02484	0,02448	0,02444	0,02436	0,02464	0,02503	0,02802	0,02621	0,02546	0,02896	0,02699	0,02700	0,02725	0,02797	0,02761	0,03191	0,02957	0,03152	0,03296	0,03026	0,02936	0,02925	0,02886	0,02924	0,03100	0,03139	0,03168	0,03326	0,03413	0,03487	0,03565	0,03550	0,03826	0,03690	0,03387	0,03432	0,03163	0,03348	0,03134	0,03080	0,02756	0,03013	0,02632	0,02631	0,02690	0,02442
0,02484	0,02415	0,02451	0,02516	0,02704	0,02422	0,02721	0,02450	0,02668	0,02494	0,02468	0,02440	0,02457	0,02696	0,02511	0,02667	0,02659	0,02685	0,02723	0,02711	0,02850	0,02921	0,02974	0,03021	0,02959	0,02920	0,02901	0,02861	0,03191	0,02988	0,03430	0,03397	0,03356	0,03337	0,03368	0,03757	0,03823	0,03567	0,03656	0,03408	0,03579	0,03258	0,03383	0,03098	0,03185	0,02766	0,02756	0,02706	0,02759	0,02871	0,02442
0,02370	0,02712	0,02363	0,02450	0,02389	0,02463	0,02644	0,02697	0,02640	0,02804	0,02462	0,02429	0,02464	0,02454	0,02635	0,02896	0,02841	0,02923	0,02610	0,02724	0,02739	0,02861	0,03043	0,02854	0,02928	0,03182	0,02883	0,02907	0,02931	0,02973	0,03154	0,03211	0,03284	0,03262	0,03321	0,03674	0,03453	0,03687	0,03380	0,03413	0,03522	0,03237	0,03411	0,03037	0,03018	0,02953	0,02756	0,02990	0,02864	0,02862	0,02442
0,02670	0,02414	0,02743	0,02415	0,02461	0,02462	0,02449	0,02551	0,02424	0,02706	0,02367	0,02464	0,02429	0,02773	0,02436	0,02531	0,02636	0,02775	0,02585	0,02613	0,02708	0,02923	0,02909	0,03042	0,03054	0,02768	0,02874	0,02828	0,02917	0,02922	0,03177	0,03499	0,03281	0,03248	0,03427	0,03665	0,03605	0,03327	0,03395	0,03533	0,03283	0,03213	0,03319	0,03090	0,02872	0,02876	0,02828	0,02839	0,02912	0,02646	0,02442
