19,00000	19,24000	19,48000	19,72000	19,96000	20,20000	20,44000	20,68000	20,92000	21,16000	21,40000	21,64000	21,88000	22,12000	22,36000	22,60000	22,84000	23,08000	23,32000	23,56000	23,80000	24,04000	24,28000	24,52000	24,76000	25,00000	25,24000	25,48000	25,72000	25,96000	26,20000	26,44000	26,68000	26,92000	27,16000	27,40000	27,64000	27,88000	28,12000	28,36000	28,60000	28,84000	29,08000	29,32000	29,56000	29,80000	30,04000	30,28000	30,52000	30,76000	31,00000
19,00000	19,24000	19,48000	19,72000	19,96000	20,20000	20,44000	20,68000	20,92000	21,16000	21,40000	21,64000	21,88000	22,12000	22,36000	22,60000	22,84000	23,08000	23,32000	23,56000	23,80000	24,04000	24,28000	24,52000	24,76000	25,00000	25,24000	25,48000	25,72000	25,96000	26,20000	26,44000	26,68000	26,92000	27,16000	27,40000	27,64000	27,88000	28,12000	28,36000	28,60000	28,84000	29,08000	29,32000	29,56000	29,80000	30,04000	30,28000	30,52000	30,76000	31,00000
0,02506	0,02365	0,02363	0,02637	0,02426	0,02446	0,02491	0,02478	0,02459	0,02621	0,02397	0,02541	0,02471	0,02396	0,02373	0,02837	0,02390	0,02787	0,02422	0,02437	0,02597	0,02447	0,02467	0,02486	0,02477	0,02541	0,02701	0,02562	0,02388	0,02608	0,02447	0,02478	0,02682	0,02767	0,02493	0,02547	0,02434	0,02789	0,02496	0,02479	0,02412	0,02510	0,02416	0,02595	0,02528	0,02383	0,02524	0,02689	0,02505	0,02510	0,02520
0,02688	0,02392	0,02407	0,02726	0,02414	0,02800	0,02449	0,02359	0,02485	0,02423	0,02466	0,02678	0,02469	0,02441	0,02604	0,02353	0,02489	0,02518	0,02427	0,02369	0,02848	0,02445	0,02492	0,02779	0,02490	0,02722	0,02405	0,02383	0,02329	0,02434	0,02379	0,02548	0,02786	0,02767	0,02752	0,02482	0,02386	0,02841	0,02673	0,02409	0,02465	0,02677	0,02383	0,02468	0,02892	0,02351	0,02601	0,02513	0,02476	0,02466	0,02838
0,02771	0,02440	0,02579	0,02383	0,02412	0,02515	0,02385	0,02411	0,02430	0,02400	0,02556	0,02567	0,02372	0,02569	0,02396	0,02789	0,02345	0,02371	0,02475	0,02392	0,02389	0,02440	0,02430	0,02537	0,02360	0,02716	0,02500	0,02470	0,02471	0,02630	0,02924	0,02624	0,02528	0,02720	0,02518	0,02494	0,02516	0,02392	0,02406	0,02608	0,02855	0,02707	0,02484	0,02423	0,02437	0,02538	0,02635	0,02645	0,02405	0,02582	0,02500
0,02402	0,02457	0,02404	0,02773	0,02499	0,02410	0,02494	0,02484	0,02398	0,02584	0,02493	0,02362	0,02366	0,02373	0,02457	0,02724	0,02818	0,02612	0,02512	0,02694	0,02657	0,02859	0,02443	0,02842	0,02465	0,02357	0,02420	0,02397	0,02419	0,02731	0,02505	0,02527	0,02515	0,02348	0,02437	0,02539	0,02483	0,02504	0,02441	0,02431	0,02427	0,02416	0,02409	0,02580	0,02551	0,02696	0,02675	0,02416	0,02838	0,02420	0,02734
0,02724	0,02472	0,02465	0,02439	0,02420	0,02822	0,02484	0,02583	0,02359	0,02396	0,02522	0,02384	0,02409	0,02451	0,02506	0,02439	0,02434	0,02495	0,02842	0,02471	0,02394	0,02506	0,02504	0,02409	0,02566	0,02474	0,02447	0,02436	0,02833	0,02480	0,02468	0,02466	0,02842	0,02505	0,02797	0,02728	0,02694	0,02452	0,02580	0,02654	0,02641	0,02548	0,02506	0,02386	0,02409	0,02829	0,02423	0,02567	0,02574	0,02535	0,02473
0,02597	0,02615	0,02459	0,02405	0,02702	0,02353	0,02434	0,02682	0,02459	0,02653	0,02410	0,02535	0,02385	0,02406	0,02708	0,02415	0,02779	0,02601	0,02381	0,02546	0,02588	0,02715	0,02465	0,02651	0,02524	0,02417	0,02316	0,02365	0,02622	0,02784	0,02475	0,02456	0,02621	0,02466	0,02408	0,02561	0,02795	0,02831	0,02513	0,02407	0,02752	0,02678	0,02730	0,02472	0,02463	0,02545	0,02555	0,02396	0,02612	0,02831	0,02478
0,02354	0,02400	0,02795	0,02561	0,02480	0,02439	0,02503	0,02492	0,02311	0,02654	0,02464	0,02567	0,02387	0,02541	0,02501	0,02803	0,02354	0,02439	0,02468	0,02583	0,02477	0,02464	0,02394	0,02780	0,02728	0,02690	0,02499	0,02417	0,02650	0,02795	0,02526	0,02410	0,02449	0,02781	0,02431	0,02561	0,02642	0,02604	0,02363	0,02869	0,02476	0,02402	0,02523	0,02502	0,02480	0,02568	0,02381	0,02441	0,02600	0,02581	0,02541
0,02765	0,02393	0,02387	0,02428	0,02823	0,02522	0,02378	0,02433	0,02514	0,02445	0,02649	0,02442	0,02372	0,02471	0,02302	0,02381	0,02428	0,02455	0,02416	0,02441	0,02438	0,02360	0,02435	0,02630	0,02669	0,02466	0,02576	0,02431	0,02519	0,02435	0,02744	0,02506	0,02491	0,02537	0,02480	0,02460	0,02480	0,02482	0,02483	0,02711	0,02345	0,02528	0,02411	0,02729	0,02501	0,02776	0,02515	0,02500	0,02593	0,02522	0,02374
0,02379	0,02461	0,02606	0,02640	0,02676	0,02470	0,02894	0,02723	0,02481	0,02408	0,02423	0,02386	0,02359	0,02465	0,02437	0,02508	0,02430	0,02515	0,02462	0,02405	0,02665	0,02586	0,02531	0,02452	0,02520	0,02419	0,02671	0,02508	0,02366	0,02480	0,02493	0,02520	0,02494	0,02957	0,02497	0,02435	0,02721	0,02382	0,02369	0,02608	0,02452	0,02353	0,02499	0,02520	0,02693	0,02690	0,02855	0,02470	0,02513	0,02466	0,02349
0,02650	0,02448	0,02780	0,02431	0,02386	0,02523	0,02766	0,02429	0,02638	0,02397	0,02443	0,02600	0,02449	0,02513	0,02404	0,02419	0,02403	0,02628	0,02459	0,02440	0,02712	0,02755	0,02439	0,02668	0,02454	0,02434	0,02711	0,02429	0,02831	0,02387	0,02531	0,02546	0,02560	0,02467	0,02697	0,02870	0,02847	0,02553	0,02440	0,02589	0,02473	0,02468	0,02491	0,02513	0,02334	0,02584	0,02794	0,02515	0,02761	0,02474	0,02448
0,02424	0,02344	0,02502	0,02792	0,02502	0,02792	0,02600	0,02462	0,02429	0,02462	0,02401	0,02534	0,02331	0,02435	0,02856	0,02430	0,02597	0,02440	0,02679	0,02518	0,02472	0,02568	0,02477	0,02388	0,02506	0,02517	0,02803	0,02674	0,02526	0,02777	0,02952	0,02568	0,02908	0,02889	0,02424	0,02535	0,02474	0,02495	0,02464	0,02444	0,02621	0,02718	0,02482	0,02478	0,02552	0,02425	0,02418	0,02411	0,02431	0,02714	0,02543
0,02689	0,02434	0,02391	0,02713	0,02596	0,02845	0,02508	0,02494	0,02371	0,02469	0,02321	0,02645	0,02428	0,02385	0,02713	0,02388	0,02706	0,02479	0,02376	0,02482	0,02476	0,02436	0,02722	0,02554	0,02523	0,02532	0,02546	0,02684	0,02499	0,02694	0,02606	0,02682	0,02857	0,02448	0,02376	0,02537	0,02423	0,02513	0,02469	0,02753	0,02565	0,02547	0,02711	0,02488	0,02847	0,02483	0,02478	0,02476	0,02487	0,02588	0,02462
0,02393	0,02473	0,02880	0,02542	0,02374	0,02933	0,02366	0,02361	0,02716	0,02671	0,02508	0,02544	0,02543	0,02472	0,02769	0,02593	0,02538	0,02650	0,02397	0,02848	0,02388	0,02705	0,02583	0,02831	0,02809	0,02540	0,02973	0,02613	0,02655	0,02589	0,02771	0,02600	0,02551	0,02502	0,02779	0,02514	0,02639	0,02529	0,02509	0,02936	0,02496	0,02760	0,02807	0,02541	0,02477	0,02646	0,02831	0,02523	0,02757	0,02460	0,02505
0,02469	0,02796	0,02440	0,02414	0,02500	0,02575	0,02856	0,02469	0,02565	0,02650	0,02552	0,02677	0,02430	0,02367	0,02397	0,02394	0,02487	0,02434	0,02749	0,02393	0,02550	0,02851	0,02688	0,02656	0,02692	0,02768	0,02736	0,02757	0,02689	0,02700	0,02740	0,02969	0,02617	0,02602	0,02572	0,02539	0,02450	0,02464	0,02435	0,02686	0,02419	0,02418	0,02418	0,02364	0,02503	0,02388	0,02472	0,02497	0,02557	0,02532	0,02502
0,02534	0,02585	0,02452	0,02515	0,02481	0,02467	0,02396	0,02667	0,02572	0,02446	0,02531	0,02364	0,02668	0,02540	0,02540	0,02513	0,02384	0,02670	0,02403	0,02715	0,03002	0,02713	0,02985	0,02794	0,03033	0,02765	0,02656	0,02628	0,02587	0,02521	0,02687	0,02705	0,02679	0,02517	0,02496	0,02437	0,02426	0,02519	0,02476	0,02534	0,02430	0,02397	0,02829	0,02589	0,02812	0,02647	0,02519	0,02449	0,02526	0,02886	0,02810
0,02400	0,02470	0,02370	0,02478	0,02792	0,02442	0,02483	0,02644	0,02652	0,02471	0,02579	0,02554	0,02454	0,02482	0,02681	0,02441	0,02499	0,02469	0,02527	0,02714	0,02838	0,03269	0,03060	0,03187	0,02982	0,03044	0,03232	0,02919	0,02819	0,02805	0,02917	0,03003	0,02509	0,02883	0,02525	0,02513	0,02376	0,02482	0,02584	0,02365	0,02494	0,02547	0,02443	0,02463	0,02632	0,02774	0,02858	0,02463	0,02382	0,02733	0,02488
0,02653	0,02418	0,02540	0,02699	0,02366	0,02789	0,02442	0,02522	0,02768	0,02692	0,02394	0,02448	0,02583	0,02349	0,02343	0,02814	0,02449	0,02581	0,02754	0,02935	0,03088	0,03384	0,03117	0,03153	0,03465	0,02956	0,03015	0,02890	0,03039	0,03273	0,02896	0,02852	0,03026	0,02799	0,02848	0,02578	0,02716	0,02454	0,02846	0,02565	0,02497	0,02477	0,02658	0,02373	0,02752	0,02360	0,02574	0,02441	0,02630	0,02467	0,02451
0,02542	0,02498	0,02689	0,02732	0,02749	0,02417	0,02633	0,02562	0,02424	0,02382	0,02380	0,02402	0,02656	0,02512	0,02631	0,02799	0,02618	0,02716	0,02874	0,03377	0,03180	0,03469	0,02920	0,02776	0,02866	0,02928	0,02916	0,03188	0,02736	0,02668	0,03036	0,02718	0,02692	0,02887	0,02886	0,02754	0,02788	0,02455	0,02462	0,02558	0,02866	0,02419	0,02495	0,02673	0,02540	0,02490	0,02424	0,02447	0,02506	0,02533	0,02600
0,02675	0,02421	0,02344	0,02439	0,02572	0,02490	0,02743	0,02648	0,02481	0,02478	0,02546	0,02464	0,02420	0,02604	0,02578	0,02982	0,02731	0,03190	0,02951	0,02970	0,03322	0,02798	0,02740	0,03008	0,02988	0,02674	0,02982	0,02988	0,02679	0,02947	0,02910	0,03156	0,02664	0,02754	0,02565	0,02511	0,02448	0,02481	0,02609	0,02785	0,02769	0,02494	0,02482	0,02754	0,02393	0,02490	0,02794	0,02449	0,02688	0,02449	0,02351
0,02358	0,02672	0,02781	0,02829	0,02398	0,02422	0,02417	0,02492	0,02444	0,02486	0,02481	0,02501	0,02481	0,02620	0,03016	0,02942	0,02971	0,02956	0,02871	0,02751	0,02706	0,02733	0,02913	0,03129	0,02903	0,02957	0,02890	0,03181	0,02976	0,02863	0,03221	0,02881	0,02837	0,03126	0,03096	0,02878	0,02622	0,02591	0,02812	0,02574	0,02573	0,02572	0,02397	0,02569	0,02703	0,02381	0,02427	0,02423	0,02936	0,02417	0,02547
0,02800	0,02475	0,02639	0,02510	0,02764	0,02625	0,02510	0,02394	0,02399	0,02637	0,02536	0,02412	0,02560	0,02634	0,02806	0,02799	0,02824	0,02711	0,02937	0,02710	0,02731	0,03004	0,03410	0,03844	0,03555	0,04045	0,03522	0,03324	0,03184	0,03358	0,03269	0,03114	0,02787	0,02775	0,02946	0,02604	0,02495	0,02570	0,02487	0,02513	0,02558	0,02916	0,02794	0,02756	0,02538	0,02468	0,02548	0,02391	0,02771	0,02453	0,02687
0,02555	0,02409	0,02388	0,02449	0,02403	0,02329	0,02485	0,02554	0,02453	0,02426	0,02568	0,02489	0,02659	0,02839	0,03161	0,02682	0,02773	0,02658	0,02649	0,02659	0,03260	0,03484	0,03544	0,04068	0,04227	0,04138	0,03954	0,03659	0,03485	0,03023	0,02913	0,03042	0,03170	0,02752	0,03150	0,02619	0,02499	0,02410	0,02700	0,02368	0,02883	0,02549	0,02756	0,02527	0,02464	0,02784	0,02871	0,02428	0,02834	0,02703	0,02338
0,02549	0,02506	0,02434	0,02353	0,02393	0,02452	0,02556	0,02360	0,02604	0,02420	0,02473	0,02583	0,02583	0,02845	0,02952	0,02597	0,02629	0,02652	0,02544	0,02994	0,03416	0,03415	0,03941	0,04004	0,03989	0,04499	0,03943	0,03539	0,03628	0,03084	0,02954	0,02800	0,02780	0,02611	0,02675	0,02575	0,02647	0,02569	0,02582	0,02794	0,02468	0,02524	0,02852	0,02840	0,02578	0,02485	0,02437	0,02694	0,02705	0,02427	0,02549
0,02787	0,02438	0,02487	0,02463	0,02710	0,02606	0,02696	0,02491	0,02504	0,02403	0,02834	0,02701	0,02538	0,02731	0,02602	0,02846	0,02446	0,02478	0,02828	0,03131	0,03394	0,03653	0,03633	0,04101	0,03948	0,03462	0,03433	0,03301	0,03223	0,03186	0,03260	0,03117	0,02670	0,02599	0,02637	0,02903	0,02430	0,02510	0,02958	0,02592	0,02499	0,02610	0,02478	0,02569	0,02795	0,02884	0,02556	0,02497	0,02806	0,02495	0,02489
0,02434	0,02652	0,02827	0,02616	0,02480	0,02543	0,02804	0,02384	0,02419	0,02585	0,02465	0,02555	0,02569	0,02543	0,02633	0,02589	0,02737	0,02774	0,02600	0,03067	0,03547	0,03971	0,04224	0,03974	0,03738	0,03540	0,03422	0,03294	0,03308	0,03052	0,03153	0,03342	0,02900	0,02739	0,02585	0,02886	0,02509	0,02764	0,02854	0,02670	0,02587	0,02843	0,02608	0,02543	0,02692	0,02541	0,02931	0,02475	0,02782	0,02438	0,02723
0,02414	0,02385	0,02728	0,02821	0,02525	0,02412	0,02322	0,02628	0,02625	0,02712	0,02607	0,02630	0,02854	0,02577	0,02849	0,02407	0,02401	0,02707	0,02949	0,03413	0,04093	0,04787	0,04565	0,04361	0,03811	0,03578	0,03531	0,03771	0,03499	0,03224	0,03403	0,02854	0,03248	0,02760	0,02719	0,02697	0,02972	0,02573	0,02781	0,02767	0,02667	0,02706	0,02856	0,02543	0,02521	0,02576	0,02889	0,02796	0,02499	0,02580	0,02816
0,02761	0,02498	0,02488	0,02593	0,02409	0,02685	0,02577	0,02679	0,02618	0,02557	0,02581	0,02612	0,02512	0,02426	0,02547	0,02549	0,02712	0,02977	0,03151	0,03876	0,04258	0,04053	0,04131	0,03444	0,03705	0,03482	0,03385	0,03490	0,03477	0,03352	0,03136	0,03092	0,03125	0,02953	0,02937	0,02898	0,02750	0,02575	0,02966	0,02673	0,02568	0,02528	0,02671	0,02681	0,02793	0,02513	0,02557	0,02770	0,02490	0,02538	0,02724
0,02608	0,02697	0,02560	0,02473	0,02449	0,02518	0,02495	0,02364	0,02446	0,02560	0,02504	0,02483	0,02763	0,02600	0,02518	0,02888	0,02640	0,03056	0,03466	0,03864	0,04180	0,03852	0,03480	0,03366	0,03665	0,03921	0,03885	0,04070	0,03726	0,03322	0,03747	0,03195	0,03377	0,03208	0,02992	0,03228	0,03396	0,02890	0,02800	0,02651	0,02894	0,02615	0,03001	0,02648	0,02690	0,02712	0,02886	0,02790	0,02570	0,02485	0,02525
0,02482	0,02388	0,02418	0,02401	0,02420	0,02470	0,02605	0,02560	0,02344	0,02436	0,02480	0,02494	0,02867	0,02569	0,02473	0,02728	0,02989	0,03393	0,03703	0,03932	0,03897	0,03619	0,03836	0,03790	0,04569	0,05012	0,05170	0,05256	0,04644	0,04196	0,03846	0,04110	0,04003	0,03600	0,03424	0,03207	0,03239	0,03122	0,03283	0,03135	0,02721	0,02679	0,02623	0,02869	0,02886	0,02897	0,02913	0,02516	0,02612	0,02739	0,02639
0,02413	0,02392	0,02489	0,02491	0,02529	0,02659	0,02493	0,02495	0,02536	0,02544	0,02779	0,02497	0,02434	0,02395	0,02611	0,02738	0,02942	0,03333	0,03708	0,03813	0,03716	0,03753	0,03852	0,03866	0,04207	0,05123	0,05561	0,05686	0,05625	0,05113	0,04742	0,04613	0,04183	0,04020	0,03863	0,03587	0,03252	0,03166	0,03078	0,03080	0,02742	0,03079	0,03021	0,02551	0,03017	0,02994	0,02730	0,02429	0,02888	0,02426	0,02433
0,02686	0,02436	0,02377	0,02544	0,02375	0,02436	0,02696	0,02410	0,02556	0,02400	0,02458	0,02747	0,02524	0,02528	0,02875	0,02796	0,02920	0,03207	0,03365	0,03346	0,03325	0,03373	0,03660	0,04021	0,04234	0,04510	0,04973	0,05670	0,06168	0,05944	0,05615	0,05869	0,04987	0,04787	0,04331	0,03985	0,03788	0,03311	0,03545	0,03189	0,02793	0,02624	0,02802	0,02708	0,02658	0,02740	0,02630	0,02426	0,02462	0,02662	0,02539
0,02649	0,02326	0,02486	0,02463	0,02381	0,02442	0,02780	0,02515	0,02465	0,02608	0,02558	0,02548	0,02527	0,02569	0,02900	0,02680	0,02840	0,03074	0,03113	0,02920	0,02886	0,03033	0,04019	0,04717	0,04832	0,05135	0,05395	0,05797	0,05790	0,06211	0,06326	0,05925	0,05838	0,05301	0,05034	0,04461	0,03537	0,03388	0,03241	0,03134	0,03185	0,02622	0,02979	0,02660	0,02544	0,02910	0,02490	0,02726	0,02554	0,02638	0,02479
0,02368	0,02434	0,02434	0,02407	0,02501	0,02410	0,02432	0,02317	0,02488	0,02427	0,02480	0,02442	0,02564	0,02488	0,02610	0,02852	0,02857	0,03043	0,02969	0,03348	0,03192	0,03363	0,04498	0,05424	0,05985	0,05485	0,05538	0,05435	0,05756	0,05770	0,05880	0,05617	0,05345	0,05165	0,04715	0,04096	0,03585	0,03359	0,03015	0,02953	0,03166	0,02684	0,02961	0,02937	0,02912	0,02765	0,02842	0,02539	0,02883	0,02407	0,02818
0,02827	0,02676	0,02564	0,02833	0,02575	0,02529	0,02682	0,02502	0,02491	0,02676	0,02384	0,02554	0,02648	0,02473	0,02515	0,02916	0,02743	0,03334	0,03014	0,02995	0,03096	0,03737	0,05056	0,06338	0,05940	0,06075	0,05703	0,05394	0,05048	0,04919	0,05336	0,04564	0,04879	0,04351	0,04177	0,03766	0,03580	0,03136	0,02942	0,02825	0,02795	0,02625	0,02605	0,02854	0,02661	0,02549	0,02528	0,02443	0,02602	0,02593	0,02529
0,02668	0,02456	0,02737	0,02372	0,02866	0,02781	0,02480	0,02473	0,02541	0,02465	0,02557	0,02520	0,02523	0,02456	0,02384	0,02850	0,02825	0,03212	0,02957	0,03263	0,03610	0,04241	0,05419	0,06160	0,05999	0,05997	0,05809	0,05402	0,04854	0,04054	0,04080	0,03801	0,03707	0,03860	0,03968	0,03606	0,03511	0,03221	0,02825	0,02759	0,02836	0,02643	0,02512	0,02502	0,02665	0,02646	0,02841	0,02446	0,02819	0,02503	0,02445
0,02635	0,02466	0,02472	0,02789	0,02429	0,02418	0,02708	0,02360	0,02444	0,02535	0,02628	0,02466	0,02475	0,02481	0,02553	0,02837	0,03162	0,02976	0,03145	0,03300	0,03671	0,04554	0,04906	0,05378	0,05442	0,05512	0,05679	0,04470	0,04108	0,03837	0,03873	0,03524	0,03459	0,03178	0,03348	0,03296	0,03339	0,03356	0,02777	0,02707	0,02660	0,03069	0,02609	0,02746	0,02347	0,02904	0,02539	0,02519	0,02816	0,02653	0,02544
0,02721	0,02676	0,02445	0,02491	0,02367	0,02520	0,02489	0,02480	0,02392	0,02619	0,02679	0,02466	0,02526	0,02410	0,02567	0,02808	0,03004	0,02830	0,02719	0,02944	0,03505	0,04489	0,04959	0,05014	0,05024	0,05035	0,04910	0,04174	0,03689	0,03416	0,03380	0,03054	0,03310	0,03331	0,03005	0,03044	0,02874	0,02713	0,02778	0,02656	0,02916	0,02586	0,02783	0,02470	0,02496	0,02437	0,02834	0,02363	0,02344	0,02390	0,02543
0,02387	0,02498	0,02659	0,02443	0,02381	0,02658	0,02408	0,02629	0,02449	0,02510	0,02605	0,02501	0,02464	0,02502	0,02866	0,02532	0,03030	0,02719	0,03030	0,03092	0,03567	0,04157	0,04291	0,04806	0,04802	0,04722	0,04345	0,04173	0,03588	0,03595	0,03095	0,02855	0,03080	0,03055	0,03064	0,03023	0,02872	0,02766	0,02797	0,03041	0,02738	0,02830	0,02652	0,02834	0,02725	0,02599	0,02752	0,02531	0,02524	0,02511	0,02459
0,02698	0,02415	0,02473	0,02321	0,02852	0,02512	0,02763	0,02743	0,02433	0,02691	0,02405	0,02389	0,02502	0,02415	0,02546	0,02485	0,02609	0,02818	0,03029	0,03196	0,04003	0,03868	0,04194	0,04368	0,04332	0,04030	0,04022	0,03599	0,03586	0,03229	0,03233	0,02918	0,03018	0,03056	0,03025	0,03045	0,02932	0,02850	0,02712	0,02707	0,02592	0,02743	0,03042	0,03094	0,02970	0,02461	0,02465	0,02646	0,02447	0,02483	0,02816
0,02610	0,02601	0,02479	0,02431	0,02431	0,02587	0,02378	0,02405	0,02722	0,02641	0,02464	0,02430	0,02687	0,02772	0,02767	0,02900	0,02603	0,02679	0,03009	0,03580	0,03521	0,03931	0,04032	0,04082	0,04363	0,03861	0,04109	0,03719	0,03395	0,03349	0,03079	0,03011	0,03406	0,03011	0,02869	0,03132	0,02856	0,02967	0,02513	0,02670	0,02838	0,02507	0,02600	0,02881	0,02659	0,02532	0,02580	0,02849	0,02410	0,02469	0,02511
0,02804	0,02442	0,02572	0,02672	0,02368	0,02361	0,02651	0,02474	0,02483	0,02489	0,02513	0,02521	0,02594	0,02622	0,02596	0,02569	0,02654	0,02822	0,03005	0,03114	0,03893	0,04032	0,03697	0,04276	0,03989	0,03882	0,04266	0,03798	0,03659	0,03294	0,03423	0,02982	0,03009	0,02855	0,02871	0,02718	0,02701	0,02596	0,02529	0,02843	0,02542	0,02630	0,02632	0,02644	0,02642	0,02872	0,02427	0,02546	0,02484	0,02824	0,02378
0,02424	0,02833	0,02523	0,02410	0,02462	0,02495	0,02410	0,02604	0,02498	0,02352	0,02673	0,02496	0,02474	0,02526	0,02456	0,02562	0,02620	0,02705	0,02693	0,02940	0,03206	0,03170	0,03469	0,03614	0,03805	0,04173	0,04043	0,03719	0,03732	0,03678	0,03615	0,03373	0,03023	0,02876	0,02715	0,02628	0,02652	0,02538	0,02461	0,02961	0,02951	0,02727	0,02814	0,02633	0,02509	0,02513	0,02453	0,02547	0,02484	0,02871	0,02477
0,02356	0,02471	0,02387	0,02409	0,02361	0,02451	0,02770	0,02760	0,02562	0,02776	0,02516	0,02658	0,02457	0,02521	0,02606	0,02857	0,02513	0,02577	0,02576	0,03017	0,03041	0,03027	0,02910	0,03378	0,03308	0,03398	0,03409	0,03368	0,03370	0,03768	0,03631	0,03634	0,03005	0,02522	0,02534	0,02499	0,02621	0,02520	0,02912	0,02526	0,02644	0,02521	0,02530	0,02471	0,02662	0,02935	0,02505	0,02722	0,02462	0,02363	0,02479
0,02390	0,02430	0,02374	0,02457	0,02547	0,02734	0,02450	0,02396	0,02496	0,02645	0,02779	0,02631	0,02384	0,02421	0,02450	0,02518	0,02856	0,02650	0,02735	0,02807	0,02978	0,02909	0,02911	0,03390	0,03439	0,03270	0,02800	0,02872	0,02891	0,03439	0,03278	0,03636	0,03003	0,02651	0,02514	0,02546	0,02467	0,02545	0,02523	0,02865	0,02743	0,02458	0,02779	0,02710	0,02739	0,02626	0,02450	0,02585	0,02566	0,02475	0,02783
0,02480	0,02397	0,02434	0,02489	0,02321	0,02460	0,02462	0,02603	0,02410	0,02558	0,02395	0,02500	0,02490	0,02652	0,02502	0,02480	0,02510	0,02579	0,02502	0,02647	0,03102	0,02768	0,02943	0,03056	0,02972	0,02719	0,02541	0,02825	0,02801	0,03074	0,03295	0,03069	0,02932	0,02645	0,02503	0,02925	0,02857	0,02433	0,02433	0,02788	0,02475	0,02854	0,02815	0,02508	0,02502	0,02822	0,02384	0,02652	0,02426	0,02398	0,02343
0,02783	0,02495	0,02567	0,02833	0,02371	0,02685	0,02309	0,02544	0,02604	0,02377	0,02467	0,02674	0,02518	0,02596	0,02745	0,02491	0,02804	0,02767	0,02654	0,02877	0,02569	0,02752	0,02701	0,03250	0,02800	0,03218	0,02928	0,02897	0,03008	0,02678	0,02726	0,02710	0,03061	0,02526	0,02655	0,02477	0,02516	0,02617	0,02825	0,02540	0,02522	0,02871	0,02528	0,02708	0,02898	0,02821	0,02735	0,02714	0,02411	0,02500	0,02438
0,02580	0,02763	0,02396	0,02628	0,02831	0,02508	0,02472	0,02639	0,02483	0,02623	0,02468	0,02443	0,02333	0,02410	0,02473	0,02617	0,02819	0,02562	0,02518	0,02528	0,02771	0,02865	0,02868	0,02831	0,03087	0,02925	0,03195	0,03548	0,03258	0,02827	0,02586	0,02953	0,03080	0,02901	0,02617	0,02784	0,02901	0,02653	0,02418	0,02410	0,02480	0,02415	0,02439	0,02538	0,02792	0,02856	0,02511	0,02791	0,02819	0,02788	0,02824
0,02480	0,02786	0,02565	0,02480	0,02416	0,02330	0,02471	0,02415	0,02503	0,02402	0,02400	0,02634	0,02404	0,02496	0,02529	0,02649	0,02517	0,02581	0,02561	0,02573	0,02928	0,02687	0,02738	0,03247	0,03273	0,03189	0,03826	0,03574	0,03497	0,03410	0,02798	0,03025	0,02823	0,03021	0,02617	0,03036	0,02538	0,02550	0,02514	0,02517	0,02638	0,02458	0,02390	0,02544	0,02492	0,02400	0,02413	0,02484	0,02474	0,02780	0,02423
0,02327	0,02467	0,02455	0,02646	0,02552	0,02683	0,02490	0,02364	0,02539	0,02579	0,02342	0,02728	0,02674	0,02336	0,02459	0,02492	0,02562	0,02403	0,02471	0,02638	0,03013	0,03061	0,02857	0,03199	0,03100	0,03564	0,03510	0,03938	0,03630	0,03270	0,03083	0,02828	0,03069	0,02723	0,02741	0,03028	0,02564	0,02540	0,02444	0,02529	0,02665	0,02385	0,02496	0,02625	0,02535	0,02448	0,02472	0,02659	0,02371	0,02519	0,02498
0,02477	0,02846	0,02539	0,02534	0,02388	0,02826	0,02673	0,02499	0,02756	0,02531	0,02433	0,02398	0,02466	0,02407	0,02554	0,02794	0,02721	0,02458	0,02898	0,02392	0,02557	0,02731	0,03045	0,02842	0,03044	0,03189	0,03071	0,03510	0,02900	0,03242	0,02855	0,02914	0,02803	0,02602	0,02890	0,02609	0,02769	0,02479	0,02514	0,02717	0,02661	0,02585	0,02453	0,02544	0,02649	0,02838	0,02439	0,02352	0,02447	0,02655	0,02420
0,02425	0,02738	0,02455	0,02624	0,02421	0,02583	0,02549	0,02366	0,02308	0,02358	0,02652	0,02491	0,02427	0,02528	0,02630	0,02534	0,02772	0,02517	0,02473	0,02581	0,02716	0,02712	0,02558	0,02772	0,02974	0,02985	0,02816	0,03195	0,02848	0,02776	0,02825	0,02862	0,02764	0,02654	0,02702	0,02508	0,02406	0,02490	0,02678	0,02560	0,02372	0,02713	0,02530	0,02475	0,02811	0,02496	0,02552	0,02472	0,02453	0,02402	0,02461
