2,50000	3,40000	4,30000	5,20000	6,10000	7,00000	7,90000	8,80000	9,70000	10,60000	11,50000	12,40000	13,30000	14,20000	15,10000	16,00000	16,90000	17,80000	18,70000	19,60000	20,50000	21,40000	22,30000	23,20000	24,10000	25,00000	25,90000	26,80000	27,70000	28,60000	29,50000	30,40000	31,30000	32,20000	33,10000	34,00000	34,90000	35,80000	36,70000	37,60000	38,50000	39,40000	40,30000	41,20000	42,10000	43,00000	43,90000	44,80000	45,70000	46,60000	47,50000
2,50000	3,40000	4,30000	5,20000	6,10000	7,00000	7,90000	8,80000	9,70000	10,60000	11,50000	12,40000	13,30000	14,20000	15,10000	16,00000	16,90000	17,80000	18,70000	19,60000	20,50000	21,40000	22,30000	23,20000	24,10000	25,00000	25,90000	26,80000	27,70000	28,60000	29,50000	30,40000	31,30000	32,20000	33,10000	34,00000	34,90000	35,80000	36,70000	37,60000	38,50000	39,40000	40,30000	41,20000	42,10000	43,00000	43,90000	44,80000	45,70000	46,60000	47,50000
0,00062	0,00054	0,00014	0,00018	0,00031	0,00036	0,00066	0,00060	0,00015	0,00026	0,00051	0,00069	0,00059	0,00041	0,00047	0,00023	0,00002	0,00029	0,00097	0,00168	0,00208	0,00176	0,00105	0,00060	0,00081	0,00138	0,00216	0,00243	0,00240	0,00240	0,00240	0,00227	0,00212	0,00175	0,00136	0,00106	0,00075	0,00063	0,00029	0,00013	0,00015	-0,00012	0,00008	-0,00002	0,00011	0,00023	0,00026	0,00023	0,00029	0,00027	0,00027
0,00060	0,00021	0,00009	0,00015	0,00023	0,00015	0,00017	0,00008	0,00049	0,00102	0,00129	0,00145	0,00097	0,00062	0,00027	0,00030	0,00101	0,00210	0,00305	0,00302	0,00212	0,00128	0,00078	0,00089	0,00149	0,00163	0,00145	0,00145	0,00164	0,00194	0,00199	0,00175	0,00143	0,00122	0,00099	0,00094	0,00085	0,00080	0,00063	0,00030	0,00010	-0,00005	0,00009	0,00010	0,00014	0,00038	0,00056	0,00059	0,00053	0,00044	0,00030
0,00029	0,00002	0,00001	0,00023	0,00003	-0,00007	0,00021	0,00071	0,00145	0,00205	0,00204	0,00147	0,00073	0,00048	0,00073	0,00166	0,00299	0,00342	0,00284	0,00179	0,00092	0,00061	0,00056	0,00042	0,00036	0,00042	0,00063	0,00086	0,00114	0,00133	0,00159	0,00137	0,00123	0,00100	0,00085	0,00087	0,00096	0,00095	0,00070	0,00044	-0,00003	-0,00011	-0,00006	0,00003	0,00026	0,00039	0,00077	0,00070	0,00060	0,00039	0,00035
0,00012	0,00005	0,00008	0,00005	-0,00006	0,00012	0,00058	0,00117	0,00156	0,00140	0,00119	0,00055	0,00020	0,00043	0,00099	0,00200	0,00206	0,00117	0,00054	0,00052	0,00052	0,00036	0,00004	0,00027	0,00077	0,00128	0,00192	0,00271	0,00358	0,00402	0,00391	0,00332	0,00277	0,00209	0,00164	0,00117	0,00093	0,00066	0,00049	0,00022	0,00020	0,00010	0,00017	0,00012	0,00019	0,00006	0,00028	0,00058	0,00091	0,00066	0,00035
0,00020	0,00021	0,00014	0,00011	0,00034	0,00051	0,00074	0,00091	0,00065	0,00059	0,00007	-0,00000	0,00021	0,00023	0,00063	0,00064	0,00038	0,00052	0,00086	0,00112	0,00072	0,00014	0,00015	0,00052	0,00111	0,00168	0,00261	0,00346	0,00360	0,00323	0,00308	0,00291	0,00266	0,00269	0,00224	0,00169	0,00114	0,00095	0,00079	0,00058	0,00029	0,00010	0,00009	-0,00003	0,00003	-0,00003	0,00010	0,00013	0,00059	0,00087	0,00066
0,00038	0,00021	0,00010	0,00025	0,00035	0,00054	0,00062	0,00031	0,00031	0,00019	0,00015	0,00050	0,00024	0,00021	0,00037	0,00077	0,00127	0,00160	0,00145	0,00068	0,00016	0,00020	0,00055	0,00067	0,00081	0,00075	0,00075	0,00089	0,00115	0,00123	0,00136	0,00141	0,00160	0,00174	0,00173	0,00170	0,00114	0,00072	0,00049	0,00050	0,00051	0,00038	0,00017	0,00018	0,00018	0,00038	0,00023	-0,00002	0,00009	0,00033	0,00048
0,00022	0,00045	0,00021	0,00046	0,00045	0,00046	0,00031	0,00030	0,00011	0,00053	0,00123	0,00048	0,00037	0,00047	0,00101	0,00163	0,00192	0,00142	0,00077	0,00027	0,00037	0,00031	0,00019	0,00015	0,00022	0,00036	0,00102	0,00201	0,00276	0,00274	0,00248	0,00191	0,00140	0,00116	0,00086	0,00098	0,00086	0,00090	0,00079	0,00049	0,00033	0,00036	0,00030	0,00023	0,00034	0,00037	0,00034	0,00017	0,00001	0,00002	0,00011
0,00034	0,00023	0,00042	0,00059	0,00053	0,00025	0,00014	0,00015	0,00086	0,00145	0,00097	0,00028	0,00026	0,00051	0,00086	0,00113	0,00091	0,00046	0,00042	0,00025	0,00025	0,00026	0,00034	0,00013	0,00031	0,00111	0,00236	0,00387	0,00541	0,00615	0,00625	0,00517	0,00359	0,00180	0,00087	0,00036	0,00019	0,00016	0,00036	0,00049	0,00029	0,00011	0,00019	0,00009	0,00008	0,00023	0,00020	0,00022	0,00023	0,00008	0,00007
0,00049	0,00043	0,00051	0,00035	0,00025	-0,00000	0,00024	0,00088	0,00118	0,00060	0,00029	0,00027	0,00041	0,00062	0,00064	0,00030	0,00024	0,00031	0,00026	0,00049	0,00066	0,00060	0,00035	0,00035	0,00103	0,00193	0,00260	0,00309	0,00305	0,00376	0,00402	0,00403	0,00308	0,00184	0,00077	0,00023	0,00042	0,00043	0,00041	0,00012	0,00016	0,00010	0,00001	0,00016	0,00023	0,00010	-0,00003	0,00003	0,00011	0,00004	-0,00004
0,00048	0,00064	0,00033	0,00006	0,00002	0,00037	0,00092	0,00079	0,00044	-0,00002	0,00024	0,00038	0,00056	0,00065	0,00030	0,00043	0,00013	-0,00005	0,00052	0,00065	0,00041	0,00018	0,00020	0,00044	0,00091	0,00117	0,00106	0,00080	0,00084	0,00095	0,00128	0,00161	0,00146	0,00102	0,00069	0,00023	0,00033	0,00079	0,00084	0,00106	0,00095	0,00076	0,00060	0,00025	0,00028	0,00020	-0,00009	-0,00010	-0,00009	0,00003	-0,00007
0,00088	0,00060	0,00008	0,00022	0,00010	0,00062	0,00085	0,00054	-0,00003	0,00005	0,00023	0,00021	0,00036	0,00040	0,00097	0,00092	0,00068	0,00102	0,00093	0,00048	0,00029	0,00034	0,00035	0,00071	0,00143	0,00187	0,00204	0,00189	0,00190	0,00190	0,00199	0,00152	0,00099	0,00028	0,00015	0,00005	-0,00004	0,00013	0,00028	0,00043	0,00052	0,00076	0,00095	0,00083	0,00052	0,00017	0,00011	-0,00016	0,00004	-0,00002	0,00020
0,00081	0,00034	0,00039	0,00036	0,00043	0,00064	0,00050	0,00001	0,00000	0,00027	0,00033	0,00027	0,00025	0,00091	0,00146	0,00146	0,00141	0,00141	0,00124	0,00112	0,00103	0,00085	0,00067	0,00063	0,00083	0,00063	0,00069	0,00129	0,00193	0,00238	0,00219	0,00178	0,00125	0,00079	0,00038	0,00029	0,00021	0,00014	0,00015	0,00037	0,00043	0,00036	0,00057	0,00074	0,00039	0,00035	0,00015	0,00001	-0,00007	0,00009	0,00014
0,00057	0,00067	0,00093	0,00053	0,00048	0,00048	0,00047	0,00049	0,00074	0,00068	0,00034	0,00015	0,00054	0,00148	0,00140	0,00092	0,00083	0,00084	0,00070	0,00062	0,00042	0,00019	0,00037	0,00047	0,00025	0,00024	0,00064	0,00121	0,00186	0,00173	0,00144	0,00112	0,00115	0,00086	0,00043	0,00027	0,00028	0,00028	0,00036	0,00004	0,00006	0,00026	0,00061	0,00098	0,00080	0,00062	0,00025	-0,00001	0,00000	-0,00009	0,00003
0,00068	0,00093	0,00106	0,00035	0,00037	0,00071	0,00105	0,00135	0,00097	0,00037	0,00023	0,00029	0,00066	0,00075	0,00022	0,00032	0,00070	0,00042	0,00048	0,00069	0,00041	0,00035	0,00037	0,00034	0,00064	0,00156	0,00339	0,00530	0,00641	0,00661	0,00596	0,00490	0,00344	0,00214	0,00141	0,00109	0,00072	0,00031	0,00008	0,00023	0,00020	0,00006	-0,00009	0,00011	0,00044	0,00070	0,00046	0,00016	0,00006	0,00003	0,00022
0,00060	0,00133	0,00100	0,00035	0,00052	0,00126	0,00180	0,00136	0,00061	0,00044	0,00047	0,00029	0,00032	0,00034	0,00066	0,00161	0,00181	0,00190	0,00189	0,00165	0,00162	0,00106	0,00050	0,00037	0,00109	0,00186	0,00204	0,00213	0,00173	0,00170	0,00177	0,00195	0,00173	0,00183	0,00183	0,00213	0,00210	0,00134	0,00041	0,00021	0,00010	0,00023	0,00020	0,00002	-0,00012	0,00011	0,00031	0,00027	0,00020	-0,00014	0,00002
0,00083	0,00127	0,00086	0,00043	0,00094	0,00199	0,00186	0,00102	0,00079	0,00103	0,00087	0,00044	0,00082	0,00146	0,00305	0,00331	0,00311	0,00254	0,00175	0,00157	0,00075	0,00021	0,00013	0,00026	0,00028	0,00034	0,00058	0,00066	0,00070	0,00036	0,00038	0,00061	0,00094	0,00124	0,00085	0,00085	0,00060	0,00062	0,00045	0,00007	-0,00008	0,00005	-0,00000	-0,00011	0,00002	-0,00012	-0,00008	0,00001	0,00006	0,00008	-0,00005
0,00080	0,00118	0,00081	0,00060	0,00137	0,00193	0,00126	0,00081	0,00101	0,00127	0,00073	0,00112	0,00227	0,00330	0,00323	0,00273	0,00170	0,00089	0,00105	0,00104	0,00084	0,00087	0,00079	0,00085	0,00104	0,00131	0,00172	0,00260	0,00361	0,00364	0,00324	0,00192	0,00121	0,00062	0,00027	0,00003	0,00026	0,00084	0,00124	0,00099	0,00035	0,00007	0,00016	0,00021	-0,00001	-0,00006	0,00000	-0,00006	-0,00001	-0,00011	-0,00001
0,00098	0,00101	0,00053	0,00050	0,00110	0,00105	0,00074	0,00063	0,00096	0,00072	0,00066	0,00121	0,00165	0,00164	0,00127	0,00106	0,00061	0,00072	0,00125	0,00138	0,00071	0,00080	0,00102	0,00037	-0,00003	0,00125	0,00383	0,00601	0,00680	0,00644	0,00469	0,00307	0,00183	0,00105	0,00059	0,00053	0,00063	0,00117	0,00151	0,00163	0,00110	0,00028	0,00023	0,00051	0,00049	0,00013	0,00004	-0,00015	-0,00009	-0,00006	-0,00002
0,00073	0,00069	0,00036	0,00035	0,00066	0,00074	0,00082	0,00052	0,00067	0,00055	0,00058	0,00092	0,00101	0,00134	0,00170	0,00185	0,00131	0,00209	0,00260	0,00220	0,00243	0,00260	0,00104	0,00032	0,00154	0,00251	0,00244	0,00223	0,00173	0,00145	0,00130	0,00156	0,00182	0,00185	0,00148	0,00076	0,00038	0,00013	0,00021	0,00048	0,00043	0,00025	0,00007	-0,00012	-0,00005	0,00008	0,00008	0,00011	-0,00003	-0,00014	-0,00002
0,00066	0,00074	0,00054	0,00037	0,00060	0,00098	0,00102	0,00079	0,00066	0,00040	0,00050	0,00063	0,00049	0,00081	0,00118	0,00126	0,00185	0,00232	0,00181	0,00165	0,00167	0,00101	0,00096	0,00166	0,00211	0,00176	0,00155	0,00136	0,00134	0,00090	0,00064	0,00044	0,00047	0,00071	0,00084	0,00090	0,00050	0,00012	0,00002	0,00030	0,00063	0,00034	0,00011	0,00008	0,00002	-0,00003	-0,00002	-0,00003	0,00006	0,00002	-0,00001
0,00087	0,00102	0,00069	0,00053	0,00098	0,00130	0,00104	0,00065	0,00055	0,00068	0,00043	0,00054	0,00029	0,00047	0,00127	0,00137	0,00070	0,00092	0,00116	0,00201	0,00252	0,00226	0,00177	0,00198	0,00207	0,00218	0,00211	0,00172	0,00139	0,00085	0,00068	0,00081	0,00084	0,00069	0,00044	0,00034	0,00027	0,00012	0,00007	0,00005	0,00038	0,00047	0,00026	-0,00003	-0,00006	0,00007	0,00011	0,00005	0,00007	-0,00004	0,00010
0,00106	0,00149	0,00128	0,00121	0,00137	0,00115	0,00072	0,00050	0,00071	0,00096	0,00152	0,00128	0,00064	0,00116	0,00215	0,00115	0,00164	0,00172	0,00211	0,00278	0,00260	0,00255	0,00321	0,00398	0,00453	0,00431	0,00308	0,00179	0,00126	0,00109	0,00086	0,00062	0,00064	0,00061	0,00034	0,00052	0,00075	0,00082	0,00066	0,00033	0,00001	0,00011	0,00007	0,00001	-0,00011	-0,00008	-0,00003	0,00009	0,00021	0,00004	0,00013
0,00138	0,00212	0,00230	0,00164	0,00101	0,00053	0,00040	0,00041	0,00075	0,00186	0,00263	0,00097	0,00034	0,00170	0,00235	0,00257	0,00192	0,00099	0,00118	0,00144	0,00204	0,00354	0,00551	0,00709	0,00773	0,00678	0,00552	0,00449	0,00417	0,00311	0,00214	0,00139	0,00135	0,00157	0,00179	0,00148	0,00115	0,00111	0,00088	0,00033	0,00009	-0,00011	-0,00004	-0,00005	-0,00007	0,00001	0,00003	0,00013	0,00011	0,00004	-0,00002
0,00192	0,00264	0,00215	0,00123	0,00062	0,00055	0,00063	0,00036	0,00083	0,00246	0,00158	0,00124	0,00128	0,00195	0,00248	0,00279	0,00332	0,00298	0,00214	0,00233	0,00340	0,00470	0,00549	0,00692	0,00930	0,01134	0,01278	0,01202	0,00977	0,00674	0,00368	0,00161	0,00080	0,00088	0,00121	0,00140	0,00088	0,00040	0,00020	0,00023	0,00005	-0,00000	-0,00003	0,00006	-0,00006	-0,00014	-0,00006	-0,00010	0,00007	0,00020	0,00012
0,00208	0,00252	0,00155	0,00086	0,00065	0,00116	0,00081	0,00017	0,00122	0,00210	0,00307	0,00378	0,00272	0,00194	0,00232	0,00392	0,00500	0,00346	0,00192	0,00214	0,00301	0,00337	0,00462	0,00734	0,01011	0,01218	0,01261	0,01123	0,00856	0,00604	0,00419	0,00288	0,00212	0,00108	0,00051	0,00048	0,00068	0,00065	0,00047	0,00005	0,00010	0,00002	0,00014	-0,00010	0,00001	-0,00016	-0,00018	0,00012	0,00006	0,00008	0,00002
0,00190	0,00221	0,00114	0,00098	0,00128	0,00174	0,00077	0,00034	0,00206	0,00415	0,00650	0,00554	0,00365	0,00286	0,00299	0,00494	0,00566	0,00479	0,00625	0,00704	0,00636	0,00631	0,00790	0,00986	0,01222	0,01428	0,01498	0,01340	0,01160	0,00878	0,00621	0,00399	0,00322	0,00243	0,00144	0,00063	0,00063	0,00085	0,00068	0,00018	0,00002	0,00009	0,00003	0,00010	-0,00007	-0,00022	-0,00008	-0,00006	0,00013	0,00012	0,00016
0,00189	0,00198	0,00116	0,00094	0,00177	0,00189	0,00069	0,00111	0,00222	0,00437	0,00600	0,00672	0,00613	0,00386	0,00342	0,00555	0,00659	0,00778	0,00866	0,00798	0,00851	0,00961	0,01153	0,01529	0,02167	0,02531	0,02473	0,02141	0,01886	0,01436	0,01000	0,00608	0,00373	0,00249	0,00185	0,00097	0,00029	0,00020	0,00033	0,00051	0,00005	-0,00004	-0,00002	0,00003	-0,00014	-0,00008	-0,00010	-0,00013	-0,00002	0,00008	0,00010
0,00176	0,00161	0,00094	0,00066	0,00172	0,00167	0,00034	0,00111	0,00144	0,00307	0,00704	0,01135	0,01019	0,00584	0,00501	0,00562	0,00526	0,00671	0,00917	0,01302	0,01655	0,01791	0,02186	0,02879	0,03722	0,03934	0,03727	0,03075	0,02663	0,02091	0,01725	0,01181	0,00792	0,00439	0,00321	0,00192	0,00079	0,00016	-0,00003	0,00025	0,00024	0,00004	-0,00019	-0,00003	-0,00017	-0,00007	-0,00007	-0,00011	-0,00005	0,00020	0,00008
0,00165	0,00147	0,00067	0,00055	0,00154	0,00110	0,00029	0,00096	0,00149	0,00350	0,00828	0,01245	0,01032	0,00789	0,00820	0,00635	0,00579	0,00899	0,01286	0,01531	0,01931	0,02524	0,03258	0,04007	0,04694	0,05003	0,05137	0,04870	0,04354	0,03182	0,02195	0,01581	0,01244	0,00933	0,00657	0,00381	0,00184	0,00079	0,00088	0,00086	0,00045	0,00010	-0,00004	-0,00011	-0,00014	-0,00013	0,00013	-0,00000	-0,00004	-0,00003	0,00009
0,00152	0,00089	0,00079	0,00053	0,00147	0,00079	0,00032	0,00147	0,00245	0,00390	0,00719	0,00901	0,00918	0,01255	0,01345	0,00885	0,00879	0,01100	0,01224	0,01631	0,02449	0,03370	0,04118	0,04646	0,05006	0,05649	0,06711	0,07007	0,05901	0,03919	0,02178	0,01396	0,01134	0,01078	0,00919	0,00543	0,00298	0,00104	0,00069	0,00107	0,00099	0,00042	-0,00003	-0,00011	-0,00020	-0,00004	-0,00008	-0,00006	-0,00003	0,00005	0,00002
0,00154	0,00103	0,00115	0,00111	0,00145	0,00062	0,00100	0,00273	0,00324	0,00438	0,00652	0,00725	0,01065	0,01630	0,01321	0,00905	0,00945	0,01034	0,01448	0,02325	0,03258	0,03720	0,03960	0,04171	0,04658	0,05880	0,06802	0,06436	0,04830	0,03116	0,01821	0,01169	0,00927	0,01007	0,00995	0,00739	0,00382	0,00133	0,00034	0,00040	0,00057	0,00045	0,00013	0,00004	-0,00023	0,00002	-0,00013	0,00003	0,00004	0,00000	0,00011
0,00151	0,00120	0,00174	0,00180	0,00170	0,00101	0,00218	0,00382	0,00373	0,00544	0,00703	0,00719	0,01023	0,01138	0,00821	0,00829	0,00909	0,01173	0,01929	0,02958	0,03102	0,02841	0,02992	0,03638	0,04918	0,06330	0,06765	0,05814	0,04167	0,02535	0,01420	0,00908	0,00705	0,00718	0,00741	0,00656	0,00402	0,00154	0,00052	0,00049	0,00043	0,00029	0,00007	-0,00012	0,00001	-0,00002	-0,00011	-0,00009	-0,00009	-0,00008	0,00001
0,00151	0,00119	0,00217	0,00281	0,00264	0,00195	0,00333	0,00422	0,00470	0,00765	0,00852	0,00748	0,00812	0,00775	0,00852	0,00907	0,01016	0,01326	0,01864	0,02121	0,01763	0,01914	0,02496	0,03490	0,04879	0,06198	0,06402	0,05568	0,03860	0,02179	0,01266	0,01011	0,00929	0,00723	0,00559	0,00456	0,00313	0,00184	0,00079	0,00038	0,00032	0,00025	0,00006	-0,00000	0,00009	-0,00006	-0,00006	-0,00007	0,00011	0,00003	-0,00008
0,00198	0,00120	0,00232	0,00389	0,00386	0,00294	0,00428	0,00474	0,00651	0,01075	0,01062	0,00801	0,00860	0,00831	0,00842	0,00999	0,01273	0,01386	0,01604	0,01545	0,01348	0,01359	0,01450	0,01980	0,03127	0,04220	0,04419	0,03637	0,02393	0,01580	0,01386	0,01369	0,01335	0,01034	0,00652	0,00378	0,00224	0,00113	0,00055	0,00047	0,00008	-0,00006	0,00003	-0,00008	-0,00004	-0,00002	0,00001	-0,00005	-0,00010	-0,00013	-0,00006
0,00231	0,00107	0,00227	0,00456	0,00411	0,00326	0,00494	0,00543	0,00736	0,01277	0,01217	0,00917	0,00926	0,00648	0,00636	0,01123	0,01372	0,01499	0,01732	0,01756	0,01700	0,01318	0,00704	0,00542	0,01020	0,02014	0,02449	0,02327	0,02380	0,02351	0,02193	0,01805	0,01649	0,01192	0,00621	0,00313	0,00187	0,00143	0,00089	0,00037	0,00010	-0,00009	0,00006	-0,00015	-0,00007	-0,00003	-0,00011	-0,00003	0,00013	-0,00009	0,00010
0,00195	0,00066	0,00196	0,00435	0,00398	0,00328	0,00493	0,00564	0,00747	0,01130	0,00955	0,00845	0,00700	0,00497	0,00877	0,01230	0,01200	0,01393	0,01475	0,01616	0,02127	0,02259	0,02104	0,02059	0,02747	0,03532	0,04534	0,05114	0,05517	0,04467	0,03165	0,02285	0,01680	0,00948	0,00452	0,00233	0,00216	0,00220	0,00130	0,00032	0,00010	-0,00016	-0,00016	0,00005	-0,00017	-0,00012	-0,00004	0,00003	0,00009	-0,00006	0,00004
0,00172	0,00072	0,00138	0,00297	0,00312	0,00315	0,00456	0,00541	0,00603	0,00779	0,00710	0,00693	0,00577	0,00805	0,01231	0,01140	0,01115	0,01300	0,01294	0,01493	0,01961	0,02528	0,03217	0,04256	0,05458	0,06738	0,08108	0,08485	0,07482	0,05284	0,03492	0,02258	0,01218	0,00666	0,00391	0,00212	0,00203	0,00218	0,00123	0,00010	-0,00020	-0,00001	0,00009	-0,00002	-0,00011	-0,00010	-0,00000	-0,00017	0,00003	-0,00004	-0,00010
0,00137	0,00125	0,00103	0,00186	0,00199	0,00192	0,00360	0,00497	0,00392	0,00434	0,00618	0,00672	0,00653	0,00916	0,00955	0,00897	0,01120	0,01352	0,01540	0,01858	0,02034	0,02182	0,02729	0,03611	0,04434	0,05820	0,06441	0,06448	0,05260	0,04179	0,02976	0,01659	0,00826	0,00492	0,00270	0,00176	0,00149	0,00161	0,00096	0,00045	0,00005	0,00005	0,00019	0,00001	-0,00009	-0,00019	-0,00011	-0,00013	-0,00017	-0,00005	-0,00003
0,00099	0,00129	0,00091	0,00119	0,00169	0,00131	0,00272	0,00427	0,00340	0,00388	0,00564	0,00540	0,00559	0,00648	0,00552	0,00648	0,00874	0,01157	0,01648	0,02185	0,02334	0,02494	0,02843	0,02762	0,02559	0,02672	0,02718	0,03038	0,03342	0,03274	0,02311	0,01299	0,00788	0,00455	0,00209	0,00129	0,00141	0,00136	0,00095	0,00023	0,00007	0,00020	0,00023	0,00001	-0,00019	0,00009	-0,00007	-0,00017	-0,00006	-0,00005	-0,00011
0,00048	0,00068	0,00092	0,00111	0,00160	0,00107	0,00218	0,00323	0,00346	0,00492	0,00617	0,00504	0,00492	0,00490	0,00452	0,00470	0,00665	0,01147	0,01637	0,02007	0,02408	0,03270	0,03988	0,03487	0,02749	0,02307	0,02628	0,03451	0,04024	0,03527	0,02363	0,01417	0,00849	0,00402	0,00192	0,00110	0,00077	0,00083	0,00062	0,00029	0,00028	0,00027	0,00011	0,00008	-0,00004	-0,00001	-0,00003	-0,00007	0,00008	-0,00005	-0,00003
0,00054	0,00040	0,00056	0,00118	0,00144	0,00049	0,00124	0,00198	0,00251	0,00342	0,00432	0,00507	0,00526	0,00494	0,00527	0,00510	0,00841	0,01340	0,01338	0,01281	0,02023	0,03490	0,03934	0,03498	0,02903	0,02849	0,03208	0,03746	0,03697	0,03108	0,02200	0,01363	0,00687	0,00353	0,00192	0,00061	0,00050	0,00042	0,00024	0,00011	0,00007	-0,00016	-0,00005	0,00001	0,00004	0,00005	0,00002	0,00000	0,00013	-0,00006	-0,00007
0,00091	0,00026	0,00018	0,00088	0,00132	0,00034	0,00040	0,00095	0,00149	0,00179	0,00191	0,00275	0,00280	0,00303	0,00467	0,00611	0,00879	0,01121	0,00752	0,00738	0,01617	0,02428	0,02240	0,01807	0,01533	0,01703	0,01974	0,02265	0,02172	0,01931	0,01359	0,00780	0,00451	0,00298	0,00101	0,00004	0,00041	0,00028	0,00022	0,00022	0,00036	0,00039	0,00046	0,00014	0,00019	0,00005	-0,00012	-0,00008	-0,00005	-0,00020	-0,00017
0,00091	0,00027	0,00011	0,00062	0,00153	0,00065	0,00041	0,00157	0,00176	0,00186	0,00190	0,00153	0,00124	0,00236	0,00331	0,00359	0,00484	0,00467	0,00442	0,01016	0,01674	0,01454	0,00889	0,00736	0,00682	0,00778	0,00961	0,01181	0,01195	0,00977	0,00627	0,00452	0,00357	0,00181	0,00064	0,00122	0,00124	0,00021	0,00014	0,00040	0,00041	0,00048	0,00021	0,00009	0,00006	-0,00016	-0,00016	-0,00011	-0,00009	-0,00010	0,00007
0,00102	0,00060	0,00015	0,00015	0,00082	0,00065	0,00077	0,00155	0,00160	0,00187	0,00253	0,00165	0,00106	0,00338	0,00399	0,00252	0,00233	0,00213	0,00587	0,01290	0,01379	0,00818	0,00506	0,00504	0,00441	0,00415	0,00481	0,00607	0,00672	0,00583	0,00443	0,00322	0,00173	0,00049	0,00035	0,00066	0,00022	0,00036	0,00049	0,00030	0,00001	-0,00007	-0,00002	-0,00000	0,00008	0,00008	-0,00004	-0,00006	-0,00008	-0,00008	-0,00002
0,00150	0,00104	0,00039	0,00007	-0,00002	0,00016	0,00038	0,00055	0,00036	0,00070	0,00100	0,00087	0,00095	0,00225	0,00312	0,00188	0,00155	0,00236	0,00641	0,01029	0,00820	0,00513	0,00413	0,00310	0,00137	0,00125	0,00227	0,00361	0,00441	0,00442	0,00371	0,00212	0,00079	0,00023	0,00050	0,00078	0,00025	0,00022	-0,00005	0,00005	0,00003	-0,00004	0,00008	0,00025	0,00013	0,00007	-0,00012	-0,00009	-0,00004	-0,00006	-0,00000
0,00141	0,00130	0,00038	0,00014	0,00003	0,00093	0,00098	0,00038	0,00056	0,00158	0,00162	0,00151	0,00156	0,00099	0,00134	0,00122	0,00043	0,00149	0,00450	0,00551	0,00308	0,00213	0,00179	0,00093	0,00056	0,00095	0,00166	0,00256	0,00359	0,00373	0,00233	0,00085	0,00063	0,00070	0,00077	0,00039	0,00092	0,00163	0,00054	-0,00005	0,00008	0,00005	0,00022	0,00017	0,00013	-0,00006	-0,00017	-0,00008	0,00001	-0,00017	0,00007
0,00102	0,00128	0,00073	0,00037	0,00009	0,00035	0,00068	0,00040	0,00087	0,00166	0,00232	0,00299	0,00314	0,00204	0,00107	0,00081	0,00133	0,00262	0,00438	0,00323	0,00121	0,00098	0,00186	0,00175	0,00160	0,00127	0,00130	0,00224	0,00268	0,00245	0,00134	0,00077	0,00035	0,00038	0,00031	0,00058	0,00121	0,00079	0,00044	0,00039	0,00007	-0,00006	0,00007	0,00007	0,00000	0,00005	-0,00006	-0,00012	-0,00015	0,00004	0,00009
0,00060	0,00134	0,00169	0,00122	0,00084	0,00043	0,00023	0,00019	0,00011	0,00020	0,00027	0,00071	0,00086	0,00068	0,00095	0,00238	0,00414	0,00531	0,00535	0,00355	0,00116	0,00074	0,00196	0,00296	0,00246	0,00140	0,00094	0,00104	0,00122	0,00120	0,00096	0,00039	0,00014	0,00052	0,00032	0,00046	0,00046	0,00084	0,00105	0,00030	0,00053	0,00024	-0,00006	-0,00006	-0,00017	-0,00004	-0,00012	-0,00011	0,00006	-0,00011	0,00004
0,00041	0,00083	0,00128	0,00074	0,00032	0,00009	0,00030	0,00070	0,00087	0,00080	0,00065	0,00081	0,00107	0,00083	0,00044	0,00044	0,00152	0,00217	0,00238	0,00231	0,00148	0,00090	0,00104	0,00168	0,00175	0,00125	0,00101	0,00088	0,00073	0,00056	0,00072	0,00050	0,00042	0,00051	0,00093	0,00054	0,00031	0,00103	0,00037	0,00068	0,00044	-0,00013	-0,00010	-0,00003	-0,00008	-0,00002	0,00004	-0,00013	0,00000	0,00005	0,00000
-0,00001	0,00027	0,00068	0,00040	0,00021	0,00050	0,00050	0,00042	0,00061	0,00107	0,00054	0,00030	0,00075	0,00117	0,00099	0,00053	0,00013	0,00023	0,00053	0,00087	0,00074	0,00049	0,00103	0,00131	0,00113	0,00084	0,00073	0,00074	0,00096	0,00141	0,00149	0,00100	0,00105	0,00139	0,00125	0,00034	0,00051	0,00041	0,00044	0,00078	-0,00004	0,00012	0,00004	-0,00000	-0,00000	0,00025	0,00015	-0,00001	-0,00007	-0,00010	0,00004
-0,00015	0,00016	0,00062	0,00089	0,00092	0,00143	0,00125	0,00091	0,00134	0,00166	0,00115	0,00094	0,00091	0,00046	0,00044	0,00053	0,00026	0,00015	0,00071	0,00092	0,00136	0,00113	0,00111	0,00139	0,00089	0,00053	0,00036	0,00086	0,00137	0,00132	0,00108	0,00134	0,00136	0,00073	0,00048	0,00071	0,00033	0,00061	0,00094	-0,00002	0,00069	0,00049	0,00029	0,00004	0,00035	0,00038	0,00022	0,00001	-0,00008	-0,00012	-0,00014
