24,03922	24,11765	24,19608	24,27451	24,35294	24,43137	24,50980	24,58824	24,66667	24,74510	24,82353	24,90196	24,98039	25,05882	25,13725	25,21569	25,29412	25,37255	25,45098	25,52941	25,60784	25,68627	25,76471	25,84314	25,92157	26,00000	26,07843	26,15686	26,23529	26,31373	26,39216	26,47059	26,54902	26,62745	26,70588	26,78431	26,86275	26,94118	27,01961	27,09804	27,17647	27,25490	27,33333	27,41176	27,49020	27,56863	27,64706	27,72549	27,80392	27,88235	27,96078
31,03922	31,11765	31,19608	31,27451	31,35294	31,43137	31,50980	31,58824	31,66667	31,74510	31,82353	31,90196	31,98039	32,05882	32,13725	32,21569	32,29412	32,37255	32,45098	32,52941	32,60784	32,68627	32,76471	32,84314	32,92157	33,00000	33,07843	33,15686	33,23529	33,31373	33,39216	33,47059	33,54902	33,62745	33,70588	33,78431	33,86275	33,94118	34,01961	34,09804	34,17647	34,25490	34,33333	34,41176	34,49020	34,56863	34,64706	34,72549	34,80392	34,88235	34,96078
0,00049	0,00048	0,00073	0,00055	0,00061	0,00057	0,00053	0,00046	0,00062	0,00055	0,00059	0,00065	0,00066	0,00067	0,00047	0,00064	0,00076	0,00075	0,00073	0,00061	0,00060	0,00075	0,00081	0,00059	0,00072	0,00065	0,00095	0,00069	0,00074	0,00068	0,00035	0,00079	0,00065	0,00081	0,00081	0,00082	0,00094	0,00081	0,00083	0,00079	0,00080	0,00077	0,00064	0,00066	0,00065	0,00057	0,00060	0,00054	0,00049	0,00065	0,00050
0,00061	0,00068	0,00062	0,00058	0,00056	0,00066	0,00050	0,00048	0,00058	0,00063	0,00057	0,00079	0,00066	0,00078	0,00077	0,00083	0,00070	0,00079	0,00084	0,00090	0,00087	0,00086	0,00084	0,00084	0,00083	0,00078	0,00075	0,00092	0,00087	0,00091	0,00088	0,00083	0,00078	0,00078	0,00081	0,00077	0,00073	0,00075	0,00068	0,00079	0,00067	0,00062	0,00041	0,00063	0,00070	0,00054	0,00038	0,00052	0,00057	0,00056	0,00049
0,00051	0,00055	0,00057	0,00054	0,00059	0,00051	0,00052	0,00056	0,00051	0,00054	0,00058	0,00064	0,00070	0,00068	0,00073	0,00077	0,00085	0,00075	0,00075	0,00066	0,00080	0,00086	0,00100	0,00082	0,00084	0,00094	0,00086	0,00087	0,00090	0,00086	0,00087	0,00082	0,00089	0,00074	0,00085	0,00073	0,00075	0,00088	0,00075	0,00070	0,00065	0,00063	0,00064	0,00059	0,00068	0,00057	0,00052	0,00049	0,00054	0,00066	0,00054
0,00057	0,00060	0,00050	0,00063	0,00057	0,00044	0,00063	0,00058	0,00057	0,00070	0,00064	0,00058	0,00064	0,00075	0,00073	0,00073	0,00082	0,00081	0,00086	0,00080	0,00095	0,00085	0,00087	0,00074	0,00086	0,00090	0,00080	0,00091	0,00092	0,00084	0,00091	0,00090	0,00093	0,00075	0,00074	0,00071	0,00073	0,00074	0,00071	0,00064	0,00053	0,00061	0,00053	0,00052	0,00052	0,00070	0,00063	0,00052	0,00065	0,00057	0,00048
0,00062	0,00080	0,00049	0,00066	0,00051	0,00058	0,00047	0,00055	0,00059	0,00050	0,00078	0,00068	0,00064	0,00074	0,00067	0,00073	0,00089	0,00079	0,00078	0,00094	0,00078	0,00091	0,00084	0,00083	0,00087	0,00079	0,00101	0,00086	0,00100	0,00080	0,00073	0,00079	0,00084	0,00054	0,00078	0,00067	0,00068	0,00056	0,00068	0,00067	0,00060	0,00074	0,00071	0,00074	0,00070	0,00076	0,00073	0,00074	0,00067	0,00073	0,00075
0,00056	0,00050	0,00053	0,00068	0,00049	0,00055	0,00056	0,00066	0,00060	0,00082	0,00074	0,00069	0,00054	0,00077	0,00066	0,00084	0,00076	0,00087	0,00084	0,00067	0,00082	0,00078	0,00095	0,00082	0,00083	0,00074	0,00079	0,00081	0,00095	0,00075	0,00089	0,00077	0,00073	0,00071	0,00066	0,00062	0,00065	0,00065	0,00064	0,00065	0,00043	0,00089	0,00072	0,00076	0,00077	0,00090	0,00078	0,00083	0,00079	0,00073	0,00078
0,00060	0,00051	0,00065	0,00060	0,00061	0,00051	0,00066	0,00055	0,00060	0,00073	0,00083	0,00070	0,00091	0,00081	0,00087	0,00090	0,00087	0,00080	0,00090	0,00076	0,00082	0,00082	0,00088	0,00079	0,00077	0,00069	0,00079	0,00070	0,00077	0,00088	0,00066	0,00067	0,00061	0,00070	0,00073	0,00092	0,00076	0,00075	0,00063	0,00082	0,00089	0,00102	0,00097	0,00091	0,00082	0,00110	0,00098	0,00077	0,00084	0,00080	0,00056
0,00052	0,00065	0,00062	0,00062	0,00064	0,00062	0,00069	0,00066	0,00067	0,00071	0,00084	0,00085	0,00079	0,00079	0,00092	0,00098	0,00087	0,00101	0,00086	0,00089	0,00072	0,00087	0,00086	0,00086	0,00082	0,00076	0,00089	0,00077	0,00085	0,00073	0,00068	0,00087	0,00068	0,00069	0,00081	0,00106	0,00074	0,00085	0,00087	0,00084	0,00096	0,00118	0,00105	0,00112	0,00114	0,00114	0,00095	0,00082	0,00084	0,00076	0,00080
0,00051	0,00049	0,00051	0,00067	0,00052	0,00054	0,00060	0,00075	0,00074	0,00087	0,00091	0,00084	0,00088	0,00109	0,00102	0,00103	0,00104	0,00104	0,00100	0,00101	0,00081	0,00096	0,00102	0,00084	0,00089	0,00078	0,00074	0,00084	0,00078	0,00086	0,00085	0,00081	0,00078	0,00091	0,00098	0,00096	0,00101	0,00096	0,00107	0,00089	0,00113	0,00114	0,00126	0,00110	0,00112	0,00109	0,00118	0,00098	0,00092	0,00075	0,00066
0,00057	0,00059	0,00067	0,00064	0,00062	0,00073	0,00067	0,00056	0,00071	0,00087	0,00080	0,00092	0,00086	0,00118	0,00112	0,00117	0,00107	0,00107	0,00121	0,00113	0,00087	0,00100	0,00097	0,00101	0,00102	0,00084	0,00090	0,00085	0,00091	0,00089	0,00096	0,00109	0,00101	0,00102	0,00111	0,00107	0,00110	0,00129	0,00123	0,00111	0,00126	0,00137	0,00125	0,00121	0,00116	0,00110	0,00105	0,00092	0,00086	0,00082	0,00037
0,00060	0,00066	0,00076	0,00065	0,00070	0,00080	0,00082	0,00069	0,00079	0,00096	0,00093	0,00094	0,00113	0,00128	0,00128	0,00123	0,00139	0,00133	0,00119	0,00114	0,00120	0,00113	0,00120	0,00116	0,00102	0,00108	0,00115	0,00112	0,00099	0,00106	0,00093	0,00125	0,00096	0,00117	0,00112	0,00130	0,00121	0,00124	0,00126	0,00148	0,00130	0,00116	0,00120	0,00120	0,00125	0,00096	0,00090	0,00098	0,00080	0,00070	0,00063
0,00069	0,00078	0,00061	0,00075	0,00084	0,00066	0,00076	0,00092	0,00092	0,00099	0,00103	0,00121	0,00131	0,00136	0,00131	0,00158	0,00143	0,00150	0,00130	0,00144	0,00136	0,00140	0,00117	0,00132	0,00120	0,00105	0,00119	0,00118	0,00116	0,00124	0,00113	0,00130	0,00114	0,00122	0,00118	0,00138	0,00122	0,00126	0,00148	0,00136	0,00127	0,00129	0,00118	0,00120	0,00113	0,00081	0,00080	0,00068	0,00067	0,00065	0,00046
0,00064	0,00077	0,00074	0,00082	0,00111	0,00080	0,00083	0,00090	0,00104	0,00123	0,00126	0,00133	0,00136	0,00152	0,00149	0,00162	0,00163	0,00157	0,00164	0,00157	0,00150	0,00150	0,00131	0,00144	0,00128	0,00138	0,00130	0,00144	0,00115	0,00131	0,00123	0,00110	0,00126	0,00132	0,00134	0,00145	0,00151	0,00124	0,00134	0,00149	0,00123	0,00113	0,00117	0,00126	0,00091	0,00070	0,00063	0,00076	0,00060	0,00074	0,00049
0,00054	0,00093	0,00078	0,00083	0,00077	0,00090	0,00083	0,00101	0,00098	0,00117	0,00133	0,00133	0,00143	0,00149	0,00174	0,00166	0,00165	0,00173	0,00162	0,00159	0,00165	0,00161	0,00154	0,00141	0,00151	0,00146	0,00139	0,00138	0,00135	0,00131	0,00129	0,00129	0,00135	0,00133	0,00141	0,00138	0,00145	0,00130	0,00136	0,00124	0,00134	0,00096	0,00092	0,00097	0,00086	0,00061	0,00055	0,00057	0,00051	0,00056	0,00044
0,00058	0,00075	0,00084	0,00095	0,00083	0,00096	0,00099	0,00103	0,00095	0,00128	0,00147	0,00144	0,00156	0,00168	0,00168	0,00177	0,00180	0,00174	0,00168	0,00170	0,00168	0,00160	0,00159	0,00143	0,00140	0,00135	0,00143	0,00143	0,00121	0,00127	0,00143	0,00136	0,00146	0,00128	0,00143	0,00127	0,00148	0,00143	0,00127	0,00123	0,00137	0,00120	0,00091	0,00104	0,00102	0,00068	0,00060	0,00059	0,00061	0,00044	0,00063
0,00069	0,00079	0,00072	0,00092	0,00090	0,00099	0,00084	0,00109	0,00104	0,00135	0,00149	0,00170	0,00170	0,00161	0,00170	0,00169	0,00182	0,00164	0,00170	0,00152	0,00170	0,00142	0,00137	0,00146	0,00143	0,00138	0,00137	0,00135	0,00140	0,00143	0,00132	0,00135	0,00134	0,00157	0,00144	0,00142	0,00159	0,00131	0,00143	0,00121	0,00109	0,00084	0,00098	0,00082	0,00076	0,00061	0,00060	0,00067	0,00066	0,00068	0,00075
0,00078	0,00087	0,00085	0,00081	0,00088	0,00093	0,00110	0,00108	0,00125	0,00147	0,00145	0,00162	0,00164	0,00167	0,00169	0,00159	0,00158	0,00154	0,00160	0,00146	0,00158	0,00159	0,00131	0,00134	0,00130	0,00138	0,00122	0,00144	0,00144	0,00136	0,00135	0,00136	0,00127	0,00146	0,00148	0,00144	0,00143	0,00142	0,00132	0,00135	0,00127	0,00107	0,00089	0,00086	0,00080	0,00077	0,00072	0,00061	0,00069	0,00077	0,00074
0,00065	0,00085	0,00081	0,00086	0,00097	0,00093	0,00102	0,00109	0,00119	0,00111	0,00138	0,00155	0,00151	0,00142	0,00153	0,00134	0,00141	0,00122	0,00136	0,00136	0,00131	0,00121	0,00128	0,00127	0,00142	0,00124	0,00132	0,00128	0,00141	0,00138	0,00134	0,00142	0,00150	0,00156	0,00148	0,00156	0,00162	0,00158	0,00148	0,00139	0,00120	0,00101	0,00104	0,00091	0,00080	0,00076	0,00074	0,00070	0,00081	0,00079	0,00068
0,00081	0,00072	0,00073	0,00082	0,00092	0,00099	0,00099	0,00101	0,00104	0,00130	0,00139	0,00138	0,00138	0,00139	0,00139	0,00122	0,00121	0,00124	0,00110	0,00123	0,00103	0,00125	0,00113	0,00114	0,00123	0,00121	0,00135	0,00110	0,00113	0,00142	0,00136	0,00136	0,00148	0,00154	0,00169	0,00149	0,00138	0,00154	0,00151	0,00131	0,00131	0,00109	0,00107	0,00079	0,00091	0,00084	0,00077	0,00067	0,00069	0,00071	0,00082
0,00085	0,00085	0,00081	0,00072	0,00083	0,00073	0,00075	0,00092	0,00097	0,00131	0,00135	0,00124	0,00126	0,00118	0,00122	0,00128	0,00127	0,00107	0,00112	0,00112	0,00113	0,00104	0,00108	0,00114	0,00120	0,00118	0,00117	0,00130	0,00125	0,00132	0,00135	0,00133	0,00156	0,00159	0,00169	0,00157	0,00149	0,00152	0,00156	0,00136	0,00135	0,00103	0,00090	0,00102	0,00100	0,00091	0,00088	0,00078	0,00071	0,00073	0,00074
0,00082	0,00061	0,00078	0,00081	0,00085	0,00078	0,00095	0,00088	0,00092	0,00121	0,00124	0,00113	0,00124	0,00113	0,00101	0,00125	0,00106	0,00101	0,00112	0,00102	0,00120	0,00113	0,00099	0,00106	0,00116	0,00122	0,00111	0,00121	0,00129	0,00135	0,00135	0,00145	0,00157	0,00156	0,00163	0,00150	0,00147	0,00146	0,00136	0,00129	0,00132	0,00105	0,00105	0,00104	0,00089	0,00074	0,00082	0,00073	0,00080	0,00064	0,00075
0,00068	0,00065	0,00062	0,00081	0,00084	0,00070	0,00091	0,00082	0,00094	0,00103	0,00107	0,00114	0,00111	0,00117	0,00108	0,00097	0,00098	0,00107	0,00107	0,00090	0,00093	0,00111	0,00112	0,00111	0,00118	0,00118	0,00107	0,00136	0,00141	0,00125	0,00129	0,00149	0,00140	0,00146	0,00139	0,00144	0,00141	0,00133	0,00131	0,00124	0,00120	0,00103	0,00097	0,00088	0,00086	0,00061	0,00090	0,00071	0,00079	0,00075	0,00086
0,00056	0,00074	0,00059	0,00068	0,00052	0,00080	0,00073	0,00087	0,00100	0,00098	0,00114	0,00098	0,00095	0,00103	0,00098	0,00122	0,00119	0,00118	0,00111	0,00108	0,00132	0,00129	0,00129	0,00114	0,00105	0,00125	0,00130	0,00126	0,00127	0,00135	0,00140	0,00137	0,00142	0,00138	0,00115	0,00119	0,00118	0,00115	0,00110	0,00101	0,00119	0,00079	0,00089	0,00074	0,00068	0,00068	0,00067	0,00077	0,00070	0,00066	0,00074
0,00063	0,00065	0,00064	0,00075	0,00074	0,00073	0,00084	0,00075	0,00093	0,00118	0,00109	0,00105	0,00110	0,00128	0,00131	0,00125	0,00126	0,00119	0,00123	0,00131	0,00114	0,00146	0,00138	0,00135	0,00118	0,00147	0,00130	0,00146	0,00135	0,00130	0,00131	0,00140	0,00140	0,00116	0,00126	0,00113	0,00121	0,00109	0,00100	0,00092	0,00090	0,00063	0,00074	0,00069	0,00089	0,00071	0,00073	0,00058	0,00066	0,00075	0,00064
0,00044	0,00059	0,00076	0,00076	0,00086	0,00070	0,00061	0,00067	0,00084	0,00104	0,00116	0,00120	0,00119	0,00119	0,00134	0,00146	0,00138	0,00151	0,00156	0,00134	0,00158	0,00138	0,00137	0,00155	0,00143	0,00143	0,00123	0,00142	0,00131	0,00135	0,00120	0,00131	0,00137	0,00121	0,00121	0,00095	0,00104	0,00099	0,00101	0,00094	0,00077	0,00070	0,00059	0,00071	0,00067	0,00069	0,00080	0,00064	0,00078	0,00064	0,00090
0,00048	0,00066	0,00068	0,00069	0,00085	0,00089	0,00077	0,00087	0,00089	0,00113	0,00106	0,00121	0,00136	0,00150	0,00141	0,00155	0,00162	0,00166	0,00169	0,00161	0,00153	0,00151	0,00161	0,00152	0,00145	0,00143	0,00143	0,00146	0,00140	0,00128	0,00137	0,00146	0,00123	0,00114	0,00109	0,00102	0,00092	0,00093	0,00091	0,00085	0,00091	0,00087	0,00091	0,00101	0,00073	0,00098	0,00111	0,00088	0,00098	0,00098	0,00088
0,00054	0,00061	0,00066	0,00061	0,00093	0,00080	0,00086	0,00084	0,00101	0,00108	0,00134	0,00141	0,00155	0,00171	0,00178	0,00177	0,00194	0,00186	0,00178	0,00182	0,00201	0,00183	0,00171	0,00177	0,00161	0,00164	0,00150	0,00141	0,00143	0,00147	0,00119	0,00129	0,00113	0,00126	0,00101	0,00107	0,00111	0,00099	0,00093	0,00098	0,00098	0,00138	0,00100	0,00108	0,00103	0,00143	0,00133	0,00127	0,00139	0,00134	0,00172
0,00081	0,00043	0,00068	0,00070	0,00076	0,00097	0,00096	0,00091	0,00103	0,00128	0,00136	0,00144	0,00177	0,00189	0,00195	0,00208	0,00214	0,00198	0,00212	0,00208	0,00210	0,00184	0,00204	0,00185	0,00187	0,00177	0,00164	0,00157	0,00162	0,00142	0,00136	0,00137	0,00129	0,00125	0,00121	0,00122	0,00119	0,00120	0,00120	0,00118	0,00130	0,00153	0,00149	0,00143	0,00149	0,00191	0,00154	0,00165	0,00193	0,00208	0,00263
0,00077	0,00064	0,00076	0,00096	0,00073	0,00089	0,00084	0,00114	0,00118	0,00137	0,00145	0,00169	0,00188	0,00207	0,00209	0,00224	0,00228	0,00242	0,00235	0,00221	0,00220	0,00228	0,00209	0,00218	0,00189	0,00199	0,00181	0,00185	0,00161	0,00151	0,00143	0,00139	0,00134	0,00161	0,00147	0,00144	0,00132	0,00149	0,00137	0,00137	0,00142	0,00164	0,00170	0,00179	0,00172	0,00217	0,00216	0,00218	0,00225	0,00249	0,00366
0,00072	0,00079	0,00084	0,00095	0,00101	0,00082	0,00111	0,00106	0,00129	0,00155	0,00169	0,00197	0,00212	0,00222	0,00233	0,00243	0,00252	0,00262	0,00269	0,00256	0,00238	0,00235	0,00230	0,00232	0,00219	0,00225	0,00199	0,00205	0,00187	0,00169	0,00146	0,00171	0,00149	0,00166	0,00154	0,00179	0,00162	0,00156	0,00159	0,00146	0,00161	0,00169	0,00189	0,00194	0,00193	0,00250	0,00266	0,00283	0,00347	0,00370	0,00566
0,00068	0,00071	0,00088	0,00105	0,00096	0,00109	0,00103	0,00120	0,00127	0,00162	0,00171	0,00196	0,00213	0,00238	0,00243	0,00264	0,00271	0,00278	0,00273	0,00263	0,00268	0,00278	0,00261	0,00252	0,00233	0,00240	0,00209	0,00228	0,00210	0,00223	0,00190	0,00189	0,00185	0,00196	0,00174	0,00188	0,00184	0,00161	0,00170	0,00173	0,00181	0,00207	0,00208	0,00201	0,00216	0,00323	0,00330	0,00356	0,00453	0,00576	0,00877
0,00081	0,00088	0,00084	0,00093	0,00093	0,00113	0,00114	0,00133	0,00157	0,00187	0,00190	0,00210	0,00238	0,00265	0,00256	0,00288	0,00273	0,00282	0,00299	0,00312	0,00293	0,00307	0,00266	0,00286	0,00261	0,00282	0,00248	0,00272	0,00230	0,00221	0,00216	0,00201	0,00199	0,00211	0,00194	0,00198	0,00183	0,00197	0,00190	0,00183	0,00181	0,00185	0,00213	0,00244	0,00235	0,00460	0,00449	0,00494	0,00630	0,00796	0,01325
0,00076	0,00070	0,00085	0,00086	0,00108	0,00128	0,00109	0,00133	0,00172	0,00189	0,00203	0,00224	0,00243	0,00273	0,00275	0,00293	0,00305	0,00326	0,00334	0,00329	0,00295	0,00321	0,00314	0,00301	0,00314	0,00296	0,00287	0,00288	0,00258	0,00271	0,00251	0,00241	0,00252	0,00246	0,00224	0,00211	0,00190	0,00179	0,00175	0,00174	0,00164	0,00212	0,00265	0,00298	0,00290	0,00630	0,00713	0,00746	0,01099	0,01272	0,01909
0,00081	0,00077	0,00105	0,00099	0,00104	0,00131	0,00118	0,00136	0,00160	0,00184	0,00222	0,00234	0,00257	0,00280	0,00296	0,00320	0,00305	0,00334	0,00318	0,00346	0,00342	0,00349	0,00341	0,00332	0,00322	0,00321	0,00319	0,00329	0,00291	0,00314	0,00272	0,00283	0,00274	0,00260	0,00236	0,00229	0,00196	0,00184	0,00181	0,00171	0,00171	0,00238	0,00341	0,00378	0,00381	0,00944	0,01010	0,01415	0,01619	0,01815	0,02719
0,00082	0,00092	0,00074	0,00117	0,00117	0,00121	0,00121	0,00150	0,00170	0,00201	0,00204	0,00244	0,00258	0,00302	0,00289	0,00310	0,00317	0,00342	0,00357	0,00363	0,00357	0,00364	0,00368	0,00371	0,00353	0,00370	0,00344	0,00362	0,00342	0,00346	0,00318	0,00326	0,00296	0,00272	0,00247	0,00223	0,00196	0,00168	0,00160	0,00151	0,00151	0,00299	0,00451	0,00566	0,00605	0,01229	0,01336	0,01695	0,02023	0,02346	0,03454
0,00075	0,00075	0,00092	0,00111	0,00111	0,00119	0,00118	0,00136	0,00165	0,00189	0,00223	0,00242	0,00263	0,00289	0,00295	0,00323	0,00340	0,00348	0,00349	0,00370	0,00373	0,00381	0,00384	0,00367	0,00363	0,00384	0,00383	0,00393	0,00367	0,00375	0,00353	0,00347	0,00318	0,00292	0,00247	0,00231	0,00178	0,00156	0,00162	0,00135	0,00168	0,00360	0,00549	0,00783	0,00743	0,01468	0,01810	0,02212	0,02474	0,03209	0,04335
0,00069	0,00096	0,00073	0,00107	0,00106	0,00105	0,00124	0,00153	0,00180	0,00192	0,00228	0,00237	0,00260	0,00283	0,00300	0,00321	0,00335	0,00349	0,00354	0,00363	0,00375	0,00388	0,00377	0,00388	0,00382	0,00410	0,00385	0,00408	0,00395	0,00401	0,00388	0,00382	0,00343	0,00310	0,00268	0,00182	0,00167	0,00148	0,00145	0,00121	0,00205	0,00479	0,00760	0,00934	0,01027	0,01809	0,02415	0,02609	0,03544	0,03952	0,05267
0,00072	0,00085	0,00090	0,00098	0,00101	0,00106	0,00108	0,00134	0,00169	0,00193	0,00205	0,00240	0,00263	0,00288	0,00309	0,00311	0,00330	0,00350	0,00344	0,00360	0,00385	0,00396	0,00389	0,00386	0,00396	0,00413	0,00414	0,00423	0,00422	0,00424	0,00400	0,00398	0,00376	0,00330	0,00260	0,00191	0,00164	0,00115	0,00129	0,00108	0,00233	0,00572	0,00999	0,01310	0,01585	0,02538	0,02851	0,03387	0,03882	0,04770	0,06336
0,00080	0,00099	0,00091	0,00102	0,00110	0,00117	0,00126	0,00146	0,00171	0,00184	0,00201	0,00233	0,00248	0,00295	0,00288	0,00295	0,00317	0,00326	0,00346	0,00357	0,00378	0,00381	0,00382	0,00383	0,00403	0,00400	0,00412	0,00425	0,00415	0,00406	0,00419	0,00396	0,00355	0,00300	0,00228	0,00175	0,00143	0,00103	0,00109	0,00122	0,00296	0,00734	0,01338	0,01598	0,01975	0,03141	0,03562	0,04090	0,04814	0,05587	0,07297
0,00090	0,00078	0,00117	0,00091	0,00123	0,00108	0,00111	0,00141	0,00163	0,00190	0,00195	0,00211	0,00246	0,00263	0,00283	0,00292	0,00315	0,00329	0,00341	0,00336	0,00340	0,00366	0,00391	0,00378	0,00402	0,00399	0,00415	0,00395	0,00420	0,00413	0,00415	0,00401	0,00361	0,00291	0,00203	0,00152	0,00110	0,00089	0,00087	0,00128	0,00346	0,00914	0,01667	0,02016	0,02510	0,03718	0,04192	0,04828	0,06118	0,06743	0,08172
0,00064	0,00079	0,00089	0,00100	0,00089	0,00108	0,00116	0,00125	0,00146	0,00163	0,00196	0,00212	0,00223	0,00245	0,00264	0,00280	0,00283	0,00295	0,00314	0,00317	0,00344	0,00352	0,00357	0,00353	0,00371	0,00386	0,00394	0,00382	0,00413	0,00388	0,00392	0,00387	0,00361	0,00260	0,00213	0,00144	0,00104	0,00109	0,00111	0,00195	0,00520	0,01337	0,02040	0,02684	0,03052	0,04288	0,04901	0,05786	0,06898	0,07452	0,08677
0,00082	0,00074	0,00072	0,00090	0,00099	0,00109	0,00114	0,00128	0,00154	0,00157	0,00177	0,00197	0,00209	0,00247	0,00253	0,00252	0,00288	0,00293	0,00295	0,00316	0,00322	0,00316	0,00339	0,00343	0,00361	0,00356	0,00375	0,00369	0,00372	0,00373	0,00392	0,00369	0,00329	0,00251	0,00180	0,00151	0,00109	0,00173	0,00165	0,00274	0,00756	0,01565	0,02372	0,03135	0,03624	0,04438	0,05547	0,06210	0,07156	0,07800	0,08907
0,00062	0,00079	0,00079	0,00077	0,00103	0,00089	0,00094	0,00107	0,00143	0,00143	0,00163	0,00195	0,00204	0,00219	0,00234	0,00253	0,00261	0,00282	0,00279	0,00287	0,00304	0,00296	0,00313	0,00332	0,00342	0,00349	0,00353	0,00367	0,00374	0,00349	0,00377	0,00347	0,00321	0,00265	0,00190	0,00214	0,00180	0,00262	0,00227	0,00394	0,01015	0,01930	0,02861	0,03710	0,03840	0,05042	0,05862	0,06594	0,07402	0,07990	0,08774
0,00063	0,00078	0,00085	0,00078	0,00074	0,00075	0,00094	0,00098	0,00123	0,00151	0,00151	0,00180	0,00176	0,00201	0,00212	0,00235	0,00239	0,00250	0,00251	0,00277	0,00278	0,00287	0,00299	0,00312	0,00336	0,00339	0,00349	0,00344	0,00364	0,00359	0,00358	0,00349	0,00315	0,00307	0,00243	0,00284	0,00311	0,00412	0,00337	0,00591	0,01363	0,02222	0,03230	0,03801	0,04363	0,05109	0,05931	0,06761	0,07376	0,07836	0,08297
0,00061	0,00062	0,00074	0,00072	0,00083	0,00090	0,00090	0,00096	0,00122	0,00124	0,00140	0,00168	0,00172	0,00184	0,00188	0,00221	0,00227	0,00250	0,00247	0,00269	0,00282	0,00296	0,00304	0,00312	0,00312	0,00338	0,00347	0,00379	0,00368	0,00395	0,00366	0,00368	0,00356	0,00386	0,00361	0,00498	0,00441	0,00662	0,00536	0,00789	0,01797	0,02564	0,03442	0,04268	0,04407	0,05250	0,05866	0,06621	0,06930	0,07531	0,07651
0,00053	0,00061	0,00075	0,00064	0,00066	0,00083	0,00072	0,00089	0,00106	0,00122	0,00118	0,00157	0,00162	0,00176	0,00195	0,00211	0,00233	0,00240	0,00250	0,00260	0,00293	0,00309	0,00313	0,00328	0,00340	0,00368	0,00360	0,00394	0,00400	0,00450	0,00383	0,00413	0,00402	0,00529	0,00555	0,00723	0,00732	0,00920	0,00892	0,01137	0,02290	0,03115	0,03877	0,04457	0,04775	0,05305	0,05775	0,06327	0,06648	0,07044	0,07005
0,00059	0,00069	0,00055	0,00062	0,00066	0,00085	0,00084	0,00068	0,00099	0,00099	0,00120	0,00132	0,00142	0,00178	0,00171	0,00186	0,00203	0,00228	0,00232	0,00267	0,00289	0,00322	0,00328	0,00347	0,00368	0,00408	0,00409	0,00459	0,00438	0,00510	0,00457	0,00511	0,00508	0,00732	0,00802	0,01014	0,01124	0,01338	0,01242	0,01587	0,02729	0,03465	0,04209	0,04804	0,04992	0,05469	0,05848	0,06278	0,06464	0,06666	0,06626
0,00074	0,00058	0,00044	0,00057	0,00061	0,00071	0,00072	0,00082	0,00099	0,00101	0,00114	0,00133	0,00147	0,00150	0,00170	0,00203	0,00191	0,00250	0,00252	0,00277	0,00308	0,00381	0,00344	0,00433	0,00402	0,00488	0,00468	0,00524	0,00507	0,00624	0,00490	0,00622	0,00676	0,00948	0,00965	0,01493	0,01451	0,01745	0,01710	0,02024	0,03355	0,04149	0,04743	0,05295	0,05469	0,05802	0,06169	0,06451	0,06543	0,06623	0,06524
0,00066	0,00057	0,00067	0,00066	0,00047	0,00072	0,00070	0,00082	0,00094	0,00096	0,00102	0,00120	0,00129	0,00144	0,00159	0,00188	0,00207	0,00238	0,00234	0,00281	0,00315	0,00381	0,00355	0,00472	0,00446	0,00546	0,00523	0,00621	0,00618	0,00721	0,00604	0,00793	0,00865	0,01117	0,01373	0,01777	0,01849	0,02291	0,02077	0,02605	0,04132	0,04726	0,05262	0,05677	0,05857	0,06167	0,06571	0,06820	0,06821	0,06844	0,06671
0,00074	0,00069	0,00060	0,00062	0,00050	0,00072	0,00046	0,00065	0,00071	0,00092	0,00104	0,00107	0,00115	0,00156	0,00160	0,00185	0,00202	0,00237	0,00251	0,00305	0,00343	0,00413	0,00409	0,00509	0,00508	0,00608	0,00586	0,00713	0,00726	0,00838	0,00756	0,00939	0,01049	0,01268	0,01580	0,02080	0,02254	0,02692	0,02559	0,03226	0,04573	0,05157	0,05834	0,06206	0,06445	0,06789	0,07033	0,07275	0,07237	0,07208	0,06974
0,00071	0,00061	0,00055	0,00079	0,00081	0,00072	0,00054	0,00076	0,00076	0,00077	0,00086	0,00114	0,00121	0,00139	0,00141	0,00178	0,00212	0,00221	0,00248	0,00328	0,00362	0,00436	0,00437	0,00528	0,00573	0,00676	0,00668	0,00816	0,00818	0,00935	0,00879	0,01057	0,01263	0,01423	0,01873	0,02227	0,02569	0,03127	0,03098	0,03518	0,04895	0,05482	0,06344	0,06740	0,06922	0,07141	0,07375	0,07558	0,07696	0,07613	0,07368
