24,03922	24,11765	24,19608	24,27451	24,35294	24,43137	24,50980	24,58824	24,66667	24,74510	24,82353	24,90196	24,98039	25,05882	25,13725	25,21569	25,29412	25,37255	25,45098	25,52941	25,60784	25,68627	25,76471	25,84314	25,92157	26,00000	26,07843	26,15686	26,23529	26,31373	26,39216	26,47059	26,54902	26,62745	26,70588	26,78431	26,86275	26,94118	27,01961	27,09804	27,17647	27,25490	27,33333	27,41176	27,49020	27,56863	27,64706	27,72549	27,80392	27,88235	27,96078
31,03922	31,11765	31,19608	31,27451	31,35294	31,43137	31,50980	31,58824	31,66667	31,74510	31,82353	31,90196	31,98039	32,05882	32,13725	32,21569	32,29412	32,37255	32,45098	32,52941	32,60784	32,68627	32,76471	32,84314	32,92157	33,00000	33,07843	33,15686	33,23529	33,31373	33,39216	33,47059	33,54902	33,62745	33,70588	33,78431	33,86275	33,94118	34,01961	34,09804	34,17647	34,25490	34,33333	34,41176	34,49020	34,56863	34,64706	34,72549	34,80392	34,88235	34,96078
0,00085	0,00081	0,00066	0,00059	0,00041	0,00050	0,00037	0,00047	0,00041	0,00059	0,00053	0,00059	0,00053	0,00045	0,00054	0,00058	0,00041	0,00025	0,00024	-0,00027	-0,00023	-0,00051	-0,00055	-0,00051	-0,00050	-0,00047	-0,00047	-0,00032	-0,00033	-0,00029	-0,00032	-0,00018	-0,00003	-0,00004	0,00008	0,00008	0,00005	-0,00000	0,00016	0,00008	0,00001	0,00005	0,00008	-0,00021	-0,00019	-0,00030	-0,00033	0,00003	-0,00022	-0,00013	-0,00013
0,00084	0,00088	0,00078	0,00058	0,00044	0,00041	0,00054	0,00037	0,00050	0,00049	0,00059	0,00064	0,00050	0,00051	0,00057	0,00053	0,00045	0,00033	0,00017	-0,00015	-0,00021	-0,00047	-0,00058	-0,00056	-0,00061	-0,00037	-0,00062	-0,00046	-0,00030	-0,00030	-0,00020	0,00002	-0,00001	0,00006	0,00001	0,00012	-0,00002	0,00004	0,00008	0,00009	0,00004	-0,00005	-0,00005	-0,00019	-0,00016	-0,00017	-0,00024	0,00009	0,00000	-0,00002	-0,00014
0,00086	0,00106	0,00086	0,00066	0,00063	0,00037	0,00044	0,00036	0,00042	0,00039	0,00044	0,00056	0,00064	0,00057	0,00055	0,00056	0,00055	0,00031	0,00008	-0,00012	-0,00027	-0,00043	-0,00050	-0,00064	-0,00069	-0,00051	-0,00051	-0,00026	-0,00029	-0,00018	-0,00026	-0,00013	-0,00007	-0,00016	-0,00009	-0,00004	0,00004	-0,00016	-0,00013	-0,00005	-0,00006	-0,00018	-0,00009	-0,00017	0,00001	-0,00020	-0,00032	0,00005	-0,00000	0,00001	0,00005
0,00096	0,00110	0,00084	0,00076	0,00066	0,00046	0,00028	0,00028	0,00026	0,00046	0,00049	0,00053	0,00056	0,00056	0,00065	0,00059	0,00053	0,00041	0,00021	0,00008	-0,00020	-0,00033	-0,00054	-0,00050	-0,00057	-0,00050	-0,00051	-0,00040	-0,00019	-0,00015	-0,00014	-0,00011	-0,00016	-0,00007	-0,00016	-0,00012	-0,00010	-0,00000	-0,00023	-0,00026	-0,00018	-0,00017	-0,00017	-0,00024	-0,00017	-0,00033	-0,00023	0,00005	0,00001	0,00010	0,00007
0,00081	0,00089	0,00082	0,00063	0,00048	0,00019	0,00033	0,00003	0,00022	0,00034	0,00044	0,00043	0,00053	0,00054	0,00047	0,00058	0,00060	0,00033	0,00023	0,00011	-0,00015	-0,00028	-0,00040	-0,00058	-0,00054	-0,00052	-0,00060	-0,00024	-0,00037	0,00003	-0,00014	-0,00016	-0,00015	-0,00010	-0,00028	-0,00023	-0,00020	-0,00027	-0,00028	-0,00042	-0,00028	-0,00023	-0,00016	-0,00038	-0,00030	-0,00021	-0,00025	-0,00008	0,00008	0,00019	-0,00000
0,00066	0,00063	0,00068	0,00050	0,00043	-0,00001	-0,00001	0,00013	0,00009	0,00014	0,00032	0,00040	0,00043	0,00045	0,00057	0,00065	0,00067	0,00043	0,00021	-0,00001	-0,00032	-0,00033	-0,00054	-0,00054	-0,00059	-0,00052	-0,00052	-0,00024	-0,00021	-0,00014	-0,00008	-0,00012	-0,00023	-0,00034	-0,00032	-0,00030	-0,00043	-0,00040	-0,00038	-0,00036	-0,00036	-0,00053	-0,00044	-0,00042	-0,00033	-0,00027	-0,00035	-0,00011	-0,00005	0,00011	0,00009
0,00048	0,00068	0,00047	0,00026	0,00018	-0,00009	-0,00005	0,00005	0,00020	0,00023	0,00032	0,00034	0,00053	0,00050	0,00058	0,00067	0,00074	0,00058	0,00031	0,00004	-0,00022	-0,00030	-0,00046	-0,00048	-0,00037	-0,00057	-0,00052	-0,00034	-0,00026	-0,00023	-0,00026	-0,00024	-0,00029	-0,00031	-0,00036	-0,00049	-0,00030	-0,00041	-0,00046	-0,00056	-0,00043	-0,00040	-0,00045	-0,00042	-0,00040	-0,00046	-0,00047	-0,00024	-0,00021	-0,00015	-0,00012
0,00023	0,00038	0,00030	-0,00003	-0,00011	-0,00025	-0,00024	-0,00020	0,00010	-0,00005	0,00032	0,00039	0,00050	0,00055	0,00061	0,00068	0,00081	0,00048	0,00010	-0,00025	-0,00035	-0,00039	-0,00044	-0,00052	-0,00047	-0,00063	-0,00045	-0,00031	-0,00020	-0,00026	-0,00026	-0,00038	-0,00034	-0,00046	-0,00046	-0,00048	-0,00050	-0,00043	-0,00044	-0,00043	-0,00045	-0,00058	-0,00047	-0,00047	-0,00058	-0,00042	-0,00039	-0,00036	-0,00036	-0,00022	-0,00019
-0,00002	0,00001	-0,00007	-0,00014	-0,00023	-0,00035	-0,00024	-0,00007	0,00011	0,00025	0,00026	0,00039	0,00057	0,00059	0,00063	0,00061	0,00081	0,00043	0,00031	-0,00034	-0,00040	-0,00044	-0,00052	-0,00060	-0,00052	-0,00048	-0,00059	-0,00043	-0,00036	-0,00057	-0,00040	-0,00038	-0,00031	-0,00058	-0,00055	-0,00055	-0,00053	-0,00049	-0,00055	-0,00059	-0,00053	-0,00044	-0,00055	-0,00058	-0,00032	-0,00050	-0,00063	-0,00046	-0,00050	-0,00036	-0,00027
-0,00024	-0,00008	-0,00023	-0,00035	-0,00036	-0,00040	-0,00017	-0,00001	0,00007	0,00028	0,00039	0,00041	0,00048	0,00067	0,00065	0,00064	0,00072	0,00049	0,00004	-0,00038	-0,00044	-0,00045	-0,00050	-0,00051	-0,00053	-0,00050	-0,00045	-0,00050	-0,00043	-0,00050	-0,00039	-0,00051	-0,00048	-0,00051	-0,00049	-0,00050	-0,00045	-0,00044	-0,00044	-0,00036	-0,00046	-0,00046	-0,00045	-0,00043	-0,00052	-0,00049	-0,00055	-0,00050	-0,00051	-0,00045	-0,00044
-0,00030	-0,00031	-0,00024	-0,00030	-0,00034	-0,00013	-0,00012	-0,00002	0,00024	0,00030	0,00055	0,00050	0,00050	0,00071	0,00069	0,00066	0,00062	0,00036	-0,00016	-0,00011	-0,00029	-0,00010	-0,00036	-0,00032	-0,00045	-0,00027	-0,00032	-0,00035	-0,00044	-0,00045	-0,00044	-0,00048	-0,00048	-0,00056	-0,00055	-0,00049	-0,00032	-0,00028	-0,00042	-0,00035	-0,00037	-0,00008	-0,00037	-0,00027	-0,00045	-0,00051	-0,00047	-0,00049	-0,00054	-0,00044	-0,00049
-0,00018	-0,00027	-0,00028	-0,00021	-0,00024	-0,00001	0,00013	0,00024	0,00039	0,00062	0,00060	0,00065	0,00058	0,00064	0,00061	0,00063	0,00044	0,00022	0,00024	0,00075	0,00065	0,00049	-0,00010	0,00026	-0,00004	0,00022	-0,00005	0,00015	-0,00026	-0,00007	-0,00032	-0,00012	-0,00023	-0,00027	-0,00024	-0,00018	-0,00011	0,00038	-0,00012	0,00029	-0,00003	0,00001	-0,00018	-0,00017	-0,00020	-0,00033	-0,00048	-0,00041	-0,00057	-0,00057	-0,00049
-0,00031	-0,00018	-0,00028	-0,00015	-0,00023	0,00038	0,00035	0,00069	0,00068	0,00073	0,00077	0,00082	0,00079	0,00087	0,00084	0,00072	0,00050	0,00045	0,00112	0,00238	0,00186	0,00154	0,00099	0,00157	0,00091	0,00135	0,00066	0,00070	0,00016	0,00042	-0,00005	0,00076	0,00027	0,00056	0,00026	0,00036	0,00057	0,00075	0,00072	0,00111	0,00049	0,00057	0,00046	0,00022	0,00005	-0,00007	-0,00029	-0,00009	-0,00037	-0,00054	-0,00051
0,00009	0,00004	0,00005	0,00031	0,00022	0,00057	0,00062	0,00102	0,00090	0,00112	0,00096	0,00099	0,00096	0,00098	0,00100	0,00088	0,00071	0,00078	0,00199	0,00379	0,00367	0,00355	0,00241	0,00288	0,00274	0,00239	0,00154	0,00222	0,00169	0,00183	0,00121	0,00232	0,00136	0,00175	0,00073	0,00142	0,00156	0,00186	0,00186	0,00169	0,00143	0,00141	0,00113	0,00099	0,00059	0,00029	0,00011	0,00008	-0,00024	-0,00045	-0,00042
0,00041	0,00045	0,00029	0,00068	0,00060	0,00092	0,00089	0,00133	0,00125	0,00132	0,00142	0,00143	0,00125	0,00135	0,00106	0,00124	0,00099	0,00130	0,00373	0,00585	0,00554	0,00578	0,00516	0,00508	0,00387	0,00561	0,00417	0,00478	0,00392	0,00491	0,00391	0,00519	0,00399	0,00488	0,00232	0,00383	0,00268	0,00353	0,00327	0,00313	0,00257	0,00252	0,00216	0,00211	0,00133	0,00080	0,00055	0,00068	0,00013	-0,00016	-0,00014
0,00065	0,00080	0,00074	0,00100	0,00103	0,00139	0,00144	0,00168	0,00166	0,00163	0,00181	0,00160	0,00143	0,00170	0,00152	0,00186	0,00166	0,00212	0,00510	0,00691	0,00729	0,00864	0,00771	0,00807	0,00742	0,00931	0,00793	0,00985	0,00761	0,00719	0,00758	0,00910	0,00725	0,00712	0,00598	0,00690	0,00548	0,00649	0,00453	0,00556	0,00434	0,00423	0,00323	0,00277	0,00216	0,00160	0,00096	0,00145	0,00066	0,00044	0,00015
0,00117	0,00124	0,00096	0,00132	0,00109	0,00180	0,00200	0,00236	0,00218	0,00230	0,00204	0,00198	0,00186	0,00195	0,00190	0,00213	0,00198	0,00296	0,00616	0,00879	0,00938	0,01175	0,01026	0,01273	0,01149	0,01365	0,01228	0,01583	0,01392	0,01242	0,01258	0,01583	0,01333	0,01163	0,00988	0,00959	0,00931	0,01091	0,00828	0,00978	0,00630	0,00639	0,00497	0,00423	0,00346	0,00283	0,00178	0,00278	0,00177	0,00102	0,00090
0,00174	0,00184	0,00151	0,00201	0,00181	0,00257	0,00268	0,00268	0,00253	0,00283	0,00262	0,00223	0,00218	0,00232	0,00221	0,00226	0,00254	0,00375	0,00755	0,01051	0,01259	0,01437	0,01297	0,01788	0,01628	0,02009	0,01845	0,02132	0,02020	0,02201	0,02069	0,02387	0,01834	0,01845	0,01570	0,01457	0,01431	0,01384	0,01187	0,01214	0,00935	0,00896	0,00769	0,00627	0,00523	0,00370	0,00260	0,00458	0,00313	0,00235	0,00185
0,00230	0,00226	0,00204	0,00242	0,00234	0,00283	0,00283	0,00345	0,00318	0,00328	0,00306	0,00268	0,00256	0,00279	0,00263	0,00270	0,00296	0,00408	0,00860	0,01436	0,01581	0,01958	0,01853	0,02334	0,02395	0,03002	0,02442	0,03074	0,02687	0,03245	0,02995	0,03216	0,02806	0,02646	0,02037	0,02174	0,02077	0,02009	0,01662	0,01676	0,01362	0,01324	0,01030	0,00846	0,00711	0,00501	0,00401	0,00670	0,00539	0,00425	0,00306
0,00276	0,00296	0,00271	0,00290	0,00293	0,00345	0,00372	0,00413	0,00375	0,00375	0,00344	0,00316	0,00281	0,00288	0,00287	0,00286	0,00301	0,00437	0,00959	0,01668	0,01979	0,02952	0,02691	0,03545	0,03080	0,04300	0,03777	0,04784	0,04102	0,04265	0,03799	0,04349	0,04133	0,03683	0,03126	0,03074	0,02884	0,02767	0,02259	0,02187	0,01810	0,01681	0,01221	0,01111	0,00880	0,00685	0,00558	0,00898	0,00769	0,00684	0,00478
0,00317	0,00324	0,00291	0,00324	0,00335	0,00398	0,00429	0,00455	0,00408	0,00417	0,00384	0,00355	0,00313	0,00315	0,00301	0,00300	0,00307	0,00433	0,01223	0,02028	0,02691	0,03851	0,03614	0,04796	0,04379	0,05529	0,05394	0,06391	0,05925	0,05790	0,05549	0,06006	0,05463	0,05399	0,04368	0,04024	0,03374	0,03477	0,03045	0,02853	0,02186	0,02051	0,01694	0,01454	0,01157	0,00836	0,00693	0,01196	0,01122	0,00987	0,00806
0,00340	0,00369	0,00342	0,00376	0,00390	0,00439	0,00477	0,00495	0,00464	0,00476	0,00441	0,00372	0,00338	0,00324	0,00293	0,00280	0,00273	0,00401	0,01401	0,02778	0,03914	0,04889	0,04570	0,06299	0,05893	0,07931	0,07268	0,08486	0,07819	0,07643	0,06950	0,08135	0,06891	0,06945	0,05640	0,05085	0,04349	0,04240	0,03924	0,03428	0,02806	0,02509	0,02101	0,01899	0,01397	0,01079	0,00876	0,01488	0,01545	0,01379	0,01136
0,00370	0,00410	0,00382	0,00408	0,00419	0,00492	0,00520	0,00550	0,00531	0,00506	0,00433	0,00390	0,00360	0,00316	0,00280	0,00227	0,00242	0,00397	0,01873	0,03608	0,04608	0,06140	0,05999	0,08239	0,07799	0,09103	0,08297	0,10489	0,09544	0,09619	0,08746	0,09111	0,08132	0,07863	0,06779	0,06412	0,05185	0,05291	0,04481	0,04264	0,03339	0,03056	0,02379	0,02138	0,01737	0,01234	0,01030	0,01641	0,02126	0,01897	0,01539
0,00383	0,00412	0,00393	0,00456	0,00447	0,00537	0,00568	0,00612	0,00577	0,00564	0,00469	0,00419	0,00380	0,00311	0,00268	0,00197	0,00199	0,00441	0,02666	0,04895	0,05819	0,07609	0,08140	0,09112	0,09785	0,11300	0,10691	0,12453	0,11705	0,11904	0,11164	0,10956	0,10075	0,09499	0,08272	0,07681	0,06496	0,06260	0,05384	0,05133	0,04139	0,03539	0,02839	0,02519	0,02030	0,01508	0,01142	0,01570	0,02670	0,02529	0,02098
0,00420	0,00441	0,00440	0,00483	0,00485	0,00565	0,00615	0,00636	0,00621	0,00589	0,00495	0,00424	0,00386	0,00298	0,00239	0,00181	0,00157	0,00501	0,03137	0,05730	0,06843	0,08950	0,09387	0,10904	0,11101	0,13747	0,13274	0,14833	0,13718	0,13214	0,13040	0,12513	0,11795	0,10941	0,09820	0,09002	0,07729	0,07197	0,06084	0,05704	0,04572	0,04181	0,03175	0,02781	0,02228	0,01664	0,01291	0,01687	0,02996	0,03218	0,02662
0,00445	0,00474	0,00464	0,00506	0,00526	0,00598	0,00651	0,00667	0,00632	0,00612	0,00541	0,00445	0,00367	0,00260	0,00221	0,00141	0,00143	0,00685	0,04072	0,06465	0,08168	0,10110	0,10959	0,13003	0,12952	0,15546	0,15160	0,16091	0,15039	0,15127	0,14716	0,14191	0,12681	0,12465	0,10814	0,09442	0,08473	0,07822	0,06697	0,06188	0,05204	0,04711	0,03638	0,03055	0,02547	0,01812	0,01427	0,01788	0,03972	0,03861	0,03374
0,00460	0,00481	0,00487	0,00534	0,00561	0,00635	0,00681	0,00694	0,00670	0,00615	0,00514	0,00417	0,00344	0,00237	0,00186	0,00121	0,00164	0,00946	0,04659	0,07204	0,09251	0,11295	0,12109	0,14574	0,14781	0,16565	0,16532	0,18014	0,16958	0,16936	0,16254	0,15309	0,13968	0,13555	0,11814	0,10373	0,09139	0,08382	0,07493	0,06836	0,05646	0,04713	0,03941	0,03366	0,02736	0,01895	0,01536	0,01755	0,04734	0,04679	0,04014
0,00490	0,00498	0,00530	0,00584	0,00593	0,00651	0,00711	0,00737	0,00688	0,00652	0,00533	0,00421	0,00369	0,00280	0,00166	0,00184	0,00268	0,01125	0,05270	0,08034	0,09789	0,12258	0,12833	0,15200	0,16196	0,18119	0,18191	0,18949	0,18390	0,18208	0,17156	0,16087	0,15111	0,14307	0,12637	0,11154	0,09586	0,08813	0,08142	0,07156	0,05958	0,04997	0,04081	0,03509	0,02895	0,02061	0,01638	0,01782	0,05400	0,05438	0,04829
0,00525	0,00560	0,00551	0,00618	0,00604	0,00689	0,00772	0,00810	0,00759	0,00752	0,00574	0,00508	0,00422	0,00333	0,00241	0,00279	0,00474	0,01571	0,05941	0,08762	0,10400	0,12464	0,13815	0,15840	0,16833	0,18844	0,19356	0,19687	0,19308	0,18924	0,18077	0,16774	0,15704	0,14607	0,13142	0,11787	0,10219	0,09220	0,08315	0,07418	0,06294	0,05358	0,04251	0,03722	0,02945	0,02046	0,01729	0,01666	0,06097	0,05901	0,05397
0,00559	0,00591	0,00575	0,00635	0,00671	0,00718	0,00837	0,00910	0,00835	0,00887	0,00705	0,00605	0,00456	0,00491	0,00401	0,00472	0,00739	0,02296	0,06574	0,08968	0,10913	0,12323	0,13766	0,15848	0,16839	0,18404	0,19499	0,19916	0,19586	0,19104	0,18007	0,16778	0,15792	0,14755	0,13426	0,11897	0,10524	0,09383	0,08623	0,07473	0,06243	0,05221	0,04556	0,03666	0,03092	0,02196	0,01764	0,01712	0,06522	0,06513	0,05948
0,00594	0,00628	0,00637	0,00714	0,00728	0,00793	0,00922	0,01021	0,00994	0,01028	0,00951	0,00814	0,00706	0,00889	0,00671	0,00852	0,00964	0,03024	0,07370	0,09567	0,11002	0,12292	0,13571	0,14995	0,16443	0,17930	0,19032	0,19233	0,19296	0,18627	0,17627	0,16261	0,15765	0,14588	0,13265	0,12135	0,10368	0,09133	0,08658	0,07452	0,06223	0,05280	0,04416	0,03808	0,03222	0,02190	0,01758	0,01637	0,06952	0,06981	0,06631
0,00615	0,00682	0,00695	0,00810	0,00796	0,00904	0,01074	0,01219	0,01208	0,01252	0,01271	0,01295	0,00903	0,01367	0,01122	0,01619	0,01836	0,03522	0,08541	0,10097	0,11083	0,12266	0,13187	0,14288	0,15727	0,16802	0,18111	0,18119	0,18291	0,17696	0,17009	0,15678	0,15120	0,14274	0,12881	0,11609	0,10426	0,09046	0,08397	0,07143	0,06231	0,05053	0,04505	0,03638	0,02963	0,02155	0,01736	0,01582	0,07332	0,07102	0,06984
0,00650	0,00728	0,00732	0,00867	0,00907	0,00989	0,01279	0,01512	0,01481	0,01694	0,01658	0,01801	0,01374	0,01708	0,01770	0,02204	0,02754	0,04417	0,09725	0,11214	0,11938	0,13096	0,13206	0,14255	0,15221	0,16032	0,16959	0,16798	0,17131	0,16466	0,15558	0,14398	0,14230	0,13195	0,12580	0,11156	0,10051	0,08660	0,08128	0,06853	0,06135	0,04943	0,04105	0,03519	0,02927	0,02102	0,01713	0,01557	0,07447	0,07428	0,07375
0,00702	0,00785	0,00801	0,00977	0,01011	0,01130	0,01495	0,01786	0,01793	0,02177	0,02236	0,02154	0,01847	0,02632	0,02284	0,03082	0,03824	0,05710	0,10570	0,12225	0,12678	0,13799	0,13817	0,14482	0,15020	0,15614	0,16117	0,16111	0,16313	0,15548	0,14778	0,13472	0,13322	0,12553	0,11918	0,10940	0,09666	0,08269	0,07734	0,06391	0,05481	0,04585	0,03820	0,03230	0,02834	0,01839	0,01595	0,01440	0,07306	0,07453	0,07374
0,00754	0,00876	0,00900	0,01109	0,01161	0,01285	0,01609	0,02046	0,02126	0,02535	0,02652	0,02753	0,02655	0,03435	0,03224	0,03955	0,04900	0,06984	0,12009	0,13511	0,13773	0,15056	0,14698	0,15382	0,15520	0,16062	0,15888	0,15578	0,15236	0,14524	0,13739	0,12888	0,12496	0,11869	0,11253	0,10498	0,09321	0,08136	0,07527	0,06050	0,04948	0,04091	0,03595	0,02792	0,02616	0,01679	0,01422	0,01287	0,07369	0,07192	0,07290
0,00818	0,00994	0,00996	0,01244	0,01310	0,01547	0,01946	0,02378	0,02474	0,02912	0,03271	0,03436	0,03491	0,04066	0,04103	0,05151	0,06009	0,08278	0,13150	0,14564	0,15261	0,16767	0,15966	0,16742	0,16515	0,16607	0,16084	0,15691	0,14880	0,14147	0,13247	0,12537	0,12219	0,11715	0,10891	0,10258	0,08924	0,07566	0,07103	0,05703	0,04472	0,03311	0,03126	0,02282	0,02243	0,01436	0,01314	0,01105	0,07000	0,06897	0,07349
0,00890	0,01052	0,01078	0,01381	0,01445	0,01784	0,02224	0,02658	0,02796	0,03199	0,03748	0,03974	0,03771	0,04715	0,05014	0,06044	0,07050	0,09142	0,13589	0,15196	0,16157	0,17433	0,17214	0,18116	0,17772	0,17986	0,16904	0,16216	0,14886	0,14363	0,13141	0,12476	0,12050	0,11548	0,10816	0,09889	0,08571	0,07335	0,06712	0,05326	0,04199	0,03213	0,02593	0,01800	0,02075	0,01230	0,01110	0,00955	0,06577	0,06488	0,06830
0,00888	0,01076	0,01187	0,01431	0,01608	0,01883	0,02430	0,02859	0,03066	0,03439	0,04008	0,04446	0,04517	0,05235	0,05241	0,06444	0,08175	0,10037	0,13980	0,15233	0,16517	0,17729	0,18212	0,19080	0,19052	0,19304	0,18076	0,17041	0,15622	0,14484	0,13665	0,12938	0,12237	0,11931	0,10929	0,09868	0,08527	0,07129	0,06282	0,04734	0,03811	0,02837	0,02338	0,01607	0,01649	0,01000	0,00917	0,00782	0,06494	0,06003	0,06642
0,00935	0,01108	0,01179	0,01599	0,01770	0,02039	0,02674	0,02996	0,03252	0,03710	0,04225	0,04730	0,04771	0,05681	0,05777	0,07080	0,08755	0,10382	0,13523	0,14319	0,16151	0,17542	0,18435	0,19455	0,19748	0,19629	0,18805	0,17996	0,16452	0,15273	0,14212	0,13668	0,12855	0,12320	0,11143	0,10111	0,08523	0,06688	0,06001	0,04600	0,03214	0,02436	0,02006	0,01353	0,01246	0,00805	0,00744	0,00582	0,05993	0,05560	0,06353
0,00953	0,01144	0,01301	0,01561	0,01872	0,02225	0,02705	0,03055	0,03300	0,03761	0,04267	0,04772	0,05071	0,05837	0,06153	0,07010	0,08818	0,10579	0,12663	0,13817	0,15750	0,16266	0,18187	0,19048	0,19795	0,19837	0,19228	0,18517	0,17055	0,15909	0,14706	0,13919	0,13402	0,12737	0,11506	0,10150	0,08394	0,06876	0,05819	0,04308	0,02890	0,02172	0,01715	0,01243	0,01094	0,00646	0,00559	0,00397	0,05340	0,04953	0,05846
0,00909	0,01168	0,01271	0,01608	0,01892	0,02226	0,02760	0,03048	0,03327	0,03622	0,04143	0,04569	0,04937	0,05718	0,05928	0,06936	0,08798	0,10168	0,12040	0,12323	0,14546	0,14624	0,17077	0,18093	0,19044	0,19347	0,19438	0,18468	0,17211	0,16303	0,15259	0,14400	0,13920	0,12955	0,11733	0,10046	0,08065	0,06295	0,05457	0,03997	0,02806	0,01985	0,01553	0,01086	0,00816	0,00496	0,00426	0,00276	0,05021	0,04534	0,05422
0,00916	0,01094	0,01205	0,01512	0,01810	0,02199	0,02616	0,02946	0,03267	0,03484	0,04055	0,04538	0,04835	0,05413	0,05714	0,06532	0,08531	0,09779	0,10722	0,10596	0,12621	0,12931	0,15560	0,15822	0,17560	0,17880	0,18612	0,17593	0,17344	0,16491	0,15343	0,14583	0,13922	0,13091	0,11755	0,10125	0,07705	0,06174	0,05092	0,03616	0,02543	0,01699	0,01320	0,00820	0,00648	0,00347	0,00296	0,00204	0,04736	0,04127	0,05297
0,00852	0,01033	0,01168	0,01450	0,01743	0,02144	0,02486	0,02734	0,03132	0,03290	0,03804	0,04097	0,04497	0,04976	0,05313	0,06167	0,08250	0,08955	0,09130	0,09761	0,10872	0,11283	0,13984	0,13973	0,16070	0,16014	0,17185	0,16909	0,16560	0,15934	0,15161	0,14237	0,13700	0,12661	0,11492	0,09772	0,07346	0,05822	0,04933	0,03326	0,02291	0,01508	0,01046	0,00730	0,00551	0,00260	0,00204	0,00121	0,04361	0,03868	0,04725
0,00759	0,00915	0,01101	0,01275	0,01665	0,01970	0,02278	0,02509	0,02854	0,02989	0,03435	0,03809	0,04020	0,04434	0,04853	0,05481	0,07182	0,08137	0,07980	0,08325	0,09657	0,10033	0,12294	0,12441	0,13983	0,13921	0,15547	0,15336	0,15361	0,15087	0,14433	0,13223	0,13241	0,12002	0,10702	0,08982	0,06866	0,05341	0,04603	0,02975	0,02095	0,01405	0,01014	0,00624	0,00473	0,00198	0,00131	0,00074	0,04401	0,03574	0,04440
0,00714	0,00806	0,00976	0,01163	0,01526	0,01818	0,02150	0,02295	0,02623	0,02712	0,03064	0,03407	0,03776	0,03961	0,04362	0,04698	0,06289	0,06720	0,06863	0,07022	0,08448	0,08574	0,10659	0,10146	0,12702	0,11801	0,14144	0,13191	0,13919	0,13836	0,13438	0,12298	0,12405	0,11097	0,09914	0,08290	0,06405	0,04656	0,03833	0,02864	0,01936	0,01260	0,00878	0,00537	0,00409	0,00158	0,00092	0,00028	0,04007	0,03227	0,04089
0,00653	0,00751	0,00880	0,01048	0,01347	0,01546	0,01859	0,02109	0,02298	0,02495	0,02897	0,03015	0,03353	0,03489	0,03792	0,04287	0,05690	0,05829	0,05967	0,05931	0,07250	0,07227	0,09069	0,08606	0,10554	0,09958	0,12083	0,11098	0,12426	0,12161	0,12228	0,10696	0,11113	0,09953	0,08867	0,07452	0,05639	0,04261	0,03726	0,02412	0,01625	0,01000	0,00783	0,00459	0,00362	0,00141	0,00077	0,00015	0,03812	0,02954	0,03890
0,00616	0,00672	0,00799	0,00898	0,01160	0,01345	0,01635	0,01849	0,02082	0,02283	0,02524	0,02699	0,02869	0,02997	0,03224	0,03711	0,04732	0,05277	0,05146	0,05285	0,06142	0,06208	0,07365	0,07283	0,08367	0,08619	0,10034	0,10086	0,10562	0,10283	0,10392	0,09193	0,09630	0,08416	0,07659	0,06187	0,04679	0,03502	0,02928	0,02136	0,01385	0,00907	0,00657	0,00382	0,00290	0,00103	0,00054	-0,00005	0,03632	0,02817	0,03771
0,00568	0,00654	0,00699	0,00790	0,01060	0,01233	0,01394	0,01650	0,01882	0,02062	0,02359	0,02382	0,02543	0,02614	0,02846	0,03159	0,03967	0,04314	0,04400	0,04486	0,05496	0,05433	0,06278	0,06401	0,07055	0,07295	0,08481	0,08299	0,08907	0,08321	0,08472	0,07912	0,07787	0,06775	0,06176	0,04883	0,03921	0,02910	0,02432	0,01670	0,01054	0,00720	0,00540	0,00327	0,00273	0,00148	0,00027	-0,00015	0,03250	0,02528	0,03466
0,00539	0,00619	0,00655	0,00770	0,00886	0,01063	0,01234	0,01440	0,01732	0,01870	0,02123	0,02148	0,02378	0,02443	0,02533	0,02715	0,03285	0,03713	0,03933	0,03929	0,04668	0,04800	0,05482	0,05689	0,06126	0,06111	0,07030	0,06709	0,07237	0,07370	0,06846	0,06303	0,06239	0,05620	0,05008	0,04242	0,03170	0,02089	0,01869	0,01251	0,00864	0,00598	0,00415	0,00222	0,00217	0,00102	0,00017	-0,00009	0,02982	0,02176	0,03140
0,00549	0,00608	0,00636	0,00689	0,00827	0,00954	0,01127	0,01324	0,01551	0,01632	0,01969	0,02046	0,02181	0,02211	0,02372	0,02430	0,02917	0,03123	0,03286	0,03505	0,04115	0,04270	0,05048	0,04930	0,05309	0,05272	0,05730	0,05351	0,05999	0,05505	0,05276	0,04548	0,04933	0,04085	0,03831	0,03252	0,02236	0,01680	0,01565	0,01088	0,00673	0,00411	0,00342	0,00187	0,00166	0,00090	0,00008	-0,00024	0,02391	0,01743	0,02695
0,00565	0,00613	0,00637	0,00670	0,00768	0,00834	0,01058	0,01178	0,01405	0,01615	0,01813	0,01850	0,02041	0,02097	0,02138	0,02206	0,02602	0,02736	0,02812	0,03067	0,03504	0,03721	0,04379	0,04364	0,04624	0,04509	0,04975	0,04811	0,05255	0,04785	0,04607	0,04014	0,04166	0,03411	0,03241	0,02419	0,01732	0,01297	0,01155	0,00788	0,00495	0,00416	0,00208	0,00130	0,00111	0,00066	-0,00013	-0,00029	0,02042	0,01436	0,02176
