23,60000	23,70000	23,80000	23,90000	24,00000	24,10000	24,20000	24,30000	24,40000	24,50000	24,60000	24,70000	24,80000	24,90000	25,00000	25,10000	25,20000	25,30000	25,40000	25,50000	25,60000	25,70000	25,80000	25,90000	26,00000	26,10000	26,20000	26,30000	26,40000	26,50000	26,60000	26,70000	26,80000	26,90000	27,00000	27,10000	27,20000	27,30000	27,40000	27,50000	27,60000	27,70000	27,80000	27,90000	28,00000	28,10000	28,20000	28,30000	28,40000	28,50000	28,60000
22,00000	22,10000	22,20000	22,30000	22,40000	22,50000	22,60000	22,70000	22,80000	22,90000	23,00000	23,10000	23,20000	23,30000	23,40000	23,50000	23,60000	23,70000	23,80000	23,90000	24,00000	24,10000	24,20000	24,30000	24,40000	24,50000	24,60000	24,70000	24,80000	24,90000	25,00000	25,10000	25,20000	25,30000	25,40000	25,50000	25,60000	25,70000	25,80000	25,90000	26,00000	26,10000	26,20000	26,30000	26,40000	26,50000	26,60000	26,70000	26,80000	26,90000	27,00000
0,08298	0,08298	0,05759	0,08298	0,06036	0,08298	0,04444	0,08298	0,04609	0,08298	0,09548	0,08298	0,25381	0,08298	0,49267	0,08298	0,81357	0,08298	1,15269	0,08298	1,34220	0,08298	1,42618	0,08298	1,40415	0,08298	1,33437	0,08298	1,26617	0,08298	1,12060	0,08298	0,93087	0,08298	0,80312	0,08298	0,67313	0,08298	0,55304	0,08298	0,46814	0,08298	0,37297	0,08298	0,35315	0,08298	0,30307	0,08298	0,23667	0,08298	0,18403
0,06532	0,06420	0,05421	0,07473	0,06013	0,05894	0,06519	0,04352	0,04974	0,09666	0,13346	0,23644	0,36926	0,53854	0,62482	0,74550	0,95293	1,18850	1,22546	1,39284	1,45393	1,50378	1,50944	1,50046	1,45913	1,42970	1,35016	1,39267	1,24342	1,21553	1,11455	1,02938	0,95901	0,79605	0,78230	0,71443	0,64179	0,55324	0,52821	0,46478	0,42398	0,37866	0,36311	0,32806	0,33236	0,34308	0,28870	0,29317	0,20340	0,20343	0,22010
0,07519	0,06463	0,07295	0,07755	0,05463	0,07203	0,05957	0,05661	0,06443	0,09538	0,15753	0,26410	0,37893	0,61351	0,71075	1,00272	1,09272	1,26650	1,28919	1,50444	1,62473	1,66501	1,61717	1,73752	1,59263	1,59040	1,57642	1,45574	1,38113	1,34434	1,31149	1,10403	1,15266	0,99318	0,91107	0,85214	0,74320	0,59359	0,57356	0,47692	0,41845	0,37860	0,33539	0,30287	0,31908	0,34068	0,32155	0,30267	0,26081	0,17344	0,18429
0,08114	0,08239	0,08406	0,09472	0,08176	0,05480	0,07417	0,06022	0,05868	0,09482	0,16154	0,25811	0,38968	0,57353	0,70236	1,04372	1,15190	1,53167	1,64304	1,81907	1,79269	1,91706	1,90045	1,84580	1,78036	1,81463	1,70348	1,76422	1,55830	1,56090	1,47777	1,39692	1,25601	1,05342	1,08298	0,89772	0,83304	0,79351	0,63712	0,56534	0,43055	0,41309	0,32283	0,28912	0,31329	0,29356	0,27775	0,24832	0,26778	0,20498	0,20198
0,09436	0,08423	0,10922	0,08709	0,07515	0,06427	0,08456	0,06874	0,07479	0,11879	0,15355	0,28311	0,39428	0,60289	0,82235	1,09094	1,33006	1,61273	1,77648	1,93827	1,91272	2,14379	1,99660	1,96964	2,10232	2,06230	1,89318	2,03438	1,91239	1,91022	1,62279	1,60263	1,46837	1,32431	1,28156	1,24789	0,97766	0,81574	0,76648	0,67346	0,49655	0,45528	0,36285	0,31836	0,31158	0,30764	0,29110	0,28761	0,26466	0,21517	0,20267
0,09439	0,08528	0,11754	0,10590	0,09406	0,08558	0,06815	0,07466	0,07450	0,10061	0,16025	0,28722	0,41270	0,64626	0,82886	1,20356	1,38360	1,68438	1,92751	2,25029	2,24829	2,26427	2,32408	2,32428	1,99469	2,28334	2,34773	2,17881	2,04573	1,97546	1,99591	1,67609	1,69457	1,63137	1,35644	1,32401	1,28643	1,29324	0,92429	0,73834	0,62272	0,56919	0,36926	0,38498	0,30971	0,26311	0,30303	0,28804	0,24325	0,22355	0,19337
0,08295	0,10153	0,09465	0,10422	0,10406	0,11017	0,07976	0,07252	0,09495	0,13418	0,17923	0,30106	0,40569	0,74393	0,92209	1,21152	1,64281	1,92416	2,11222	2,36348	2,57383	2,66107	2,63456	2,82535	2,46328	2,86524	2,52723	2,59619	2,34256	2,38478	2,12912	2,06792	1,94307	1,72351	1,58704	1,47649	1,39004	1,36601	1,17486	0,97707	0,85431	0,71410	0,44910	0,44791	0,31415	0,27890	0,29994	0,28718	0,29356	0,23806	0,22339
0,08469	0,09350	0,09728	0,09847	0,10067	0,09041	0,07894	0,08453	0,08482	0,12017	0,20096	0,33282	0,46278	0,76063	1,09252	1,44440	1,76596	2,09134	2,28729	2,76360	2,73394	2,84044	2,82798	2,95636	2,93768	3,00072	2,90289	3,04070	2,85468	2,79579	2,51323	2,28025	2,09696	1,87500	1,83012	1,81341	1,71302	1,40428	1,44686	1,21044	0,94103	0,77434	0,57747	0,53157	0,38300	0,34335	0,29514	0,29738	0,26811	0,22244	0,19110
0,07502	0,07091	0,10136	0,09344	0,08531	0,09561	0,07469	0,09472	0,08518	0,15111	0,21359	0,36712	0,54084	0,81413	1,12425	1,66027	1,89693	2,38169	2,65416	2,95958	3,03419	3,10532	3,17884	3,32639	3,12695	3,42491	3,19107	3,44585	3,19246	2,91989	2,70950	2,42142	2,17499	2,02652	1,95257	1,82282	1,84169	1,66195	1,63663	1,46551	1,08226	1,04158	0,68345	0,67688	0,48645	0,35157	0,37297	0,32806	0,23408	0,27288	0,22112
0,07249	0,06729	0,07847	0,08453	0,10366	0,10235	0,09495	0,10120	0,11004	0,15351	0,21517	0,39606	0,60033	1,05437	1,31803	1,81413	2,21297	2,79142	2,98930	3,25487	3,31347	3,51468	3,40817	3,42622	3,57209	3,52543	3,64003	3,58488	3,61365	3,36164	3,13889	2,67659	2,45315	2,25398	2,01946	1,94110	1,88138	1,77944	1,68046	1,74228	1,40389	1,10593	0,86382	0,89272	0,53325	0,53285	0,39395	0,35459	0,29300	0,23358	0,22168
0,05809	0,08170	0,08581	0,08495	0,09002	0,10248	0,10583	0,10909	0,15312	0,19623	0,25877	0,38813	0,63252	1,06309	1,43486	1,93153	2,38765	3,02206	3,19354	3,48761	3,42402	3,69721	3,63424	3,62089	3,54549	3,70908	3,81947	3,91621	3,76794	3,60731	3,36292	2,82634	2,29830	2,26358	2,05934	1,84488	1,82275	1,84284	1,80657	1,74265	1,51286	1,15697	1,15720	0,89331	0,69463	0,63439	0,49359	0,45364	0,27541	0,27699	0,22826
0,06407	0,06440	0,07515	0,10429	0,09488	0,13306	0,15253	0,16778	0,17111	0,21376	0,29307	0,49428	0,72009	1,17071	1,63288	2,18867	2,72111	3,10048	3,69261	4,06675	3,91845	3,80678	3,70842	3,77475	3,77458	3,76094	3,85534	4,02495	3,99654	3,79938	3,44687	2,99864	2,50773	2,23964	1,98272	1,76320	1,78799	1,84534	1,80526	1,70375	1,52759	1,40994	1,19156	0,96414	0,80262	0,68119	0,56054	0,47175	0,33542	0,27373	0,28123
0,04816	0,07739	0,10938	0,11682	0,14332	0,15318	0,16318	0,20350	0,19301	0,23362	0,33286	0,54515	0,73166	1,30402	1,78671	2,47541	3,05362	3,55200	3,97517	4,54635	4,36184	4,23922	3,99986	3,95649	3,84979	3,81371	3,92351	4,00799	4,10522	3,88119	3,54924	3,06421	2,73114	2,26315	1,97819	1,79842	1,71374	1,61818	1,64558	1,65330	1,57813	1,37485	1,22852	1,07769	0,85306	0,80940	0,73613	0,61292	0,45295	0,34328	0,31329
0,03382	0,06516	0,10406	0,12004	0,14332	0,19958	0,20471	0,25562	0,25927	0,33197	0,37478	0,57922	0,84701	1,37423	1,86333	2,71292	3,24247	3,96580	4,32350	4,95272	4,60468	4,89737	4,42438	4,08539	3,84268	3,90638	3,90174	3,96544	4,08720	3,86008	3,62286	3,13432	2,63295	2,21346	1,88332	1,58247	1,50010	1,66261	1,47330	1,56909	1,64913	1,33332	1,20797	1,01215	0,91725	0,80321	0,67507	0,64028	0,48879	0,41940	0,35249
0,04428	0,06447	0,10087	0,14378	0,17374	0,22845	0,23296	0,32227	0,27844	0,37537	0,41467	0,62716	0,90239	1,39468	1,97829	2,78043	3,46312	4,34431	4,71027	5,40525	5,07586	5,13828	4,72444	4,55240	4,18292	4,00532	3,97395	3,95676	3,72102	3,74038	3,53460	3,04606	2,66334	2,19896	1,75445	1,47909	1,42391	1,48744	1,36824	1,38172	1,50319	1,32030	1,15361	1,01501	0,93258	0,80131	0,72739	0,65113	0,56297	0,44255	0,39945
0,05638	0,09156	0,09498	0,13681	0,18906	0,25216	0,30113	0,34292	0,35851	0,41418	0,47274	0,68267	0,90482	1,39014	2,12251	2,78421	3,57972	4,65851	4,94926	5,60673	5,58151	5,93421	5,44514	4,73197	4,26296	4,30946	4,12469	4,15918	3,97704	3,70987	3,46486	3,02212	2,50415	2,18180	1,71953	1,44700	1,32530	1,32290	1,23582	1,24467	1,32408	1,20330	1,07299	0,94228	0,83695	0,77112	0,73377	0,59142	0,54653	0,44611	0,44061
0,06440	0,07831	0,11004	0,14404	0,19314	0,29310	0,31451	0,37916	0,38715	0,44295	0,49550	0,70417	0,91041	1,42348	2,10002	2,85468	3,74598	4,70484	5,37355	5,94569	6,07373	6,24538	5,88762	5,73770	5,01901	4,62247	4,40581	4,14067	3,89536	3,69497	3,35417	2,99743	2,53187	2,20360	1,76234	1,37857	1,21872	1,10357	1,23280	1,18854	1,29527	1,15213	1,01067	0,93060	0,82534	0,79868	0,66346	0,63643	0,53611	0,43328	0,41424
0,07469	0,09189	0,12175	0,16456	0,21264	0,29093	0,32329	0,38912	0,41428	0,47297	0,54235	0,74024	0,91317	1,40747	2,01922	2,80480	3,69905	4,77281	5,41597	6,13717	6,49119	6,57918	6,13733	6,27455	5,59357	5,35330	4,72737	4,41764	4,13353	3,84341	3,36457	3,02357	2,56396	2,17548	1,74294	1,40431	1,17081	1,11672	1,05441	0,97815	1,15602	0,99272	1,00077	0,84274	0,76339	0,70269	0,61480	0,61016	0,56294	0,45268	0,41983
0,06414	0,07473	0,12375	0,18248	0,25055	0,29938	0,36383	0,44344	0,45249	0,53269	0,56942	0,73215	0,96273	1,30320	1,94955	2,81486	3,70313	4,49229	5,66348	6,46767	7,02008	7,30360	7,09650	7,15023	6,05759	5,80340	5,48424	4,83611	4,43043	3,79915	3,50613	3,03481	2,57192	2,13524	1,78296	1,42487	1,17351	1,06338	1,02274	1,02060	1,03369	0,98624	0,83863	0,81492	0,73367	0,67270	0,54883	0,47761	0,51631	0,43256	0,36735
0,07433	0,08288	0,11392	0,18761	0,23664	0,32329	0,40155	0,46301	0,52305	0,57359	0,66251	0,82189	0,90301	1,34256	1,92337	2,83837	3,69353	4,71510	5,61202	6,77470	7,28393	7,73838	7,72858	7,53062	7,29988	6,75415	6,33062	5,54829	4,98205	4,26757	3,57133	2,91009	2,67876	2,30402	1,78809	1,47965	1,19584	1,10817	1,02478	1,00998	1,02294	1,02314	0,93235	0,80213	0,67352	0,61295	0,57326	0,46847	0,40993	0,39731	0,33042
0,08492	0,09972	0,11139	0,15532	0,23536	0,33319	0,39339	0,53900	0,57024	0,73377	0,70503	0,85494	0,99334	1,37801	1,81167	2,60382	3,52033	4,68061	5,62524	6,83768	7,56877	8,11861	8,43284	8,35550	7,91611	7,21281	6,83185	6,59832	5,37296	4,71675	3,98339	3,24504	2,82788	2,34845	1,90696	1,61947	1,31267	1,15069	1,03231	1,05618	1,01893	0,98285	0,96339	0,78815	0,67227	0,59240	0,48836	0,41641	0,37064	0,38757	0,34292
0,06404	0,11116	0,15295	0,20350	0,25302	0,32934	0,46038	0,52256	0,69299	0,68336	0,74412	0,88473	0,99045	1,35354	1,78901	2,50382	3,50465	4,39801	5,59022	6,69542	7,56183	8,52561	8,57490	8,80416	8,30308	8,34886	7,96070	7,02817	5,27362	5,34669	4,14452	3,55502	3,07342	2,47620	1,91344	1,65376	1,42030	1,19334	1,08295	1,07272	1,06690	1,05595	0,91275	0,76885	0,67119	0,51572	0,47757	0,40356	0,31701	0,32862	0,27331
0,08466	0,09873	0,14526	0,21382	0,26170	0,36502	0,44308	0,53351	0,65965	0,81745	0,82534	0,90167	1,06115	1,32227	1,76402	2,21369	3,18045	4,22640	5,36093	6,62262	7,60339	7,73480	8,93221	9,24894	9,22855	8,81777	8,30118	7,47380	6,83215	5,71291	4,78491	3,79195	3,01400	2,57541	2,05336	1,73331	1,42375	1,22290	1,13316	1,06062	1,04852	1,07368	0,89177	0,75705	0,63502	0,50276	0,43394	0,36955	0,32812	0,31553	0,23529
0,09837	0,11698	0,16825	0,19018	0,25354	0,34249	0,47784	0,59257	0,67819	0,82064	0,81334	0,98440	1,04484	1,25440	1,67320	2,20860	2,94008	3,78366	4,90037	5,96404	7,30225	8,45635	9,01251	9,34582	9,58133	9,37281	9,13444	8,47917	7,25026	6,71795	5,66151	4,27023	3,52352	2,94508	2,27930	1,81325	1,42365	1,20758	1,13300	0,97312	1,06335	0,88259	0,88013	0,68263	0,65353	0,49681	0,42989	0,35278	0,31257	0,29327	0,22365
0,10409	0,11445	0,14348	0,17532	0,29310	0,33059	0,50243	0,59862	0,71634	0,79246	0,91748	1,01087	1,10725	1,24266	1,59352	1,88345	2,69116	3,56203	4,64641	5,72014	7,05678	8,00164	8,39151	9,35894	9,71796	8,75363	9,70684	8,90827	8,25412	7,22277	6,32457	5,24173	3,83407	3,09292	2,71460	1,91403	1,50382	1,27206	1,08131	0,94168	0,97730	0,88697	0,82271	0,62976	0,58902	0,44854	0,40329	0,30165	0,29156	0,24266	0,18998
0,09084	0,10458	0,12359	0,20353	0,21823	0,32858	0,44528	0,57948	0,65202	0,82590	0,91863	1,03067	1,08272	1,18689	1,43549	1,84465	2,29485	2,95728	3,88793	4,92993	6,34788	7,56699	8,53350	9,26989	9,70448	9,92404	4,94389	9,43960	9,06618	8,13400	6,74011	5,73405	4,81208	3,75022	3,07138	2,23000	1,61874	1,33164	1,09324	1,01337	0,88233	0,82183	0,66918	0,60661	0,56511	0,40839	0,37593	0,27926	0,26943	0,23727	0,16377
0,08614	0,12408	0,12737	0,17709	0,23115	0,28264	0,39846	0,53272	0,65817	0,76967	0,89354	1,01906	1,04727	1,21363	1,37511	1,59556	2,15789	2,60566	3,49840	4,46391	5,56822	6,87661	8,41729	9,02063	9,74509	6,84812	2,03341	9,84864	9,29968	8,43620	7,33632	6,20944	5,30236	4,10789	3,14487	2,42648	1,79296	1,38399	1,17233	1,01337	0,85849	0,73284	0,66622	0,44288	0,41592	0,33828	0,28327	0,28159	0,24009	0,24213	0,15368
0,07492	0,10120	0,12412	0,15605	0,21339	0,26775	0,34897	0,49382	0,59280	0,74547	0,86957	0,93251	1,08305	1,21971	1,32954	1,55413	1,85534	2,28758	2,87685	4,10887	5,20276	6,54761	7,49899	8,29562	9,28784	0,03359	0,44538	7,03184	9,71401	9,22872	8,50269	7,28311	6,17636	5,01348	3,86343	2,94669	2,21682	1,52789	1,23582	0,96385	0,81535	0,63291	0,58296	0,43328	0,42342	0,29294	0,28291	0,26568	0,21662	0,18377	0,15144
0,07489	0,08712	0,11744	0,13799	0,18932	0,24845	0,31270	0,43683	0,57507	0,73334	0,84343	0,97322	1,10988	1,27288	1,36883	1,55577	1,83380	2,26338	2,73930	3,51343	4,50613	5,65155	7,23905	8,29503	9,23572	9,80816	3,89545	0,22007	1,99717	9,55519	8,84158	8,07510	6,59529	5,94927	4,60373	3,63128	2,66781	1,74357	1,61430	1,22336	0,87878	0,73373	0,52322	0,34713	0,32858	0,26739	0,23789	0,21221	0,23319	0,18847	0,17393
0,08936	0,09449	0,11994	0,13780	0,18840	0,25358	0,30527	0,40333	0,54025	0,68145	0,85925	1,02281	1,13477	1,32951	1,51273	1,61384	1,85764	2,15309	2,53062	3,32323	4,14261	5,48259	6,28136	7,66909	8,69985	9,54203	6,81359	8,94567	9,83779	9,72368	9,28995	8,15948	7,42605	6,14693	5,03275	3,90651	3,12242	2,07023	1,68300	1,27328	0,97309	0,72285	0,50885	0,32533	0,27114	0,24861	0,22303	0,21310	0,21326	0,19310	0,16331
0,06631	0,07940	0,10452	0,13918	0,17420	0,25956	0,29254	0,38297	0,53357	0,64797	0,81785	1,04714	1,14651	1,44035	1,53539	1,74452	1,91824	2,22349	2,53292	3,15402	3,86389	4,84312	6,01856	7,06832	8,46977	8,90679	9,31158	9,95238	9,87613	9,72749	9,42040	8,64938	7,73838	6,59237	5,58907	4,41574	3,49287	2,58419	1,95471	1,49142	0,98029	0,72170	0,47560	0,29909	0,22313	0,17597	0,22099	0,19544	0,24371	0,18834	0,19468
0,06440	0,09350	0,10245	0,14227	0,16344	0,20843	0,28284	0,38337	0,45354	0,70328	0,85889	1,06181	1,28518	1,46419	1,63716	1,87336	2,07289	2,27364	2,61490	3,12482	3,56874	4,41580	5,35461	6,47024	7,47522	8,70735	9,20317	9,59409	9,71964	9,27854	9,14884	8,70630	7,88593	6,80598	5,71386	4,45253	3,51119	2,64357	2,03840	1,48971	1,04395	0,77997	0,46426	0,23743	0,18442	0,16170	0,18373	0,19620	0,24325	0,21971	0,19708
0,05983	0,08443	0,09482	0,13405	0,15032	0,21372	0,28314	0,41388	0,49757	0,70440	0,86454	1,09301	1,32960	1,61006	1,82196	2,04336	2,15599	2,52125	2,65041	3,02748	3,62904	4,17480	4,95028	6,00343	6,98042	7,86143	8,58026	8,89038	9,08528	9,17857	9,04973	8,19648	7,62355	6,63110	5,69647	4,65808	3,70888	2,82972	2,20794	1,58274	1,13204	0,72176	0,42999	0,15361	0,14533	0,11997	0,14266	0,21935	0,19534	0,21303	0,20087
0,06276	0,07512	0,07907	0,11675	0,18222	0,21579	0,29271	0,40892	0,51868	0,70341	0,87496	1,10653	1,36012	1,67566	1,88309	2,15756	2,33438	2,45400	2,77895	3,05369	3,39449	3,97882	4,78995	5,31423	6,30770	7,23980	8,01937	8,19684	8,85891	8,19421	8,43505	7,81102	7,26128	6,53078	5,62087	4,77387	3,66433	2,77063	2,23895	1,62262	1,17939	0,70338	0,35601	0,12119	0,09429	0,06450	0,12579	0,18327	0,25134	0,23760	0,18363
0,05486	0,06779	0,08663	0,13615	0,16351	0,21852	0,27932	0,43456	0,53305	0,69704	0,89640	1,06927	1,36380	1,68612	1,88911	2,13760	2,34325	2,57962	2,78635	3,00838	3,30505	3,81684	4,31419	4,96794	5,71018	6,71722	7,29932	7,80198	7,87346	7,80602	7,34210	7,45706	6,73870	5,98459	5,47092	4,52425	3,59849	2,73022	2,21330	1,55373	1,14313	0,60865	0,31773	0,11905	0,05470	0,05845	0,12412	0,15328	0,20774	0,20366	0,16683
0,04822	0,06417	0,07430	0,11409	0,14769	0,21208	0,29014	0,39307	0,53308	0,68253	0,91304	1,11856	1,36847	1,68342	1,91798	2,15296	2,41435	2,58876	2,76672	3,03070	3,18585	3,61208	4,09644	4,41241	4,98497	5,53715	6,28109	6,65540	7,18134	7,11426	6,45866	6,61407	6,27672	5,57503	4,89274	4,27105	3,37657	2,64541	2,15835	1,57826	1,13823	0,64265	0,29708	0,13326	0,03412	0,04806	0,10419	0,13395	0,18373	0,19350	0,13964
0,03366	0,05644	0,08439	0,12405	0,13980	0,23375	0,29379	0,36702	0,52292	0,67928	0,81282	1,09301	1,30165	1,65406	1,84330	2,07266	2,32865	2,57380	2,74466	2,92328	3,05481	3,46788	3,83246	4,12406	4,74697	4,92066	5,72603	6,04730	6,62726	6,11204	6,01556	6,15203	5,78923	4,82987	4,65207	3,80329	3,26477	2,52441	2,15010	1,54972	1,08788	0,64827	0,32214	0,15299	0,04845	0,04125	0,07233	0,11376	0,14585	0,20090	0,11419
0,03612	0,04250	0,07252	0,10419	0,11468	0,21379	0,27334	0,36350	0,49418	0,63706	0,81305	1,00456	1,20363	1,52910	1,75143	1,98319	2,30343	2,29912	2,65646	2,76988	3,00443	3,14330	3,52036	3,71944	4,15244	4,65457	4,87880	5,03216	5,40377	5,06853	5,30729	5,18155	4,88764	4,77189	4,05639	3,73417	3,15638	2,63634	2,07848	1,60122	1,11458	0,76323	0,38863	0,23201	0,07647	0,07492	0,06434	0,09659	0,11747	0,16607	0,09005
0,04451	0,04368	0,05618	0,08673	0,12343	0,17407	0,29238	0,38290	0,47274	0,61269	0,77313	0,93241	1,15529	1,46331	1,65590	1,75277	2,14763	2,22139	2,40987	2,59586	2,76501	2,94873	3,30100	3,48390	3,79790	4,13797	4,55763	4,47910	4,51984	4,77347	4,61945	4,43264	4,39660	4,06001	3,82914	3,51816	2,93380	2,51359	2,16792	1,64347	1,21609	0,87388	0,41954	0,30402	0,11609	0,08005	0,06430	0,07436	0,09501	0,11405	0,06831
0,04023	0,04428	0,06453	0,09495	0,12366	0,18314	0,24838	0,33496	0,44542	0,52858	0,67290	0,79312	1,02577	1,20557	1,42819	1,58238	1,80674	2,05369	2,26246	2,26305	2,43559	2,68678	2,98516	3,21340	3,51412	3,52434	3,87488	3,92404	4,17779	4,18309	4,00953	4,16066	3,98638	3,59152	3,53191	3,10344	2,78007	2,56100	2,14494	1,69359	1,23250	1,00502	0,58296	0,42845	0,19320	0,15404	0,09475	0,08568	0,05595	0,10054	0,05296
0,03592	0,03356	0,04609	0,08272	0,10445	0,14358	0,22319	0,26236	0,43368	0,49855	0,65807	0,78243	0,90699	1,06282	1,24348	1,39905	1,60421	1,68303	2,05013	2,01413	2,40109	2,49234	2,75755	2,74028	3,09943	3,21317	3,53562	3,51329	3,71033	3,67048	3,66614	3,69478	3,51576	3,47324	3,18463	3,02913	2,76425	2,39327	2,17322	1,75064	1,43950	1,06352	0,69325	0,59290	0,27821	0,18222	0,10748	0,06476	0,06394	0,06476	0,04724
0,04441	0,05095	0,04401	0,05256	0,10422	0,13385	0,19320	0,26272	0,36327	0,45249	0,52558	0,66491	0,83274	0,80295	1,02577	1,12695	1,28630	1,49948	1,64459	1,85882	2,11044	2,10387	2,35042	2,44279	2,92383	3,06431	3,10627	3,31018	3,22185	3,32971	3,43175	3,21850	3,36394	3,17365	3,13442	2,81618	2,63068	2,37459	2,18943	1,76257	1,41681	1,16305	0,78667	0,57323	0,34460	0,18400	0,15762	0,10429	0,07473	0,05450	0,06512
0,04319	0,03382	0,03372	0,04595	0,08890	0,11784	0,16555	0,25703	0,30057	0,37784	0,45406	0,53236	0,66103	0,77158	0,92524	0,98486	1,14595	1,13405	1,40093	1,39133	1,68494	1,99088	2,11672	2,13277	2,45627	2,66643	2,87563	2,88280	2,97895	2,84429	3,06030	3,15349	3,08424	2,97046	2,96099	2,83403	2,61977	2,42369	2,13464	1,81282	1,50319	1,17982	0,88009	0,55304	0,41421	0,28136	0,20419	0,13115	0,12389	0,06341	0,07453
0,02386	0,03102	0,04036	0,04372	0,07788	0,10472	0,15397	0,18298	0,26650	0,31089	0,41155	0,46294	0,59740	0,59056	0,69332	0,73728	0,86349	0,98197	1,11422	1,26167	1,50355	1,51303	1,96398	1,99249	2,32076	2,38219	2,49879	2,67392	2,73713	2,80375	2,90555	2,78596	2,85439	2,86415	2,82466	2,68376	2,52819	2,27831	2,13353	1,74860	1,45459	1,16706	0,86918	0,61187	0,48270	0,31809	0,22145	0,19297	0,10639	0,09284	0,09521
0,02451	0,02376	0,03020	0,04099	0,06414	0,07404	0,12339	0,14427	0,20369	0,23329	0,31201	0,35824	0,41069	0,44321	0,57787	0,61384	0,74718	0,78898	0,95336	0,97236	1,13928	1,23612	1,52299	1,66034	1,84883	2,01242	2,35470	2,33934	2,47521	2,46716	2,66314	2,60451	2,61996	2,66557	2,71056	2,43345	2,45427	2,22563	2,06605	1,77247	1,51381	1,23257	0,91242	0,66008	0,50964	0,37317	0,25808	0,15861	0,17887	0,11399	0,11405
0,02320	0,02402	0,03421	0,03389	0,05200	0,07844	0,10294	0,14388	0,18163	0,22309	0,24391	0,31487	0,37804	0,40046	0,43519	0,49852	0,52680	0,62233	0,84376	0,84064	0,91387	1,12520	1,29925	1,34266	1,76550	1,80397	1,97020	2,06733	2,31642	2,46150	2,37429	2,54989	2,60487	2,50366	2,56998	2,45351	2,28367	2,10179	1,97395	1,69378	1,47491	1,09472	0,87875	0,63821	0,47633	0,38583	0,29129	0,25358	0,18413	0,13099	0,14565
0,02488	0,02363	0,03303	0,03405	0,03661	0,05437	0,08505	0,12073	0,13951	0,17545	0,24282	0,24095	0,30126	0,33496	0,40313	0,40704	0,46360	0,50483	0,62275	0,74333	0,88980	0,86970	1,09433	1,26233	1,42270	1,42861	1,64827	1,79161	1,94530	2,03866	2,04547	2,28232	2,35167	2,38008	2,30919	2,31343	2,15398	1,92732	1,86336	1,58274	1,41053	1,06578	0,89423	0,62722	0,51332	0,39550	0,27850	0,29988	0,19794	0,13411	0,15795
0,02366	0,01800	0,02412	0,02737	0,04372	0,05493	0,07367	0,08018	0,11478	0,12685	0,19278	0,18304	0,23355	0,22993	0,30129	0,29475	0,39369	0,41408	0,52716	0,54712	0,69477	0,81084	0,85662	1,06315	1,22175	1,30106	1,48465	1,51746	1,61753	1,66715	1,97033	1,99900	2,04283	2,18325	2,21452	2,04359	1,91966	1,74304	1,83307	1,41678	1,32076	1,00281	0,74751	0,62272	0,52154	0,41197	0,33164	0,30724	0,21708	0,17597	0,15358
0,01682	0,02405	0,03451	0,02392	0,03408	0,03994	0,07078	0,06634	0,11389	0,13359	0,12754	0,16210	0,21040	0,22323	0,22230	0,27311	0,32447	0,33299	0,42292	0,48073	0,56534	0,63074	0,76188	0,78348	0,96164	1,03961	1,22037	1,40182	1,50411	1,67241	1,68418	1,71512	1,85744	1,87918	1,83646	1,81265	1,69536	1,68622	1,61588	1,20781	1,18887	0,91857	0,74008	0,56037	0,51292	0,39333	0,34775	0,30050	0,22365	0,19403	0,16203
0,02636	0,02366	0,02323	0,02402	0,03020	0,03625	0,03372	0,04526	0,06697	0,08423	0,12333	0,13865	0,17952	0,19741	0,24335	0,23720	0,29353	0,29711	0,38327	0,37366	0,51315	0,56715	0,67954	0,65902	0,88332	0,83245	1,12678	1,04333	1,28478	1,36574	1,51618	1,73265	1,59819	1,61259	1,75771	1,53243	1,53996	1,46245	1,46752	1,13892	1,07335	0,85280	0,63285	0,58129	0,48783	0,37916	0,33601	0,29113	0,22382	0,23510	0,15342
0,02402	0,02448	0,02333	0,01386	0,02359	0,02359	0,03405	0,03882	0,06098	0,06193	0,08949	0,11248	0,14434	0,14832	0,17795	0,20376	0,25427	0,26992	0,34604	0,35384	0,42259	0,42368	0,48451	0,52792	0,64554	0,77240	0,88325	0,90584	0,92758	1,09285	1,16368	1,26499	1,42526	1,32313	1,40790	1,44341	1,31389	1,22855	1,37048	1,12238	0,94287	0,77602	0,63285	0,51601	0,45337	0,39938	0,36692	0,27410	0,26249	0,20287	0,13757
