23,60000	23,70000	23,80000	23,90000	24,00000	24,10000	24,20000	24,30000	24,40000	24,50000	24,60000	24,70000	24,80000	24,90000	25,00000	25,10000	25,20000	25,30000	25,40000	25,50000	25,60000	25,70000	25,80000	25,90000	26,00000	26,10000	26,20000	26,30000	26,40000	26,50000	26,60000	26,70000	26,80000	26,90000	27,00000	27,10000	27,20000	27,30000	27,40000	27,50000	27,60000	27,70000	27,80000	27,90000	28,00000	28,10000	28,20000	28,30000	28,40000	28,50000	28,60000
22,00000	22,10000	22,20000	22,30000	22,40000	22,50000	22,60000	22,70000	22,80000	22,90000	23,00000	23,10000	23,20000	23,30000	23,40000	23,50000	23,60000	23,70000	23,80000	23,90000	24,00000	24,10000	24,20000	24,30000	24,40000	24,50000	24,60000	24,70000	24,80000	24,90000	25,00000	25,10000	25,20000	25,30000	25,40000	25,50000	25,60000	25,70000	25,80000	25,90000	26,00000	26,10000	26,20000	26,30000	26,40000	26,50000	26,60000	26,70000	26,80000	26,90000	27,00000
0,05556	0,05556	0,06213	0,05556	0,05440	0,05556	0,05365	0,05556	0,09646	0,05556	0,19669	0,05556	0,37320	0,05556	0,63285	0,05556	0,78940	0,05556	1,02498	0,05556	1,12701	0,05556	1,09400	0,05556	1,03852	0,05556	0,92459	0,05556	0,81137	0,05556	0,68743	0,05556	0,55807	0,05556	0,47235	0,05556	0,40721	0,05556	0,31806	0,05556	0,24102	0,05556	0,22303	0,05556	0,23362	0,05556	0,23473	0,05556	0,20616	0,05556	0,14750
0,07552	0,08423	0,04434	0,05454	0,05230	0,05467	0,05503	0,07469	0,12398	0,19823	0,23658	0,38744	0,49895	0,60427	0,70157	0,87322	1,01261	1,06355	1,07285	1,16591	1,26216	1,17476	1,13336	1,12409	1,00301	1,05908	0,94333	0,79562	0,83827	0,82370	0,63311	0,65961	0,54196	0,53180	0,46751	0,45318	0,35292	0,32447	0,29366	0,24358	0,22418	0,20941	0,22724	0,24848	0,21428	0,23141	0,22056	0,21017	0,18061	0,13858	0,10731
0,07805	0,07456	0,06470	0,05460	0,05812	0,05388	0,05486	0,09682	0,12665	0,21356	0,30849	0,41552	0,55774	0,68309	0,84797	1,00222	1,01051	1,24414	1,20406	1,44923	1,32020	1,53381	1,25213	1,42447	1,13326	1,13770	1,04425	1,11198	1,02248	0,90015	0,79292	0,82327	0,63176	0,60963	0,55745	0,50359	0,43312	0,34371	0,31339	0,22303	0,22092	0,19166	0,21389	0,18446	0,21570	0,23940	0,21773	0,22270	0,17367	0,17160	0,14325
0,07552	0,09238	0,07676	0,07121	0,07489	0,08196	0,06407	0,09860	0,12251	0,24368	0,33878	0,46278	0,58918	0,76556	0,88430	1,10311	1,24184	1,42010	1,49264	1,57383	1,51592	1,62476	1,60095	1,63061	1,33806	1,48392	1,25946	1,14270	1,05335	1,06569	1,00193	0,92978	0,78865	0,80295	0,69052	0,58921	0,46314	0,44828	0,34795	0,30372	0,23710	0,20800	0,18344	0,18301	0,21481	0,17361	0,22605	0,20419	0,19600	0,16318	0,13369
0,08341	0,09360	0,07482	0,07427	0,06555	0,07841	0,07094	0,10915	0,16394	0,26186	0,37015	0,50174	0,62272	0,83057	0,99272	1,15358	1,38376	1,55880	1,61884	1,84600	1,75366	1,78461	1,87214	1,80604	1,80167	1,62059	1,55183	1,49126	1,38580	1,29396	1,08660	1,07417	1,02080	0,88397	0,75343	0,77424	0,68957	0,60151	0,50960	0,39695	0,27321	0,22401	0,17998	0,16956	0,18278	0,17469	0,20238	0,19064	0,19304	0,14493	0,14743
0,08028	0,08867	0,07479	0,07479	0,07387	0,05759	0,08443	0,11234	0,17788	0,23325	0,37531	0,54847	0,69947	0,88411	1,08009	1,38679	1,54578	1,82337	1,80141	2,11909	2,09693	2,22721	1,98335	2,17637	1,74281	1,95971	1,72446	1,91732	1,60201	1,50438	1,35663	1,25749	1,07003	1,07762	0,94649	0,89144	0,78546	0,72923	0,56281	0,47925	0,37498	0,30734	0,19560	0,19465	0,17505	0,17722	0,17502	0,17344	0,17410	0,14348	0,13803
0,10235	0,08453	0,07525	0,06677	0,08288	0,07463	0,10110	0,12602	0,19636	0,33335	0,39961	0,59096	0,79378	1,03139	1,25792	1,51411	1,72029	1,96392	2,11583	2,36946	2,26447	2,43450	2,30800	2,39514	2,28949	2,26549	2,13251	2,10472	1,89683	1,75508	1,48685	1,39448	1,26249	1,21366	1,04737	1,07519	0,89318	0,91801	0,79062	0,71351	0,45258	0,31730	0,25788	0,20333	0,18837	0,16769	0,16210	0,16216	0,17370	0,14529	0,14391
0,06486	0,07522	0,07683	0,07529	0,08459	0,08709	0,09847	0,13997	0,19758	0,30339	0,44282	0,68299	0,85277	1,22905	1,45055	1,71299	1,86494	2,23257	2,30277	2,49662	2,57294	2,59501	2,53256	2,45634	2,45144	2,43230	2,38597	2,35075	2,24230	1,99923	1,79039	1,61664	1,41704	1,32641	1,20929	1,23329	1,14576	0,99387	0,85093	0,81370	0,63781	0,46340	0,33315	0,24305	0,21142	0,21316	0,17423	0,15947	0,15365	0,12017	0,13776
0,08472	0,09294	0,08420	0,09501	0,10794	0,10376	0,12783	0,14743	0,22066	0,40875	0,50428	0,78549	0,94882	1,35065	1,70292	2,01972	2,20274	2,47104	2,56265	2,73417	2,64446	2,90220	2,74370	2,76873	2,78296	2,86284	2,58359	2,60329	2,42612	2,29972	2,07562	1,80312	1,56222	1,43575	1,32230	1,25835	1,19932	1,17219	1,08673	0,93310	0,73732	0,59355	0,41095	0,38350	0,25348	0,18929	0,17742	0,16555	0,13444	0,12349	0,10863
0,06989	0,08975	0,09866	0,11284	0,10222	0,11438	0,13730	0,21882	0,26857	0,46593	0,57728	0,91301	1,17177	1,47363	1,79069	2,18683	2,48406	2,81473	2,75383	3,12518	2,81256	3,01703	2,75373	2,86797	2,80250	2,91177	2,91358	2,74561	2,70414	2,44443	2,15280	1,90318	1,73492	1,42582	1,36321	1,25914	1,24283	1,26857	1,16246	1,12261	0,92452	0,74613	0,54212	0,42647	0,34838	0,30083	0,24499	0,18363	0,16693	0,15460	0,12389
0,11047	0,09534	0,10472	0,12879	0,13398	0,13418	0,18551	0,27298	0,34262	0,48346	0,74462	0,99759	1,31418	1,83978	1,97730	2,57583	2,69895	3,16533	3,13619	3,50468	3,10282	2,97727	2,91772	2,89463	2,84883	2,80072	2,94409	2,95751	2,92298	2,57432	2,33326	1,96855	1,75748	1,52355	1,39412	1,29261	1,32329	1,29347	1,15865	1,18324	0,99255	0,85293	0,60897	0,54258	0,38767	0,32253	0,24335	0,22674	0,20501	0,18429	0,11599
0,07476	0,09511	0,11432	0,13217	0,17084	0,18643	0,22109	0,25996	0,36406	0,59802	0,76306	1,09482	1,46166	1,97888	2,35989	2,74817	2,98388	3,36647	3,53832	3,68133	3,46920	3,24000	3,04567	2,83387	2,88658	2,89463	3,00328	2,87481	2,90463	2,62716	2,41135	2,09114	1,81479	1,49497	1,35660	1,31293	1,25660	1,24181	1,28377	1,27239	1,01962	0,87460	0,73432	0,62703	0,47093	0,36489	0,31286	0,30251	0,24776	0,20014	0,15335
0,10251	0,13152	0,17397	0,19337	0,19751	0,27081	0,28228	0,32723	0,38708	0,61716	0,81689	1,19284	1,50286	2,08282	2,43312	3,17598	3,28775	3,76801	3,77564	4,01940	3,72753	3,51369	3,33385	2,98470	2,92439	2,75840	2,88145	2,75866	2,81312	2,76264	2,41596	2,04175	1,76274	1,49606	1,35354	1,07114	1,20133	1,19238	1,28663	1,17341	1,09738	0,93047	0,80331	0,63913	0,53298	0,44693	0,37922	0,30326	0,25371	0,21346	0,16420
0,11297	0,14368	0,16989	0,20116	0,23286	0,27373	0,29629	0,35745	0,45781	0,69858	0,89042	1,27249	1,58122	2,17456	2,70888	3,26194	3,74611	4,35494	4,24935	4,37055	3,83604	3,67593	3,42609	3,00637	2,84574	2,74554	2,82216	2,81463	2,84340	2,54397	2,36048	2,12254	1,76346	1,36482	1,22319	1,09331	1,03369	1,09646	1,09544	1,15033	1,09295	0,94471	0,85320	0,63282	0,55722	0,45367	0,42434	0,37090	0,29307	0,27903	0,19357
0,11445	0,15335	0,20343	0,23372	0,27377	0,30277	0,33661	0,43068	0,49961	0,70950	0,98206	1,32747	1,73600	2,40800	2,87721	3,65482	3,95528	4,59613	4,64483	4,47779	4,42343	4,06823	3,63049	3,17996	2,91890	2,77790	2,77215	2,73551	2,69730	2,48426	2,31800	2,05694	1,82291	1,42621	1,20261	0,93274	1,02343	0,93281	1,07315	1,06542	0,99768	0,94247	0,81574	0,68273	0,54498	0,46475	0,40339	0,38984	0,33809	0,30086	0,25338
0,11626	0,17357	0,21369	0,25890	0,31092	0,34479	0,43308	0,44864	0,56291	0,79003	1,02725	1,38225	1,83663	2,46485	2,96484	3,72703	4,28378	4,76657	5,11966	5,23840	4,31492	4,50653	3,87004	3,68340	3,30557	2,80874	2,76406	2,68109	2,57442	2,36417	2,25177	1,93942	1,70937	1,37367	1,10284	0,92768	0,90469	0,88042	0,94099	0,97878	1,00485	0,86839	0,79092	0,67727	0,58129	0,47399	0,42345	0,39122	0,34312	0,25417	0,23963
0,10892	0,17377	0,22441	0,26344	0,33907	0,36367	0,44870	0,50204	0,61923	0,76339	1,07318	1,43358	1,90088	2,50461	3,10265	3,94959	4,46618	4,86104	5,39483	5,52255	5,44110	5,28789	4,46276	4,05248	3,32353	3,20712	2,79059	2,59524	2,60000	2,38755	2,25325	1,98194	1,51441	1,34394	1,13405	0,92228	0,76323	0,84445	0,93304	0,87398	0,92251	0,81058	0,74794	0,67395	0,55301	0,48261	0,41408	0,37281	0,33901	0,31240	0,28117
0,12343	0,17370	0,23806	0,29560	0,40306	0,42190	0,47665	0,51332	0,61789	0,84359	1,08292	1,45765	1,93768	2,59093	3,17868	4,21998	4,86285	5,52735	5,52580	6,31884	5,90922	5,76493	4,85722	4,64713	3,77698	3,52678	2,92617	2,81207	2,61335	2,38242	2,21304	1,96336	1,74136	1,43470	1,13839	0,96901	0,83613	0,82291	0,86859	0,88305	0,85872	0,85290	0,78325	0,63390	0,52476	0,46169	0,38873	0,35828	0,33832	0,28311	0,25351
0,13398	0,20241	0,27255	0,36387	0,40763	0,48876	0,58250	0,65804	0,70355	0,91801	1,13869	1,49642	1,94807	2,67412	3,21018	4,17585	4,92108	5,72057	6,25495	6,64702	6,64320	6,26919	5,68019	5,47171	4,56568	3,69797	3,34306	3,08151	2,64236	2,44200	2,11186	1,90137	1,68957	1,42016	1,17177	0,96345	0,88509	0,87529	0,84290	0,86905	0,84297	0,78704	0,73156	0,59283	0,51503	0,42822	0,39372	0,33332	0,31750	0,29106	0,25726
0,16407	0,23852	0,29353	0,35318	0,44505	0,56915	0,61253	0,68332	0,80463	0,99104	1,21287	1,55692	1,98180	2,65489	3,27900	4,19680	5,00513	5,96295	6,43469	6,93981	6,81801	6,96802	6,11448	5,99718	5,07540	4,74026	3,71707	3,22876	2,98161	2,44509	2,13579	1,85409	1,64683	1,42605	1,17305	0,98466	0,95309	0,90374	0,80874	0,87924	0,80522	0,81219	0,68868	0,57349	0,53315	0,42710	0,32684	0,31790	0,30316	0,26318	0,25410
0,17387	0,24756	0,31737	0,44107	0,47228	0,62275	0,71009	0,82472	0,94931	1,06355	1,30004	1,55850	2,00420	2,58498	3,28450	4,25563	5,06061	5,92648	6,75231	7,38755	7,47265	7,38183	7,25263	6,45130	6,03704	5,11756	4,57288	3,93719	3,16996	2,60332	2,23283	1,85432	1,62358	1,50145	1,07858	0,99712	0,88328	0,87661	0,88148	0,85392	0,85336	0,81926	0,72387	0,62065	0,49300	0,35311	0,34322	0,29402	0,28715	0,22990	0,24065
0,19274	0,29376	0,31332	0,46025	0,52256	0,70187	0,74547	0,85869	0,93665	1,08479	1,29360	1,60931	1,89348	2,48860	3,19275	3,99332	4,98109	5,84204	6,78098	7,35848	7,82591	7,89796	7,48870	7,46509	6,24673	6,20195	5,11782	4,52655	3,37387	2,96609	2,28436	1,90101	1,55502	1,29176	1,11271	0,97338	0,86477	0,87687	0,89354	0,86500	0,85458	0,79312	0,72055	0,59290	0,49510	0,41513	0,29715	0,27528	0,23345	0,24924	0,19393
0,21353	0,27712	0,36281	0,44420	0,55439	0,63314	0,82985	0,91515	0,99805	1,12668	1,24319	1,63341	1,88490	2,41323	2,95468	3,96790	4,71773	5,72211	6,66316	7,41330	7,93772	8,31821	7,98458	7,92940	7,44812	7,02067	5,56388	5,00908	4,28078	3,32030	2,67228	2,14418	1,68287	1,27571	1,04375	0,87464	0,83873	0,79805	0,88950	0,83225	0,79677	0,73725	0,69898	0,56524	0,47231	0,40707	0,28038	0,23658	0,20330	0,18413	0,18386
0,23102	0,26301	0,34026	0,41707	0,56070	0,66274	0,83258	0,93261	1,01051	1,15907	1,28837	1,47209	1,86954	2,20462	2,77284	3,62500	4,49646	5,16873	6,41763	7,33523	8,01220	8,45836	8,59246	8,28927	8,04535	7,45045	6,73163	6,21927	4,68968	4,12285	2,92370	2,56857	1,84264	1,40425	1,00281	0,85908	0,76369	0,69638	0,72798	0,73620	0,77290	0,68743	0,63341	0,50789	0,43348	0,32326	0,26344	0,18926	0,17663	0,18350	0,18419
0,24148	0,28271	0,36311	0,44864	0,51217	0,66290	0,84711	0,93836	1,04474	1,12346	1,31270	1,42845	1,70911	2,12333	2,67353	3,11357	3,94666	4,90550	5,66378	7,03695	7,78958	8,41808	8,74856	8,79019	8,72268	8,35879	7,55226	6,86323	5,79153	4,74848	3,71234	2,93636	2,07345	1,58106	1,10797	0,86885	0,74393	0,60315	0,66287	0,66290	0,69822	0,64314	0,62870	0,47350	0,39139	0,28189	0,24338	0,18340	0,16249	0,14421	0,15539
0,21908	0,26426	0,32349	0,41168	0,53716	0,62236	0,81347	0,92866	1,04675	1,15463	1,26680	1,40352	1,61575	1,92054	2,40698	3,07263	3,84962	4,46289	5,52722	6,13950	7,72805	8,32597	8,74833	9,02330	9,03918	9,07239	8,58105	7,41912	6,35899	5,24919	4,19295	3,30659	2,48925	1,91469	1,22060	1,07348	0,76454	0,64758	0,59418	0,61305	0,62193	0,57767	0,54817	0,41349	0,36479	0,26844	0,20853	0,15917	0,15381	0,12668	0,11425
0,21925	0,25940	0,31681	0,36291	0,47563	0,63288	0,70887	0,86773	1,03336	1,15881	1,22701	1,34407	1,51197	1,83347	2,12027	2,63930	3,40613	4,16829	5,13778	6,38849	7,26039	8,26402	8,77023	9,40672	9,33349	9,33921	8,85671	8,69785	7,11580	6,23736	5,01907	4,28006	3,22031	2,33523	1,69086	1,07078	0,79848	0,65350	0,58550	0,53726	0,56978	0,51207	0,45942	0,35979	0,34312	0,23914	0,18995	0,14375	0,13079	0,12356	0,11981
0,21550	0,21425	0,31346	0,36074	0,47310	0,59579	0,76329	0,84869	1,03086	1,14059	1,19018	1,43401	1,56873	1,81098	2,06207	2,54095	3,07549	3,88671	4,95670	5,78814	6,99377	7,96317	8,74856	9,37120	9,56794	9,64779	9,36377	9,03951	8,12755	7,25983	5,79357	4,74641	3,61333	2,91778	1,86796	1,45015	0,97286	0,80312	0,58849	0,49273	0,44351	0,42315	0,42368	0,34769	0,25506	0,25364	0,18354	0,16016	0,12760	0,11379	0,09492
0,18771	0,25877	0,29692	0,36308	0,45709	0,55015	0,71966	0,86263	1,01633	1,20281	1,33391	1,51963	1,58908	1,84547	2,06345	2,41379	2,95507	3,57160	4,52721	5,55997	6,70815	7,65663	8,45991	9,14654	9,46002	9,77846	9,57738	9,29652	8,28743	7,65765	6,42262	5,64086	4,29371	3,36085	2,58123	1,58767	1,25637	0,90370	0,63328	0,53634	0,46041	0,38823	0,37968	0,32276	0,26650	0,23733	0,18656	0,15970	0,15384	0,12389	0,10116
0,19807	0,22487	0,26331	0,34874	0,47698	0,52266	0,71575	0,86323	1,07381	1,29330	1,38327	1,57366	1,67073	1,89746	2,00574	2,26213	2,78264	3,35404	4,32593	5,17494	6,10770	7,18900	8,25639	8,78062	9,35453	9,58416	9,64081	9,32681	8,93076	7,87221	7,04934	5,93191	4,67400	3,63657	2,76350	1,90390	1,43085	0,98900	0,66932	0,52673	0,43479	0,37130	0,33322	0,26472	0,24378	0,20797	0,17962	0,17150	0,14796	0,14154	0,10422
0,18321	0,20297	0,26298	0,33394	0,45304	0,57264	0,70302	0,88726	1,04938	1,26193	1,46620	1,62190	1,83913	2,03215	2,12317	2,49978	2,81844	3,27213	3,96406	5,01809	5,95522	6,75422	7,67830	8,61386	9,06157	9,42201	9,51300	9,25726	8,79094	7,80905	7,25457	5,87985	5,07419	4,16553	3,11867	2,31438	1,52391	1,13346	0,79269	0,52404	0,42233	0,30346	0,31734	0,23868	0,22309	0,18580	0,20300	0,20300	0,16522	0,16167	0,10649
0,15443	0,22533	0,28968	0,35867	0,45153	0,58872	0,69506	0,88276	1,05753	1,36222	1,55465	1,71348	1,84294	2,13849	2,21050	2,51684	2,81095	3,32142	3,87590	4,64269	5,55586	6,40178	7,50284	7,91358	8,70900	9,10573	9,26002	9,09025	8,65724	8,00687	7,10781	6,15620	5,34031	4,36066	3,28828	2,37429	1,65357	1,15273	0,80864	0,55307	0,42329	0,25410	0,21109	0,18913	0,15440	0,17361	0,18143	0,19876	0,22319	0,17384	0,13184
0,19554	0,24138	0,28511	0,37235	0,46643	0,53239	0,71917	0,91071	1,15973	1,42332	1,63949	1,89358	1,91318	2,25128	2,38748	2,63443	2,86205	3,37552	3,79310	4,36664	5,27813	6,12954	6,71509	7,58692	7,84088	8,30022	8,71942	8,41183	8,32028	7,61046	7,04803	6,05703	5,34846	4,31081	3,32317	2,57228	1,78809	1,21129	0,84205	0,54903	0,36156	0,21310	0,17758	0,10412	0,11866	0,15335	0,19521	0,22326	0,22934	0,19777	0,18360
0,16742	0,23967	0,28340	0,35966	0,49300	0,57349	0,70315	0,90301	1,19702	1,41569	1,66807	1,88253	2,14921	2,27371	2,41994	2,67744	3,01837	3,37315	3,67577	4,30436	5,07669	5,59357	6,24111	6,62393	7,49419	7,53513	7,92641	7,91243	7,91440	7,11620	6,41269	5,86141	5,13926	4,34316	3,33625	2,42372	1,86458	1,24848	0,87266	0,51641	0,34098	0,15299	0,11205	0,08097	0,10439	0,14368	0,19373	0,24328	0,23372	0,22362	0,18038
0,17920	0,22135	0,31267	0,36294	0,45291	0,59299	0,76859	0,97700	1,18840	1,46317	1,70332	1,95438	2,17890	2,42342	2,53384	2,91535	3,02416	3,31442	3,70241	4,13725	4,65838	5,01158	5,93914	6,35193	6,96625	7,19600	7,32533	6,97595	7,10978	6,38422	6,24496	5,54336	4,99573	4,02403	3,34658	2,55334	1,87944	1,28324	0,82390	0,48333	0,28117	0,17117	0,04480	0,01810	0,05440	0,11432	0,15779	0,24046	0,26278	0,21912	0,18357
0,15384	0,22559	0,29359	0,41306	0,53259	0,62101	0,74853	0,97289	1,18919	1,42822	1,73699	1,95652	2,17364	2,40277	2,66255	2,81634	3,07815	3,33306	3,69876	3,99569	4,44096	4,86896	5,10427	5,56878	5,91155	6,07946	6,39918	6,38875	6,79943	5,99774	5,65352	5,13390	4,50113	3,79208	3,17476	2,36035	1,84021	1,28363	0,90854	0,56330	0,29277	0,13964	0,04520	0,02389	0,03724	0,09472	0,17361	0,23319	0,26844	0,22701	0,20277
0,16956	0,26315	0,30001	0,36923	0,49352	0,65284	0,82222	0,98802	1,18242	1,40326	1,64706	1,92245	2,19955	2,38370	2,58419	2,91348	3,05849	3,13419	3,51135	3,88711	4,05113	4,34145	4,83647	5,11943	5,65227	5,67769	6,10096	5,54017	5,93944	5,17961	5,12269	4,60823	4,34550	3,57837	3,10492	2,28374	1,79292	1,32582	0,92971	0,58543	0,34555	0,17213	0,05427	0,03415	0,04401	0,11567	0,15674	0,22799	0,26245	0,22332	0,19304
0,14674	0,19330	0,27298	0,33756	0,49882	0,62627	0,79226	0,92176	1,17450	1,31293	1,60467	1,83327	2,08578	2,35407	2,58425	2,78823	2,98464	3,05645	3,31097	3,44362	3,95472	3,99398	4,52639	4,47950	4,82243	4,91507	5,64632	5,06646	4,96755	4,67360	4,41281	4,08822	3,82641	3,45358	2,79931	2,22159	1,83857	1,36956	0,95507	0,69704	0,41924	0,22010	0,12422	0,07256	0,06881	0,14743	0,16344	0,22329	0,22027	0,17535	0,15368
0,15358	0,22464	0,30070	0,37363	0,45163	0,58333	0,73097	0,89065	1,14924	1,19311	1,58307	1,72492	1,98128	2,19837	2,54407	2,61138	2,89385	3,08805	3,21557	3,34605	3,67153	3,88145	3,91743	4,16277	4,54720	4,42892	4,97544	4,51346	4,42287	4,12055	4,14626	3,77689	3,52260	3,04675	2,60418	2,25365	1,76823	1,38590	1,06306	0,83284	0,54252	0,34384	0,14832	0,12934	0,10656	0,15335	0,15805	0,18354	0,17982	0,16338	0,10573
0,12408	0,18896	0,23648	0,36344	0,46409	0,55817	0,64929	0,82262	1,05733	1,19630	1,40579	1,50984	1,88335	1,97289	2,23208	2,42221	2,62151	2,75837	3,08555	3,24254	3,22951	3,43806	3,77005	3,92025	4,16063	3,91815	4,26974	3,80329	4,14656	3,78764	3,59116	3,27233	3,17042	2,80894	2,57024	2,19706	1,81538	1,45423	1,15697	0,89848	0,66067	0,46511	0,28100	0,23871	0,14782	0,15910	0,14312	0,15766	0,15302	0,09903	0,09455
0,11629	0,16677	0,23970	0,32293	0,41395	0,55275	0,62992	0,75557	0,93271	1,03228	1,35565	1,49287	1,60243	1,85636	2,08670	2,23267	2,36525	2,50543	2,67238	2,80628	2,95317	3,15543	3,47311	3,31833	3,59212	3,50866	3,61000	3,69701	3,61240	3,33359	3,49396	3,00667	2,94363	2,73006	2,45992	2,17384	1,85386	1,51566	1,28281	1,06013	0,74682	0,57652	0,34900	0,26328	0,21293	0,16394	0,17397	0,14033	0,12211	0,10399	0,09508
0,10498	0,15161	0,25371	0,27232	0,36314	0,50260	0,53854	0,65514	0,88641	0,95891	1,10327	1,19666	1,49237	1,68461	1,84883	1,93705	2,06523	2,33329	2,30646	2,59336	2,74732	2,76626	3,10505	3,07260	3,28433	3,51201	3,35740	3,30281	3,36154	3,25332	3,08503	2,89131	2,76527	2,60349	2,29432	2,11320	1,86563	1,61079	1,35289	1,12846	0,84297	0,65340	0,47268	0,30510	0,24069	0,16358	0,13441	0,11803	0,09626	0,08334	0,05434
0,09492	0,12362	0,18955	0,26505	0,35390	0,42302	0,53486	0,64663	0,75363	0,88887	1,07285	1,12418	1,40951	1,34374	1,53295	1,71677	1,94764	1,97829	2,31287	2,27897	2,47189	2,53322	2,75054	2,70434	3,03547	3,01199	3,20554	3,14369	3,17618	2,79770	2,81657	2,66186	2,81479	2,45154	2,25976	2,09742	1,87329	1,67152	1,43161	1,15276	0,90298	0,68671	0,49622	0,35032	0,26837	0,20317	0,15121	0,10853	0,08393	0,06489	0,06216
0,07834	0,11981	0,16598	0,19715	0,27294	0,33887	0,49316	0,51309	0,61693	0,74116	0,90680	0,85303	1,10288	1,21428	1,41230	1,43299	1,68461	1,80690	2,07809	1,96918	2,18469	2,34243	2,37758	2,51411	2,76833	2,80628	2,81690	2,84097	2,83742	2,75038	2,77734	2,65548	2,61059	2,40570	2,26562	2,06016	1,85083	1,63315	1,46327	1,16762	0,97999	0,76336	0,54222	0,37366	0,28455	0,19310	0,12422	0,09518	0,07949	0,07486	0,05325
0,07792	0,12208	0,13349	0,19176	0,23184	0,24345	0,43016	0,44259	0,52315	0,67257	0,70177	0,79092	0,99351	0,95997	1,11215	1,21652	1,41464	1,41339	1,73873	1,82209	2,00469	1,95339	2,25536	2,42089	2,48991	2,36384	2,69911	2,63571	2,70040	2,61773	2,55522	2,46397	2,44874	2,41372	2,19393	2,02817	1,88394	1,60585	1,43157	1,18663	1,02971	0,77734	0,57067	0,41076	0,27281	0,18544	0,13415	0,10449	0,09252	0,07256	0,05500
0,05480	0,09265	0,10412	0,14371	0,21339	0,25295	0,35617	0,37715	0,45594	0,54817	0,62331	0,62473	0,76034	0,80966	1,02340	0,98631	1,24549	1,23046	1,37551	1,52480	1,67277	1,77832	2,07000	1,97756	2,34486	2,23717	2,28959	2,47580	2,43394	2,42493	2,45473	2,46364	2,42122	2,25378	2,19393	1,98368	1,80351	1,63328	1,41415	1,14635	0,99117	0,73400	0,54364	0,39504	0,27965	0,22796	0,14947	0,11698	0,09478	0,06641	0,08499
0,05444	0,04415	0,08512	0,13171	0,17834	0,20290	0,26351	0,29711	0,38942	0,46034	0,49704	0,56402	0,68313	0,69786	0,85981	0,86477	0,99377	1,03044	1,24141	1,33963	1,44164	1,54242	1,71253	1,82295	2,05694	2,16818	2,17696	2,13280	2,34223	2,25269	2,25013	2,12297	2,28357	2,12340	2,02676	1,88299	1,71239	1,48149	1,30297	1,11330	0,92528	0,75310	0,50411	0,37879	0,28011	0,20123	0,14378	0,11106	0,10445	0,10537	0,09495
0,05467	0,05424	0,08633	0,10439	0,15328	0,18771	0,24713	0,28130	0,34318	0,37294	0,43838	0,51256	0,57948	0,61687	0,70729	0,83228	0,84701	0,91995	1,01413	1,08068	1,35499	1,29666	1,55686	1,63094	1,71933	1,75261	2,00203	1,99456	2,12014	2,03764	2,18969	2,04954	2,21363	2,05924	2,00199	1,78296	1,62525	1,48202	1,33362	1,05293	0,88486	0,69388	0,47738	0,37278	0,30711	0,22270	0,15654	0,14319	0,12188	0,10458	0,11412
0,04599	0,06305	0,07640	0,08489	0,11415	0,14868	0,17985	0,23329	0,30570	0,34266	0,38649	0,39737	0,48760	0,52502	0,60440	0,58250	0,68345	0,73390	0,95382	0,96253	1,05858	1,22250	1,24319	1,42319	1,48560	1,59494	1,59573	1,70194	1,79378	1,78112	1,91446	1,92965	1,92367	1,82272	1,82423	1,63699	1,53295	1,29797	1,24542	0,96079	0,83061	0,66534	0,51296	0,34910	0,30320	0,18357	0,19314	0,17499	0,12402	0,12418	0,09436
0,04618	0,05431	0,05565	0,09212	0,09113	0,10573	0,17380	0,18663	0,26581	0,25733	0,34236	0,33414	0,40806	0,43364	0,52312	0,55090	0,65343	0,63972	0,78990	0,91077	0,93909	1,03320	1,16969	1,22448	1,38577	1,38268	1,63903	1,54117	1,68435	1,64788	1,76803	1,67040	1,81351	1,65521	1,59464	1,54255	1,44483	1,17144	1,15572	0,85267	0,74449	0,53275	0,42736	0,30514	0,28514	0,21967	0,19324	0,16091	0,11432	0,12885	0,11984
0,04401	0,04816	0,06641	0,06868	0,08571	0,11405	0,15894	0,18340	0,18367	0,23523	0,29530	0,30579	0,30839	0,33374	0,40527	0,45272	0,52134	0,55038	0,65343	0,69385	0,82423	0,78605	0,98361	0,91202	1,07371	1,05319	1,26479	1,26288	1,42960	1,34914	1,46564	1,38465	1,60194	1,44785	1,40454	1,33602	1,20843	1,07335	1,01593	0,78029	0,67211	0,56195	0,44469	0,33378	0,28330	0,25180	0,19406	0,16548	0,15365	0,13276	0,11198
