21,20000	21,40000	21,60000	21,80000	22,00000	22,20000	22,40000	22,60000	22,80000	23,00000	23,20000	23,40000	23,60000	23,80000	24,00000	24,20000	24,40000	24,60000	24,80000	25,00000	25,20000	25,40000	25,60000	25,80000	26,00000	26,20000	26,40000	26,60000	26,80000	27,00000	27,20000	27,40000	27,60000	27,80000	28,00000	28,20000	28,40000	28,60000	28,80000	29,00000	29,20000	29,40000	29,60000	29,80000	30,00000	30,20000	30,40000	30,60000	30,80000	31,00000	31,20000
19,40000	19,60000	19,80000	20,00000	20,20000	20,40000	20,60000	20,80000	21,00000	21,20000	21,40000	21,60000	21,80000	22,00000	22,20000	22,40000	22,60000	22,80000	23,00000	23,20000	23,40000	23,60000	23,80000	24,00000	24,20000	24,40000	24,60000	24,80000	25,00000	25,20000	25,40000	25,60000	25,80000	26,00000	26,20000	26,40000	26,60000	26,80000	27,00000	27,20000	27,40000	27,60000	27,80000	28,00000	28,20000	28,40000	28,60000	28,80000	29,00000	29,20000	29,40000
0,00432	0,00403	0,00370	-0,00613	0,00360	0,00199	0,00396	-0,00245	-0,00370	-0,00324	0,00347	0,00367	0,00376	0,00426	0,00202	0,00350	0,00360	-0,00127	0,00396	0,00347	0,01235	0,00376	0,00363	0,00400	0,00423	-0,00649	0,00390	0,00373	0,00423	-0,00508	0,00090	0,01442	0,00765	0,01445	-0,00340	0,00748	0,01439	0,00393	0,00367	0,01425	0,00416	0,00419	-0,00219	0,00393	0,00393	0,00373	0,00416	0,00028	0,00357	0,00386	-0,00666
0,00416	-0,00117	-0,00672	-0,00626	0,00403	-0,00590	0,00360	-0,00600	-0,00643	0,00357	-0,00377	0,00400	0,00370	0,00413	0,00406	0,00370	0,00225	0,00353	0,01406	-0,00275	0,00919	0,00376	0,00409	0,00324	0,00419	0,00347	-0,00623	0,00406	-0,00640	0,00449	0,00363	0,00429	-0,00354	0,00406	0,00426	-0,00525	0,00922	0,00373	0,00406	0,00400	0,00376	0,00340	0,00446	0,00370	-0,00317	0,00396	0,00393	0,00426	0,00386	0,00432	0,00367
-0,00110	-0,00623	0,00176	-0,00130	0,00215	0,00100	-0,00334	0,00554	0,00403	-0,00511	0,00357	0,00403	0,00597	0,00600	0,00413	0,00419	0,00406	0,00380	0,00386	0,00718	0,00327	0,00912	0,00380	0,01458	0,00393	0,01005	-0,00324	0,01445	0,00413	0,00594	0,00186	0,00797	0,00423	-0,00557	0,00432	-0,00617	0,00205	-0,00597	0,00419	0,00370	-0,00416	0,00423	0,00330	0,00353	0,00432	0,01113	0,00393	-0,00640	0,00373	0,00429	0,00449
0,00436	0,00344	0,00294	0,00347	0,00376	0,00113	0,00400	-0,00275	-0,00623	-0,00672	0,00403	-0,00630	0,00386	0,00396	0,00383	0,00363	0,00383	0,01212	0,00413	0,00416	0,00478	0,01445	0,00949	0,02405	0,00376	0,02221	0,01435	0,01136	-0,00307	0,01139	-0,00590	0,01356	0,00682	0,02169	0,00370	0,00959	0,00400	0,00426	0,00261	0,00423	0,00429	0,00304	-0,00189	0,00347	0,00373	0,01406	0,01051	0,00436	-0,00317	0,00370	-0,00607
-0,00548	-0,00416	-0,00626	-0,00597	0,00390	0,00367	-0,00663	-0,00623	-0,00682	0,00018	-0,00031	0,00370	-0,00436	0,00518	0,00393	0,00386	0,01439	0,00400	0,00469	0,01915	0,01856	0,02540	0,01212	0,03458	0,02379	0,03622	0,01205	0,03435	0,01468	0,01422	0,00492	0,02054	0,00350	0,01909	0,00935	0,01028	-0,00278	0,00413	0,00400	0,00406	0,00202	0,01452	0,00400	0,01106	0,00423	-0,00452	0,00357	0,00363	0,00429	0,00380	0,01037
-0,00607	0,00337	0,00064	0,00426	0,00376	0,00189	0,00360	0,00393	0,00383	0,00278	0,00380	0,00393	-0,00294	0,00403	0,00442	0,00380	0,00824	0,01840	0,01886	0,03037	0,02225	0,01876	0,03428	0,07127	0,03665	0,08531	0,03612	0,06470	0,03800	0,03675	0,01725	0,03412	0,01402	0,04454	0,01738	0,03438	0,00350	0,02080	0,00446	0,00419	0,01465	0,00376	0,00432	0,00419	0,00383	0,00998	0,00360	0,00409	0,00360	0,00370	0,00353
-0,00215	0,00400	0,00396	0,00390	0,00416	0,00367	0,00432	-0,00630	-0,00229	0,00242	-0,00663	0,00367	-0,00327	0,00380	0,00926	0,00347	0,01794	0,01402	0,02090	0,03461	0,01498	0,08877	0,05385	0,08693	0,04872	0,08906	0,05450	0,12846	0,04076	0,08354	0,04092	0,05654	0,03389	0,05454	0,02399	0,06266	0,02363	0,03412	0,00416	0,00390	0,00416	0,00469	0,01448	0,01419	0,00370	0,01419	0,00357	0,00413	0,00321	0,00413	0,01231
0,00367	-0,00110	0,00396	0,00347	0,00064	0,00307	0,01254	-0,00403	0,00380	0,00396	0,00330	-0,00442	0,00409	-0,00396	0,00383	0,00834	0,02353	0,03247	0,02379	0,06973	0,05756	0,11442	0,07298	0,12431	0,09495	0,16390	0,12109	0,18840	0,12346	0,17459	0,05496	0,08495	0,05657	0,09511	0,06082	0,06884	0,04816	0,05052	0,01998	0,02425	0,00393	0,00367	0,00794	0,01577	0,00587	0,02290	0,00419	0,01024	0,00386	0,01435	-0,00242
0,00357	0,00268	0,00432	0,00360	0,00393	0,00423	0,00370	0,00390	-0,00015	0,00386	-0,00012	-0,00663	0,00442	0,00380	0,00406	0,00396	0,01402	0,04089	0,04398	0,12435	0,07930	0,26555	0,12934	0,30086	0,17758	0,28794	0,16397	0,22842	0,16578	0,20333	0,11428	0,19791	0,09390	0,13089	0,05743	0,11376	0,07157	0,07847	0,02409	0,02455	0,00390	0,00357	0,00363	0,01455	0,01133	0,02372	0,01518	0,02810	0,00857	0,01291	0,00393
-0,00386	0,00097	0,00396	0,00344	0,00367	0,00357	0,00432	-0,00439	0,00370	0,00400	0,00360	0,00386	0,00390	0,02428	0,00383	0,01383	0,01130	0,05286	0,05851	0,31300	0,14500	0,49865	0,20573	0,50911	0,23536	0,37334	0,30290	0,37774	0,29406	0,32523	0,20330	0,23927	0,13352	0,16397	0,11392	0,11396	0,07486	0,08403	0,06815	0,05812	0,00567	0,01399	0,00367	0,01406	0,02382	0,02682	0,02333	0,02366	0,00788	0,01458	0,00304
0,01222	0,00340	-0,00597	0,00268	0,00386	0,00386	0,00353	0,00600	0,00278	-0,00219	0,00396	0,00383	0,01402	0,02346	0,00982	0,02442	0,02369	0,08696	0,12579	0,32342	0,32224	0,67372	0,42246	0,63028	0,47231	0,62838	0,40918	0,44627	0,30086	0,37396	0,24131	0,29294	0,18340	0,23753	0,15401	0,17979	0,09505	0,11379	0,07657	0,07446	0,03829	0,01393	0,00959	0,01429	0,02372	0,03405	0,03102	0,02379	0,01439	0,01402	0,01425
0,00353	-0,00594	-0,00038	0,00794	-0,00600	0,00373	0,01498	0,00442	-0,00571	0,00071	0,00393	0,01804	0,01659	0,06430	0,02320	0,05197	0,03569	0,10935	0,22326	0,47596	0,52631	0,80624	0,74942	0,91423	0,64275	0,87112	0,53259	0,70355	0,38840	0,48274	0,34996	0,32858	0,22944	0,20317	0,17545	0,23954	0,14174	0,14796	0,10222	0,08094	0,03385	0,02793	0,01419	0,02034	0,02382	0,03296	0,03346	0,02363	0,02267	0,01373	0,01327
0,00035	0,00419	-0,00330	0,00357	0,00390	0,00353	0,00294	-0,00620	0,00393	-0,00663	0,00376	0,05029	0,03444	0,08298	0,04050	0,04428	0,03931	0,14681	0,27314	0,56360	0,62160	1,06795	1,01758	1,26588	0,90854	1,05694	0,81384	0,84836	0,53851	0,53834	0,35324	0,36903	0,25394	0,21359	0,18334	0,19725	0,17390	0,15348	0,12379	0,09268	0,04211	0,03382	0,02297	0,01902	0,01422	0,02586	0,04224	0,02438	0,01448	0,00462	0,00396
0,00403	0,00413	-0,00656	0,00386	-0,00110	0,00232	0,00376	0,00386	0,00386	0,00400	0,01455	0,06443	0,07489	0,08469	0,07002	0,06460	0,05398	0,14421	0,28649	0,75389	0,78283	1,43499	1,24200	1,87983	1,09360	1,45844	0,90650	1,31865	0,73386	0,94172	0,48813	0,59760	0,24332	0,23145	0,20369	0,16328	0,20369	0,14414	0,11613	0,10439	0,07249	0,05266	0,01735	0,01504	0,02399	0,01458	0,03471	0,02376	0,01425	0,01416	0,01360
0,00363	-0,00400	0,00311	-0,00252	0,00396	0,00426	0,00376	0,00314	0,00409	0,01458	0,02984	0,05108	0,07440	0,06443	0,08403	0,06443	0,07200	0,16348	0,30399	0,88476	0,96730	1,73669	1,81785	2,34582	1,39333	2,13803	1,39277	1,86283	0,94820	1,06404	0,65478	0,82377	0,31826	0,42891	0,15420	0,16437	0,17956	0,14378	0,13464	0,10465	0,07446	0,06437	0,02386	0,01445	0,03408	0,02409	0,04148	0,01613	0,02307	0,01452	0,01396
-0,00626	0,00324	0,00284	0,01024	0,00390	0,00393	0,00528	0,00390	-0,00028	0,01347	0,04454	0,05447	0,07956	0,07029	0,08403	0,11399	0,07676	0,20363	0,38475	1,03968	1,35808	2,36801	2,09167	2,52529	2,16943	2,63871	1,85698	2,01916	1,41408	1,40228	1,04254	1,16483	0,64807	0,62321	0,21731	0,18801	0,15272	0,12806	0,13576	0,08933	0,09511	0,06315	0,02442	0,02228	0,02372	0,01432	0,03395	0,02918	0,01439	0,01353	0,00403
0,00357	0,00400	-0,00557	0,00383	0,00363	0,01235	0,00370	0,00511	0,01406	0,00554	0,03477	0,03425	0,05496	0,10064	0,08117	0,15397	0,09626	0,33914	0,44029	1,48366	1,49274	2,82032	2,43569	3,10703	2,57725	2,86366	2,62615	2,71457	1,60852	1,49530	1,24707	1,15526	0,88203	0,75287	0,32187	0,36318	0,18409	0,14973	0,11284	0,09278	0,09475	0,07062	0,04026	0,01978	0,02376	0,01366	0,03343	0,02392	0,01383	0,01432	0,01435
0,00367	-0,00258	0,00376	0,01317	0,00386	0,01570	0,01425	0,01439	0,00643	0,01402	0,03188	0,02705	0,06095	0,11415	0,12389	0,23914	0,19518	0,42365	0,61223	1,71391	2,26200	3,75548	3,22843	3,31524	2,93225	2,75117	2,81792	2,65433	1,91344	1,46104	1,26828	0,99242	1,13744	0,89660	0,51361	0,42966	0,22918	0,25371	0,10853	0,11405	0,10028	0,06628	0,05036	0,01425	0,00396	0,01399	0,03277	0,02428	0,01439	0,01452	0,00577
0,00406	0,00469	-0,00199	0,01130	0,00478	0,01425	0,00337	0,02382	0,01567	0,02784	0,02343	0,03385	0,07558	0,12398	0,15937	0,27255	0,25351	0,49527	0,83554	1,88214	2,58448	4,18016	3,96402	4,13748	2,85018	2,77708	2,80467	2,50352	2,15059	1,45479	1,20649	0,89775	1,10561	0,92205	0,60286	0,45919	0,29685	0,31092	0,15322	0,13796	0,08443	0,07479	0,05230	0,03418	0,00363	0,01162	0,02346	0,02405	0,01544	0,01402	0,01471
0,00403	0,00409	0,00393	0,00715	0,01435	0,00620	0,01462	0,02412	0,01432	0,03392	0,02412	0,04737	0,04753	0,13395	0,23940	0,34736	0,31319	0,59760	0,89654	1,99785	2,89253	4,67288	4,30042	4,90517	3,43418	3,23468	2,64505	2,40132	2,08979	1,42911	1,05421	0,79795	0,96312	0,77362	0,66744	0,46508	0,33328	0,29327	0,18383	0,17397	0,10475	0,10827	0,05457	0,03372	0,01386	0,00564	0,02636	0,01399	0,02622	0,02175	0,00340
0,00380	0,00814	0,00406	0,00363	0,01402	0,01425	0,01396	0,03405	0,02613	0,03343	0,03086	0,06440	0,06348	0,15256	0,22540	0,44262	0,48254	0,73840	1,04260	2,07328	3,21653	5,22811	5,06218	6,39908	3,79300	3,62441	2,55795	2,51359	2,11304	1,41536	0,96914	0,70966	0,92008	0,75073	0,64340	0,39678	0,35897	0,28879	0,23375	0,19116	0,13198	0,13017	0,07433	0,05427	0,01412	0,00370	0,02359	0,02372	0,01774	0,00850	0,01850
0,00169	0,00594	0,00383	0,01531	0,00501	0,02376	0,02632	0,03980	0,03918	0,04299	0,03609	0,07292	0,07463	0,20616	0,29327	0,48764	0,52259	0,86408	1,09436	2,10706	3,46874	5,32351	5,74530	6,81390	5,50522	5,50449	3,13313	2,63831	2,00594	1,44594	1,02110	0,81354	0,76921	0,72344	0,60815	0,40296	0,34555	0,22375	0,22464	0,15785	0,13365	0,14023	0,09633	0,04362	0,02172	0,00991	0,01307	0,01965	0,01422	0,01231	0,01412
0,00393	0,01356	0,01373	0,01988	0,00656	0,02392	0,01396	0,03421	0,04204	0,04937	0,05362	0,08531	0,08482	0,24726	0,32572	0,55127	0,73406	1,05921	1,18275	1,99512	3,49172	5,02900	6,78325	7,82897	6,82074	6,29556	4,08197	3,36799	2,05822	1,44946	1,06253	0,80318	0,80660	0,71318	0,61299	0,37350	0,25381	0,18077	0,21251	0,12471	0,15947	0,10034	0,10462	0,06368	0,04622	0,01409	0,01402	0,00761	0,01412	0,00373	0,01406
0,00653	0,01662	0,01419	0,01452	0,01402	0,02415	0,03395	0,03385	0,04352	0,05477	0,07706	0,09784	0,14730	0,23381	0,35992	0,62499	0,81071	1,10787	1,24907	1,80256	3,27650	4,50646	6,70466	7,75459	7,33326	8,16182	5,15219	5,21923	2,48120	1,57912	0,97937	0,61433	0,77323	0,61174	0,63979	0,33134	0,23395	0,13027	0,16463	0,13332	0,13161	0,08640	0,12020	0,08466	0,03389	0,02366	0,01925	0,01491	0,00607	0,00416	0,01409
0,01820	0,03533	0,03451	0,02369	0,01649	0,02402	0,03421	0,05056	0,04911	0,04359	0,08522	0,11218	0,15167	0,23983	0,39307	0,54255	0,83133	1,07305	1,30323	1,65324	2,63555	3,70454	6,45228	7,40179	8,26908	8,96312	6,37994	6,67675	2,91219	2,19798	0,92669	0,68349	0,66317	0,47251	0,51325	0,29333	0,20547	0,10596	0,14154	0,07242	0,10432	0,09515	0,09038	0,07463	0,03602	0,02396	0,01613	0,01485	0,00380	0,00406	0,01389
0,04375	0,05408	0,03310	0,04730	0,02412	0,03415	0,03615	0,05457	0,04372	0,05832	0,07864	0,08627	0,16381	0,21336	0,39162	0,51703	0,82939	1,00919	1,28913	1,64738	2,23964	3,25079	5,35205	6,72505	8,64652	9,39725	8,33455	7,55861	4,69978	3,74916	1,38261	0,96493	0,50549	0,34890	0,42753	0,21833	0,15828	0,13375	0,11405	0,03892	0,06121	0,04756	0,07496	0,05411	0,04927	0,03142	0,01422	0,01439	0,00998	0,00400	0,00393
0,04438	0,05588	0,03589	0,06174	0,04411	0,06055	0,03990	0,07667	0,05631	0,05486	0,06299	0,08065	0,14299	0,19340	0,31375	0,47113	0,75659	1,08509	1,31346	1,81351	2,09436	3,02360	4,79675	5,89347	8,38220	9,14651	8,87641	8,20933	6,01902	4,21183	1,55212	1,24736	0,57024	0,37899	0,37347	0,18222	0,15407	0,16581	0,09419	0,04299	0,04240	0,02517	0,06276	0,03530	0,03467	0,02922	0,01034	0,00531	0,00373	0,00899	0,00380
0,03398	0,07413	0,07966	0,09564	0,05200	0,05417	0,05467	0,08189	0,07035	0,06476	0,05434	0,06269	0,13372	0,21898	0,33358	0,47268	0,70384	1,08857	1,44341	2,11475	2,14622	2,85074	4,08033	5,31798	7,63687	7,86133	9,18331	7,51510	6,30355	4,59903	2,37693	1,36127	0,59063	0,27048	0,21260	0,11382	0,16976	0,20751	0,08923	0,04477	0,01790	0,02409	0,03425	0,03375	0,03392	0,01402	0,01412	0,00376	0,01245	0,00400	0,00380
0,02816	0,08249	0,07581	0,10080	0,06407	0,07492	0,06509	0,07390	0,07657	0,05848	0,03800	0,04431	0,09551	0,17716	0,30382	0,49527	0,74771	1,17745	1,51986	2,18380	2,39166	2,99417	3,87172	4,58318	7,00633	7,00985	8,68121	6,79026	6,52341	4,43188	2,90269	1,44848	0,61877	0,17430	0,09347	0,07025	0,19330	0,21382	0,13566	0,05855	0,02389	0,01481	0,01504	0,02382	0,02034	0,02211	0,00386	0,01208	0,01018	0,00347	0,00413
0,03418	0,06463	0,10452	0,10846	0,09459	0,06417	0,05881	0,08058	0,09525	0,07673	0,05427	0,05467	0,07440	0,16164	0,31352	0,49846	0,77983	1,16545	1,63407	2,13649	2,49498	2,90371	3,58146	4,15925	5,58815	5,23781	6,94918	5,05344	6,04789	3,68300	2,82854	1,48156	0,65310	0,20350	0,05450	0,06904	0,20389	0,19136	0,15351	0,07479	0,02918	0,01442	0,01406	0,01393	0,01692	0,00436	0,00982	0,00610	0,00403	0,00390	0,00363
0,04405	0,04589	0,10455	0,10616	0,09932	0,09465	0,07137	0,06404	0,09123	0,06411	0,05447	0,04408	0,06993	0,13431	0,30935	0,43374	0,75330	1,11425	1,61384	2,00331	2,68461	2,79799	3,34576	3,53960	4,85002	4,20453	5,98235	4,59268	4,50028	3,29610	2,63042	1,52319	0,74333	0,46728	0,01823	0,10458	0,17413	0,16588	0,16486	0,05493	0,03763	0,03612	0,01712	0,01393	0,00469	0,00386	0,00370	0,00390	0,00505	0,00393	0,00386
0,01758	0,03852	0,09087	0,09518	0,11445	0,10455	0,04408	0,04454	0,08012	0,05536	0,06246	0,04921	0,06480	0,12017	0,25407	0,44311	0,71818	1,02195	1,53992	1,73824	2,50464	2,47774	3,19604	2,81315	3,91785	3,55029	4,52336	3,19555	4,14649	2,72384	2,47797	1,63926	0,81314	0,58366	0,16657	0,18439	0,15989	0,10669	0,12415	0,05437	0,03372	0,03984	0,02405	0,01416	0,00393	0,00330	0,01445	0,00416	-0,00334	0,00400	-0,00603
0,03185	0,03339	0,08482	0,08850	0,11412	0,10695	0,06039	0,04615	0,04431	0,04424	0,05447	0,02349	0,04319	0,10649	0,27508	0,30806	0,66915	0,81929	1,24200	1,12218	2,18874	1,67231	2,67971	2,71128	3,48975	2,87139	3,81618	3,00183	3,22705	2,37673	2,30458	1,72357	1,00268	0,75741	0,32592	0,20116	0,12382	0,04434	0,05450	0,06026	0,03408	0,06259	0,02396	0,01370	0,00935	0,00436	0,01422	-0,00222	0,00386	0,00376	0,00396
0,03464	0,02386	0,07466	0,07039	0,11428	0,10419	0,08492	0,04816	0,03786	0,05269	0,04418	0,04411	0,04681	0,06411	0,18393	0,25144	0,62292	0,52239	1,04602	1,00048	1,59513	1,51569	2,31580	1,74617	2,86918	2,48508	3,17315	2,41405	2,73982	2,26756	2,17210	1,61427	1,24299	0,78316	0,41309	0,23312	0,13086	0,07499	0,05365	0,05454	0,04197	0,04415	0,02382	0,01452	0,00432	0,00376	0,00353	0,00396	0,00413	0,00419	0,00383
0,03359	0,02576	0,05006	0,07469	0,11405	0,12247	0,09268	0,07555	0,03402	0,01866	0,03428	0,03418	0,03550	0,04401	0,14477	0,17413	0,41161	0,40415	0,92278	0,52927	1,31010	1,02649	1,73591	1,38909	1,98841	1,79480	2,45660	2,11297	2,29857	1,98440	1,99811	1,51283	1,24980	0,77119	0,43134	0,21112	0,10922	0,08693	0,07811	0,07476	0,04431	0,04424	0,02412	0,01435	0,01429	0,00376	0,00373	0,00350	0,00390	-0,00485	0,00383
0,05848	0,03829	0,04470	0,05460	0,10320	0,12037	0,11419	0,09284	0,05424	0,03043	0,02566	0,02389	0,04431	0,04750	0,09442	0,11202	0,27650	0,34338	0,54377	0,55123	0,91636	0,67911	1,31352	1,18406	1,82554	1,38659	2,21087	1,88506	2,13744	1,82160	1,96428	1,29034	1,04204	0,58214	0,44331	0,23980	0,13569	0,12339	0,08400	0,07926	0,05523	0,02761	0,03254	0,01429	0,00380	0,00159	0,00353	0,00353	0,00370	-0,00245	0,00376
0,08377	0,07433	0,03366	0,05253	0,08492	0,11639	0,12181	0,10455	0,05431	0,05434	0,03412	0,03145	0,03369	0,04661	0,05450	0,09495	0,18370	0,20514	0,40356	0,33858	0,56425	0,48182	0,85431	0,71775	1,23911	1,24092	1,59043	1,26581	1,99049	1,37890	1,68783	1,00275	0,96316	0,47317	0,39767	0,21550	0,16328	0,12392	0,09446	0,08255	0,05427	0,02356	0,02389	0,00376	0,00367	0,00386	-0,00206	0,00311	-0,00617	0,00419	0,00373
0,06526	0,07127	0,03806	0,04368	0,07164	0,11425	0,14483	0,11379	0,08515	0,03362	0,02218	0,03093	0,02432	0,03392	0,06256	0,06042	0,14990	0,14306	0,29695	0,25315	0,38254	0,42108	0,72219	0,56166	1,01067	0,72686	1,28501	0,93185	1,37640	1,19202	1,45479	0,90176	0,86428	0,43542	0,35176	0,22066	0,15368	0,13816	0,10656	0,06447	0,04441	0,02100	0,01185	0,00419	0,00357	0,00643	0,00094	0,00469	0,00436	0,00403	-0,00044
0,08959	0,09429	0,07279	0,06493	0,05667	0,09659	0,11412	0,09334	0,09538	0,05483	0,03392	0,03402	0,03343	0,01998	0,03020	0,04188	0,08844	0,09067	0,15529	0,19393	0,31536	0,30823	0,52940	0,35653	0,78371	0,46764	0,99015	0,52345	1,10922	0,64307	0,95194	0,54469	0,62956	0,30257	0,24907	0,19892	0,16170	0,11468	0,09225	0,05066	0,05473	0,02040	0,00327	-0,00035	-0,00166	0,00376	0,00396	0,00409	-0,00255	0,00117	-0,00630
0,09765	0,08689	0,08065	0,06266	0,05463	0,07476	0,09682	0,07765	0,07594	0,05421	0,03083	0,02724	0,02665	0,03234	0,03356	0,02632	0,06417	0,05408	0,14848	0,15808	0,26344	0,25335	0,35173	0,29297	0,40217	0,21958	0,54936	0,44249	0,67773	0,54594	0,65350	0,44137	0,40773	0,20711	0,28942	0,18156	0,14358	0,07499	0,05526	0,02619	0,03504	0,01245	0,00380	-0,00406	0,00367	0,00120	0,00383	0,00383	-0,00705	0,00416	0,00419
0,07453	0,07459	0,08499	0,06292	0,04730	0,05516	0,10804	0,06338	0,06618	0,05401	0,04832	0,02902	0,02425	0,01445	0,01692	0,01429	0,02409	0,04750	0,10077	0,10218	0,23385	0,17423	0,30326	0,16568	0,32937	0,16673	0,36663	0,24194	0,46031	0,31316	0,49888	0,29264	0,33368	0,17380	0,19360	0,09850	0,11474	0,05796	0,05447	0,01432	0,01462	0,00373	0,00416	0,00383	-0,00653	0,00423	0,00179	-0,00597	0,00324	-0,00666	0,00383
0,07423	0,07206	0,09196	0,05431	0,06049	0,05638	0,05463	0,05437	0,05967	0,04921	0,05414	0,04158	0,01396	0,02419	0,02389	0,01619	0,03421	0,02412	0,08374	0,07486	0,15378	0,12517	0,17814	0,11060	0,15167	0,06825	0,24420	0,10458	0,24815	0,15677	0,23641	0,17561	0,19666	0,09659	0,14358	0,07081	0,08318	0,04135	0,03382	0,00794	0,01455	0,00426	0,01442	0,00393	0,00607	0,00666	0,00413	0,00005	-0,00031	0,00192	-0,00054
0,06861	0,06460	0,07430	0,04760	0,05375	0,03951	0,05477	0,04967	0,04418	0,04385	0,05266	0,04395	0,02412	0,02369	0,02399	0,01902	0,01537	0,03198	0,04503	0,06371	0,15069	0,08666	0,12925	0,09455	0,08985	0,05299	0,13020	0,06677	0,16450	0,10475	0,23398	0,07348	0,14016	0,04842	0,12484	0,04368	0,06486	0,01432	0,02409	0,00554	0,00564	0,00386	0,00390	0,00386	0,00423	0,00386	0,00413	0,00179	0,00284	-0,00682	-0,00620
0,04375	0,03773	0,05431	0,03405	0,05269	0,04349	0,04092	0,03431	0,04372	0,05460	0,05421	0,03415	0,02899	0,02396	0,02208	0,01439	0,02392	0,02399	0,04401	0,05085	0,08255	0,07473	0,11419	0,04145	0,04878	0,02603	0,03372	0,02376	0,09123	0,03934	0,10488	0,04408	0,07486	0,04355	0,07404	0,04240	0,02836	0,00426	0,01396	0,00413	0,00373	-0,00610	0,00406	-0,00623	0,00340	0,00396	0,00423	0,00380	-0,00646	-0,00669	-0,00623
0,04329	0,01442	0,03941	0,03066	0,05342	0,03402	0,03405	0,02543	0,03793	0,03392	0,04997	0,04349	0,02366	0,03474	0,02415	0,01412	0,01669	0,02754	0,04714	0,02899	0,05457	0,03007	0,04957	0,03020	0,05454	0,02833	0,03435	0,01896	0,03454	0,01994	0,06841	0,02201	0,04484	0,03389	0,02396	0,01715	0,03375	0,01396	0,00370	0,00107	0,00357	0,00406	0,00311	0,00146	0,00340	0,00353	0,00393	-0,00258	0,00370	0,00393	-0,00081
0,01705	0,02386	0,02478	0,02386	0,02363	0,01843	0,03444	0,02928	0,02672	0,02915	0,02366	0,03408	0,03389	0,03458	0,02409	0,02047	0,01514	0,01527	0,02465	0,01836	0,02636	0,01422	0,02369	0,01514	0,02172	0,02067	0,02392	0,00561	0,01452	0,00498	0,02363	0,02422	0,02800	0,01915	0,03037	0,00452	0,00883	0,00383	0,00186	0,00403	0,00426	0,00350	0,00159	0,00455	-0,00426	0,00380	0,00403	-0,00623	0,00090	0,00396	0,00439
0,02379	0,02228	0,03415	0,02369	0,02580	0,00380	0,02379	0,02287	0,03425	0,02386	0,04391	0,03408	0,03441	0,02659	0,03112	0,02816	0,02382	0,01623	0,01458	0,00367	0,01307	0,00337	0,01836	0,01412	0,01896	0,01429	0,01455	0,00360	0,00751	0,00429	0,01199	0,01435	0,00623	0,01606	0,00695	0,00386	0,00386	0,00156	-0,00505	-0,00630	-0,00015	0,00393	-0,00097	-0,00462	0,00367	-0,00406	0,00035	0,00406	0,00423	0,00386	0,00390
0,01402	0,03389	0,01445	0,02264	0,01721	0,01445	0,01452	0,01409	0,01199	0,01389	0,02399	0,02422	0,04151	0,02353	0,02774	0,02359	0,02100	0,01393	0,01393	0,00406	0,01465	-0,00235	0,00373	0,01412	0,02333	0,00416	0,02201	-0,00018	-0,00656	-0,00097	0,00870	0,01333	0,01393	0,00294	0,00465	0,00432	-0,00663	-0,00012	-0,00169	0,00534	0,00380	-0,00613	0,00281	0,00363	0,00406	0,00396	0,00360	0,00367	0,00330	0,00380	-0,00633
0,01432	0,02060	0,02123	0,01935	0,01435	0,00383	0,01412	0,00834	0,01544	0,00870	0,02356	0,02379	0,02415	0,02665	0,02201	0,01879	0,02442	0,01458	0,01442	0,00120	0,01432	0,00446	0,00353	0,00432	0,00383	0,00883	0,00409	0,00327	0,00406	0,00396	0,00515	0,00383	0,00469	0,00393	0,00357	-0,00508	-0,00212	0,00373	-0,00518	-0,00084	-0,00475	0,00416	0,00400	0,00400	0,00107	0,00380	-0,00679	-0,00163	-0,00669	-0,00613	-0,00136
0,02392	0,00945	0,01383	0,02234	0,01813	0,00406	0,00390	0,00390	0,00367	0,00363	0,02389	0,01462	0,02409	0,01836	0,02435	0,02359	0,00748	0,01396	0,01402	0,00327	0,00393	0,00199	0,00383	0,00386	0,01432	-0,00459	0,00390	-0,00541	0,00409	0,00367	0,00426	0,00406	-0,00367	0,00370	0,00376	-0,00189	-0,00449	0,00291	0,00423	0,00337	0,00064	-0,00222	0,00373	0,00025	0,00054	-0,00600	0,00094	0,00390	0,00370	-0,00035	-0,00669
0,02034	0,02340	0,02067	0,01448	0,01333	0,01478	0,00804	0,01442	0,01419	0,00455	0,01396	0,01442	0,01725	0,01524	0,02093	0,01465	0,01619	0,01439	0,00406	0,00383	0,00393	-0,00090	0,00301	0,00383	0,00393	0,00400	-0,00600	0,00403	-0,00574	0,00403	0,00413	0,01452	0,00413	0,00376	0,00386	-0,00521	0,00409	-0,00206	-0,00597	0,00386	-0,00646	0,00396	0,00077	0,00403	0,00360	0,00367	0,00334	-0,00676	-0,00623	0,00071	0,00367
