27,80000	27,84000	27,88000	27,92000	27,96000	28,00000	28,04000	28,08000	28,12000	28,16000	28,20000	28,24000	28,28000	28,32000	28,36000	28,40000	28,44000	28,48000	28,52000	28,56000	28,60000	28,64000	28,68000	28,72000	28,76000	28,80000	28,84000	28,88000	28,92000	28,96000	29,00000	29,04000	29,08000	29,12000	29,16000	29,20000	29,24000	29,28000	29,32000	29,36000	29,40000	29,44000	29,48000	29,52000	29,56000	29,60000	29,64000	29,68000	29,72000	29,76000	29,80000
25,00000	25,04000	25,08000	25,12000	25,16000	25,20000	25,24000	25,28000	25,32000	25,36000	25,40000	25,44000	25,48000	25,52000	25,56000	25,60000	25,64000	25,68000	25,72000	25,76000	25,80000	25,84000	25,88000	25,92000	25,96000	26,00000	26,04000	26,08000	26,12000	26,16000	26,20000	26,24000	26,28000	26,32000	26,36000	26,40000	26,44000	26,48000	26,52000	26,56000	26,60000	26,64000	26,68000	26,72000	26,76000	26,80000	26,84000	26,88000	26,92000	26,96000	27,00000
0,16907	0,16907	0,14552	0,16907	0,11346	0,16907	0,10817	0,16907	0,06401	0,16907	0,02402	0,16907	0,04007	0,16907	0,03379	0,16907	0,00745	0,16907	0,01991	0,16907	0,07496	0,16907	0,08081	0,16907	0,15733	0,16907	0,23776	0,16907	0,36936	0,16907	0,46314	0,16907	0,56113	0,16907	0,75968	0,16907	1,04510	0,16907	1,21264	0,16907	1,42362	0,16907	1,67330	0,16907	1,71894	0,16907	1,96418	0,16907	1,99917	0,16907	2,07822
0,19754	0,16802	0,13467	0,13461	0,12010	0,13651	0,09554	0,08466	0,04648	0,05450	0,03389	0,05483	0,03037	0,03024	0,02353	0,01383	0,01363	0,02389	0,02340	0,05391	0,07413	0,09965	0,13415	0,13388	0,19330	0,24134	0,28419	0,30346	0,39274	0,45153	0,54226	0,55755	0,67842	0,71496	0,85425	0,94228	1,13303	1,19883	1,35637	1,37107	1,49777	1,50349	1,64725	1,68573	1,80703	2,00479	2,03639	1,87421	2,13379	2,02439	2,21807
0,16884	0,14371	0,13418	0,12014	0,11373	0,10495	0,09534	0,07265	0,04438	0,04431	0,05056	0,04375	0,02649	0,02399	0,01370	0,01606	0,02396	0,02165	0,04221	0,06545	0,08857	0,09495	0,13641	0,17328	0,26344	0,24009	0,33148	0,36442	0,43775	0,49066	0,61532	0,60855	0,71381	0,74741	0,89328	1,01682	1,21780	1,24069	1,44374	1,43226	1,56133	1,63548	1,72357	1,80726	1,90344	2,09936	2,17338	2,02218	2,26512	2,03001	2,27305
0,14779	0,14089	0,11096	0,10051	0,09580	0,09837	0,08466	0,04424	0,03346	0,04043	0,01458	0,03326	0,01406	0,02422	0,01396	0,01356	0,01402	0,02422	0,04290	0,07627	0,11093	0,12767	0,17255	0,19409	0,24654	0,28357	0,35479	0,40362	0,47083	0,53667	0,68290	0,67336	0,76523	0,77411	0,95753	1,18512	1,24184	1,33437	1,44802	1,57386	1,61667	1,68395	1,93488	1,93886	2,09367	2,19788	2,30764	2,24063	2,30695	2,19393	2,34736
0,13046	0,13359	0,11369	0,10656	0,07446	0,09505	0,07249	0,04589	0,02566	0,01961	0,02011	0,02323	0,01498	0,01991	0,01416	0,01353	0,02366	0,02366	0,06075	0,06884	0,14342	0,12655	0,19366	0,24131	0,29307	0,36281	0,41671	0,47297	0,53226	0,59247	0,70289	0,76099	0,83965	0,96263	1,10225	1,26108	1,32267	1,34470	1,55952	1,71249	1,77661	1,83038	1,88901	1,96336	2,13372	2,21432	2,37870	2,32444	2,41780	2,29219	2,35272
0,14289	0,10429	0,10238	0,07969	0,06601	0,07496	0,06861	0,03619	0,02517	0,02386	0,01432	0,02067	0,02257	0,02372	0,02445	0,01590	0,02396	0,04595	0,05805	0,08837	0,14355	0,17798	0,22270	0,24358	0,33381	0,36587	0,42263	0,48438	0,60782	0,70167	0,75267	0,82554	0,84330	1,02297	1,11744	1,26272	1,45236	1,46383	1,63045	1,77198	1,84301	1,95540	1,98190	2,11107	2,25365	2,35124	2,47344	2,45275	2,51372	2,47748	2,41195
0,11876	0,11800	0,08472	0,08282	0,04609	0,05401	0,04858	0,02382	0,01689	0,01988	0,01984	0,02596	0,01481	0,02392	0,01550	0,01869	0,04355	0,05444	0,09196	0,13434	0,19093	0,24279	0,27725	0,26114	0,38830	0,38422	0,45058	0,56978	0,69631	0,70578	0,79279	0,85300	0,93984	1,09867	1,17690	1,39872	1,56482	1,57445	1,76830	1,82104	2,01308	2,05392	2,07756	2,13461	2,29179	2,47156	2,50178	2,40567	2,58327	2,56511	2,58402
0,10426	0,08453	0,07663	0,05490	0,06512	0,03352	0,04428	0,02744	0,02415	0,02415	0,02402	0,02405	0,01333	0,02465	0,02438	0,04477	0,05240	0,07433	0,09541	0,15614	0,21908	0,24315	0,29366	0,35729	0,45327	0,44325	0,55219	0,57527	0,67944	0,81354	0,92692	0,91150	1,02708	1,12050	1,23349	1,52480	1,60266	1,74291	1,87858	1,84998	1,99377	2,07210	2,19255	2,20314	2,40349	2,46393	2,59237	2,47439	2,70516	2,61434	2,66853
0,08637	0,07384	0,04783	0,04783	0,04424	0,03323	0,02761	0,03079	0,01748	0,02353	0,02386	0,01725	0,02356	0,03375	0,04447	0,06407	0,07736	0,09488	0,10758	0,19304	0,23358	0,29517	0,34969	0,38314	0,46143	0,50010	0,57409	0,62801	0,81311	0,88601	0,97207	1,01265	1,17012	1,27130	1,35101	1,57323	1,69234	1,79355	1,94195	2,02620	1,99440	2,18173	2,31343	2,33224	2,44325	2,54229	2,67984	2,68392	2,69533	2,58300	2,76198
0,08351	0,06683	0,04438	0,04424	0,03405	0,03369	0,02343	0,03063	0,03142	0,02376	0,03362	0,02326	0,03405	0,04418	0,06496	0,07976	0,08541	0,10675	0,14391	0,23164	0,29876	0,33049	0,41161	0,43943	0,50806	0,54656	0,63262	0,69348	0,82502	0,95033	1,04836	1,03866	1,14474	1,34128	1,38107	1,54597	1,83301	1,80864	1,96313	2,12369	2,14300	2,29926	2,32902	2,43283	2,51924	2,66449	2,68576	2,80440	2,73479	2,69563	2,74350
0,07831	0,05184	0,06473	0,04349	0,03418	0,03352	0,02432	0,03083	0,02353	0,06036	0,03106	0,03408	0,04332	0,04579	0,06483	0,07459	0,11379	0,14082	0,17364	0,28258	0,32654	0,40092	0,47274	0,45873	0,53002	0,58694	0,69319	0,76359	0,89193	0,99088	1,01340	1,16075	1,24404	1,39922	1,56028	1,69911	1,83695	1,89785	2,06089	2,20807	2,23444	2,37410	2,45131	2,54963	2,57435	2,74525	2,81506	2,83992	2,80562	2,79691	2,77491
0,05582	0,05401	0,04987	0,03106	0,02386	0,03402	0,03352	0,04355	0,04500	0,04359	0,06440	0,03408	0,06368	0,05677	0,08009	0,11790	0,12770	0,16384	0,22717	0,31573	0,36847	0,41500	0,48484	0,51842	0,59224	0,67497	0,80328	0,88246	0,98226	1,07354	1,12205	1,20294	1,33217	1,42348	1,65600	1,71295	1,92143	2,03771	2,05369	2,27834	2,36404	2,40363	2,42401	2,59902	2,57136	2,77678	2,82640	2,86925	2,90963	2,84439	2,89832
0,03563	0,03412	0,03546	0,03326	0,03339	0,02405	0,02458	0,03948	0,05394	0,05444	0,05440	0,04165	0,06647	0,08841	0,11419	0,14391	0,17321	0,21310	0,25305	0,33930	0,38567	0,53311	0,53726	0,64742	0,63551	0,78266	0,84481	0,90975	1,06565	1,15250	1,29110	1,30507	1,47120	1,53101	1,66853	1,86293	2,02363	2,09420	2,17137	2,30409	2,32060	2,42842	2,54200	2,61635	2,71989	2,81568	2,85106	2,91440	2,94488	2,91450	2,92443
0,04451	0,04368	0,03375	0,04010	0,03783	0,03175	0,04582	0,03408	0,05431	0,09449	0,06917	0,06506	0,09679	0,08449	0,14348	0,19103	0,22270	0,22872	0,24374	0,38264	0,48251	0,47869	0,59270	0,64880	0,68543	0,80565	0,88197	1,01301	1,06329	1,14138	1,24289	1,35525	1,49346	1,63160	1,71203	1,94550	2,02452	2,17035	2,22797	2,45367	2,35394	2,50389	2,56952	2,70526	2,79418	2,88352	2,85518	2,94185	3,01167	2,97487	2,99450
0,04355	0,03435	0,03714	0,03530	0,04332	0,03254	0,05214	0,06647	0,06404	0,08508	0,08693	0,07949	0,10255	0,11432	0,14385	0,21395	0,20872	0,26446	0,30435	0,41556	0,51296	0,56291	0,59431	0,66682	0,72791	0,80660	0,97273	1,06292	1,13836	1,24881	1,34151	1,43407	1,52023	1,68734	1,80782	1,96359	2,07391	2,16555	2,29386	2,42125	2,53348	2,56262	2,66472	2,72483	2,78444	2,97990	2,93600	2,92893	2,94442	3,01449	2,98526
0,04322	0,04197	0,03704	0,04914	0,06387	0,04421	0,05404	0,07216	0,08949	0,12001	0,10379	0,11392	0,11165	0,14944	0,21333	0,21211	0,26975	0,30428	0,32477	0,49444	0,54334	0,63456	0,68293	0,77319	0,82137	0,87556	0,98545	1,03099	1,21080	1,31323	1,35002	1,44384	1,57619	1,64318	1,87290	2,04343	2,13938	2,26920	2,31303	2,47212	2,48028	2,50408	2,65002	2,71710	2,81881	3,03271	2,97461	3,03439	3,05376	2,98819	3,12383
0,04898	0,05283	0,05592	0,04240	0,04796	0,05102	0,06411	0,09360	0,07847	0,15072	0,12961	0,12398	0,10491	0,18363	0,21089	0,26377	0,27650	0,33319	0,40277	0,49296	0,53308	0,61276	0,74294	0,75662	0,90094	0,91926	1,04333	1,16210	1,21747	1,34404	1,36239	1,47317	1,68198	1,77050	1,94872	2,03159	2,16664	2,33441	2,34105	2,53855	2,61286	2,69520	2,76360	2,85153	2,93446	2,93442	3,09423	3,00877	3,09506	3,06609	3,20390
0,05411	0,05759	0,05450	0,07052	0,05822	0,07492	0,07746	0,10393	0,13493	0,15138	0,16463	0,13625	0,17558	0,19307	0,25897	0,31250	0,31099	0,35029	0,38619	0,52522	0,56327	0,66290	0,75264	0,80305	0,85234	1,01281	1,07476	1,17775	1,23849	1,41431	1,49833	1,54170	1,72196	1,76941	1,95527	2,13323	2,18341	2,27834	2,43556	2,60944	2,62388	2,71460	2,84008	2,83512	2,88467	3,04951	3,04238	3,03485	3,13448	3,06385	3,11883
0,06269	0,06394	0,07420	0,08370	0,07486	0,07637	0,08906	0,11833	0,12750	0,15776	0,16548	0,16943	0,20373	0,23677	0,25913	0,32345	0,33335	0,42289	0,43108	0,52618	0,65268	0,74541	0,80982	0,85280	0,92676	1,03777	1,09291	1,28492	1,29314	1,41513	1,57708	1,62746	1,67402	1,90867	1,91752	2,09403	2,36338	2,37344	2,51306	2,56462	2,63032	2,75376	2,78017	2,86688	2,95221	3,03458	3,03511	3,17102	3,14418	3,16483	3,20439
0,05963	0,05417	0,07456	0,09472	0,08469	0,10402	0,11521	0,14371	0,14085	0,18607	0,18275	0,21168	0,21405	0,25410	0,26768	0,33532	0,35893	0,41520	0,49471	0,61289	0,70305	0,75175	0,81301	0,89874	0,94267	1,05543	1,14089	1,26338	1,37554	1,48560	1,57274	1,64936	1,72959	1,92153	2,00347	2,20958	2,30909	2,46558	2,55344	2,67508	2,61066	2,80006	2,83479	2,83896	3,02456	3,12547	3,12600	3,21468	3,27884	3,22310	3,20508
0,07190	0,07476	0,09544	0,08778	0,08653	0,12211	0,12333	0,17127	0,18972	0,22221	0,21320	0,24414	0,23539	0,27367	0,30806	0,32474	0,39185	0,43647	0,47698	0,62502	0,66353	0,77283	0,82840	0,92261	0,98716	1,10896	1,14283	1,29643	1,33431	1,56261	1,56274	1,66925	1,82291	1,93011	2,02001	2,25352	2,30744	2,43411	2,51934	2,65992	2,73196	2,75057	2,88086	2,90233	3,01795	3,10167	3,19591	3,18318	3,14701	3,27420	3,32050
0,07157	0,08788	0,11428	0,11964	0,14289	0,11734	0,14358	0,18146	0,17689	0,25052	0,22747	0,23750	0,23355	0,27301	0,35055	0,36258	0,39678	0,45656	0,57665	0,64587	0,70240	0,80164	0,89631	0,95316	0,98782	1,16950	1,25072	1,26894	1,43901	1,55150	1,67346	1,68569	1,80693	1,88118	2,07835	2,29935	2,31415	2,43154	2,56410	2,63512	2,70447	2,81509	2,86067	3,01627	2,94889	3,16776	3,21699	3,33911	3,23185	3,31067	3,29443
0,09528	0,08476	0,12402	0,15434	0,12323	0,14339	0,15332	0,17236	0,20244	0,23763	0,23322	0,20708	0,28241	0,30280	0,36334	0,39063	0,45880	0,46942	0,57149	0,65360	0,70565	0,82390	0,87329	1,00272	1,06292	1,12106	1,21698	1,35387	1,45749	1,52148	1,58241	1,73120	1,88621	1,97776	2,01472	2,30623	2,33457	2,43404	2,48554	2,64032	2,68376	2,85938	2,99259	2,94744	3,05221	3,06500	3,19666	3,39363	3,32659	3,32780	3,34398
0,08594	0,12448	0,12395	0,12356	0,13191	0,15394	0,16341	0,20369	0,20471	0,27160	0,24779	0,24325	0,32138	0,34785	0,37856	0,43137	0,43292	0,44278	0,55935	0,63610	0,68296	0,85254	0,87523	1,00212	1,03724	1,18268	1,26216	1,32786	1,36430	1,62282	1,69513	1,76892	1,78329	1,95399	2,18775	2,28995	2,34381	2,49376	2,48922	2,70467	2,75718	2,87201	2,99174	2,99098	3,07556	3,25895	3,28851	3,40633	3,25553	3,38124	3,48238
0,11586	0,12451	0,14365	0,15989	0,15739	0,16312	0,20277	0,20290	0,20333	0,28205	0,26347	0,27337	0,31658	0,36439	0,37314	0,43272	0,42368	0,54304	0,55321	0,70351	0,74278	0,84034	0,88286	1,02919	1,03767	1,09811	1,25332	1,33700	1,45301	1,60881	1,72239	1,71348	1,84406	1,98657	2,16888	2,28617	2,36147	2,55430	2,58274	2,74466	2,69346	2,90473	2,99124	2,99575	3,09437	3,28847	3,24543	3,37492	3,39643	3,44263	3,48400
0,12385	0,12385	0,15111	0,17446	0,17742	0,19393	0,19360	0,22375	0,23710	0,27936	0,27551	0,31004	0,29379	0,32760	0,39777	0,40951	0,45025	0,52604	0,54857	0,65465	0,78483	0,86254	0,87947	0,93889	1,02521	1,18068	1,16749	1,30287	1,39876	1,54854	1,61930	1,77270	1,87293	1,99788	2,11258	2,32224	2,34467	2,49445	2,59997	2,73492	2,83229	2,81009	3,02077	3,03238	3,14872	3,33474	3,40675	3,41392	3,36483	3,53187	3,50179
0,12678	0,15318	0,11379	0,20718	0,17597	0,20146	0,16413	0,21888	0,24437	0,29498	0,27340	0,30767	0,29481	0,36314	0,40750	0,43331	0,46235	0,55238	0,55962	0,68148	0,77326	0,82324	0,94211	0,98229	1,02044	1,14286	1,22329	1,28679	1,45722	1,52328	1,60477	1,71295	1,90285	1,98286	2,06279	2,32260	2,42398	2,54328	2,54367	2,82012	2,76442	2,92449	3,00229	3,09446	3,21054	3,35355	3,38354	3,51057	3,56634	3,57689	3,66380
0,15427	0,16446	0,18301	0,19774	0,22023	0,21543	0,21326	0,23358	0,25381	0,28199	0,28334	0,28656	0,31303	0,37985	0,39862	0,45932	0,46462	0,52305	0,62065	0,70861	0,76310	0,84922	0,97305	0,99282	1,01870	1,15056	1,21478	1,31527	1,48343	1,66129	1,63288	1,75297	1,81594	1,97000	2,18663	2,29163	2,41398	2,55436	2,62509	2,76087	2,83699	2,96800	3,01472	3,18440	3,12488	3,36309	3,52125	3,59484	3,46081	3,50343	3,66696
0,15999	0,18311	0,19327	0,21076	0,19731	0,20392	0,21885	0,26712	0,23496	0,29662	0,30211	0,32506	0,34456	0,36715	0,38942	0,44936	0,46202	0,50260	0,59290	0,67352	0,76550	0,77750	0,87516	1,01840	0,98864	1,13494	1,22902	1,25983	1,40461	1,50878	1,62325	1,68717	1,86872	1,98381	2,11340	2,24336	2,38311	2,51632	2,63690	2,73525	2,85419	2,88155	3,11258	3,23372	3,25421	3,41514	3,56061	3,53566	3,52060	3,61681	3,68419
0,16515	0,17492	0,20244	0,23253	0,20307	0,22063	0,22589	0,27899	0,26768	0,30773	0,28238	0,34081	0,33368	0,37860	0,37646	0,45357	0,49655	0,50257	0,54321	0,65656	0,73350	0,82317	0,88302	0,96342	0,97243	1,06325	1,25332	1,27416	1,33930	1,48619	1,60322	1,70375	1,88250	1,94267	2,10393	2,23704	2,39021	2,54808	2,56465	2,78629	2,83479	2,96806	2,93633	3,20436	3,28446	3,39853	3,46808	3,63598	3,49846	3,59077	3,68360
0,18291	0,19304	0,19896	0,20333	0,21356	0,24134	0,22536	0,25907	0,28284	0,33743	0,28827	0,34009	0,33490	0,38905	0,41760	0,46100	0,47981	0,49116	0,57021	0,62348	0,70687	0,74744	0,83120	0,94211	0,97726	1,09416	1,18854	1,27979	1,35397	1,46153	1,56324	1,61848	1,76267	1,96053	2,10791	2,17417	2,32918	2,50320	2,54982	2,75436	2,88579	2,93403	3,09236	3,09068	3,25283	3,42316	3,58436	3,57988	3,62454	3,59166	3,66327
0,17387	0,20169	0,20701	0,25673	0,25456	0,21162	0,22286	0,25910	0,26377	0,28975	0,27179	0,30320	0,36239	0,33569	0,39330	0,41789	0,45857	0,50747	0,52506	0,62926	0,64939	0,74363	0,79779	0,91229	0,98249	1,04829	1,14066	1,26101	1,35476	1,44982	1,59283	1,62266	1,74150	1,88145	2,07473	2,15806	2,26361	2,43362	2,52638	2,73555	2,67721	2,94659	3,01416	3,20364	3,22646	3,42083	3,52438	3,62911	3,63983	3,80487	3,70767
0,19159	0,22885	0,20563	0,22280	0,22253	0,21316	0,24572	0,27071	0,27587	0,28268	0,26311	0,29290	0,33631	0,35515	0,38840	0,47215	0,44880	0,46949	0,53078	0,60214	0,66307	0,70328	0,80091	0,91097	0,90614	0,96326	1,14089	1,21320	1,32970	1,43618	1,51030	1,58810	1,67356	1,84133	2,00920	2,14326	2,28742	2,47179	2,49586	2,78155	2,78474	2,97579	3,02495	3,18496	3,27463	3,42441	3,55904	3,68376	3,58117	3,63144	3,78770
0,19876	0,19797	0,20317	0,23365	0,21369	0,22260	0,23378	0,25391	0,24345	0,31122	0,28847	0,34147	0,31349	0,35121	0,36262	0,40454	0,42707	0,47494	0,54387	0,61174	0,66109	0,67421	0,81361	0,86332	0,87690	1,02876	1,02685	1,15227	1,29491	1,39396	1,49912	1,58136	1,67409	1,80904	1,95865	2,12392	2,30051	2,41474	2,44976	2,64370	2,70112	2,89625	3,06855	3,14481	3,24691	3,48324	3,50333	3,60593	3,55647	3,64433	3,84446
0,18715	0,21589	0,21362	0,21385	0,21898	0,20521	0,22924	0,25341	0,24973	0,26722	0,27752	0,28238	0,31283	0,31635	0,33874	0,38162	0,39175	0,44121	0,51894	0,53870	0,59063	0,69339	0,73163	0,81811	0,81897	0,97891	0,98295	1,13448	1,18328	1,33332	1,38669	1,59079	1,72344	1,78243	1,94238	2,02649	2,25671	2,30077	2,47413	2,71424	2,68974	2,83564	2,93235	3,16832	3,24730	3,43355	3,45828	3,60773	3,61556	3,72365	3,77110
0,18373	0,21888	0,20580	0,23365	0,20327	0,23322	0,22352	0,22332	0,27061	0,27502	0,24315	0,28929	0,28978	0,33312	0,30343	0,39349	0,40372	0,40862	0,47363	0,55317	0,57336	0,62318	0,67336	0,74781	0,83741	0,89279	0,95306	1,09702	1,16161	1,31523	1,42108	1,49662	1,60474	1,77655	1,88523	2,10725	2,19834	2,31353	2,46347	2,63986	2,65982	2,96395	2,89516	3,06056	3,24398	3,30620	3,43372	3,59438	3,52401	3,56926	3,80632
0,17929	0,19692	0,21405	0,23329	0,21806	0,23036	0,24319	0,25368	0,25381	0,26578	0,26742	0,27551	0,29271	0,29317	0,36512	0,36321	0,34841	0,40339	0,45137	0,49421	0,54374	0,53778	0,66340	0,73436	0,78066	0,86020	0,96309	1,09255	1,15075	1,23227	1,35558	1,39392	1,57323	1,63854	1,91249	2,08157	2,13330	2,30728	2,39626	2,48610	2,63174	2,80477	2,86241	3,04488	3,10370	3,26920	3,43329	3,31468	3,41234	3,67327	3,61540
0,22839	0,22369	0,20902	0,22346	0,22319	0,22280	0,23122	0,22309	0,23125	0,25571	0,26308	0,25861	0,26624	0,30882	0,26101	0,29281	0,34430	0,37958	0,42542	0,42108	0,45272	0,58237	0,58763	0,66507	0,78523	0,81482	0,89594	0,96069	1,09367	1,13448	1,20366	1,42342	1,48353	1,64097	1,74774	1,95382	2,03807	2,19732	2,32681	2,56377	2,55847	2,78116	2,76560	2,92005	3,04037	3,20403	3,33444	3,38801	3,43342	3,55019	3,62697
0,20849	0,22753	0,19340	0,21313	0,20521	0,23773	0,21320	0,22175	0,25354	0,22770	0,28061	0,23618	0,24490	0,27324	0,28202	0,29313	0,35249	0,33713	0,40191	0,44255	0,44180	0,56389	0,53893	0,62292	0,69819	0,74396	0,78270	0,90292	1,02422	1,15924	1,16933	1,32359	1,44614	1,54285	1,67412	1,88039	2,03363	2,11317	2,31511	2,42000	2,53430	2,63469	2,79931	2,97605	3,02656	3,06306	3,19275	3,28861	3,46390	3,41317	3,58403
0,19232	0,20718	0,20320	0,20902	0,22375	0,19659	0,19715	0,19837	0,19564	0,21096	0,21280	0,21724	0,22267	0,26423	0,26331	0,28840	0,32115	0,32000	0,32467	0,37320	0,44154	0,47481	0,50681	0,64206	0,66728	0,71670	0,78329	0,91978	0,92291	1,07239	1,11366	1,26252	1,41250	1,52190	1,62858	1,78319	1,90279	2,13339	2,17190	2,29603	2,48958	2,49856	2,77491	2,81473	3,01495	3,05931	3,29456	3,20706	3,29923	3,41389	3,54125
0,21323	0,17551	0,22329	0,16647	0,20369	0,20110	0,19925	0,20274	0,20323	0,20530	0,20494	0,23325	0,24368	0,24184	0,27331	0,25407	0,27926	0,30257	0,31859	0,36929	0,42312	0,42404	0,51904	0,56593	0,59010	0,67283	0,75935	0,83748	0,86073	1,05342	1,11593	1,22362	1,34332	1,50648	1,62289	1,73071	1,93215	2,05868	2,07305	2,20475	2,33105	2,60408	2,64410	2,80878	2,95294	3,02153	3,06471	3,10824	3,27937	3,31662	3,39922
0,19330	0,18432	0,20734	0,21218	0,19008	0,19570	0,19103	0,17893	0,20304	0,18298	0,19547	0,19781	0,19389	0,21313	0,21556	0,24631	0,23325	0,27317	0,29287	0,33296	0,36860	0,42286	0,43105	0,51306	0,57178	0,65876	0,72400	0,78796	0,87250	1,01265	1,07677	1,11235	1,28334	1,38373	1,53548	1,71295	1,88230	1,90315	2,03708	2,10324	2,22165	2,43766	2,51526	2,76600	2,83982	2,83374	2,92666	3,04251	3,16566	3,17496	3,32402
0,19097	0,18692	0,19120	0,16502	0,17262	0,17485	0,16752	0,18482	0,16318	0,18676	0,17377	0,18278	0,19324	0,20376	0,19353	0,20840	0,22559	0,26463	0,25522	0,29116	0,31161	0,36962	0,38300	0,49070	0,48310	0,60325	0,68296	0,73367	0,79365	0,94704	0,93300	1,10278	1,17311	1,27245	1,40428	1,57836	1,74294	1,88332	1,97329	2,04810	2,24408	2,32385	2,36354	2,60908	2,62934	2,80769	2,89102	3,04057	2,97503	3,02719	3,22863
0,18607	0,19350	0,16381	0,16338	0,16926	0,16601	0,18396	0,15618	0,13349	0,16022	0,14832	0,15611	0,16456	0,16617	0,19320	0,17403	0,20363	0,21162	0,24345	0,24901	0,30793	0,37199	0,35502	0,38287	0,42190	0,56557	0,60345	0,70937	0,79299	0,84836	0,91919	1,04707	1,10146	1,24059	1,43881	1,54364	1,62831	1,87809	1,91758	2,10311	2,15372	2,22399	2,34792	2,49747	2,51579	2,62473	2,75883	2,82867	2,77790	2,92594	3,02557
0,16400	0,16348	0,17206	0,14907	0,15325	0,16335	0,15624	0,15966	0,13392	0,14401	0,14378	0,15108	0,16933	0,16315	0,16979	0,18850	0,19291	0,19495	0,21323	0,22313	0,25831	0,28307	0,33023	0,46324	0,44173	0,54252	0,57277	0,62410	0,70562	0,79220	0,88292	1,00209	1,08637	1,20527	1,40964	1,44558	1,62312	1,71384	1,79365	1,92153	2,03475	2,18722	2,31001	2,39544	2,37439	2,58915	2,74400	2,69431	2,81506	2,89302	2,97487
0,17459	0,16877	0,16769	0,14371	0,15019	0,14312	0,15539	0,13428	0,13392	0,11320	0,14375	0,14010	0,12402	0,14345	0,15749	0,15394	0,17035	0,15963	0,20156	0,20823	0,25328	0,26380	0,30353	0,40204	0,40336	0,47238	0,52545	0,61259	0,63331	0,75257	0,85280	0,93189	1,07345	1,13257	1,25549	1,36749	1,52897	1,69053	1,73295	1,88802	1,94974	2,03425	2,26292	2,25378	2,39896	2,47261	2,53953	2,59415	2,67748	2,71463	2,90414
0,17163	0,16331	0,15384	0,14270	0,15555	0,13454	0,12356	0,12175	0,12819	0,11974	0,13586	0,13444	0,13204	0,13447	0,14404	0,12790	0,14306	0,16233	0,16575	0,19133	0,21921	0,27367	0,29235	0,31319	0,39622	0,42190	0,47143	0,55669	0,61486	0,69276	0,77747	0,91298	0,95040	1,03185	1,12810	1,31096	1,38090	1,47406	1,61378	1,83064	1,81295	1,91512	2,03935	2,19295	2,26404	2,26542	2,36808	2,41356	2,47413	2,58238	2,70421
0,13697	0,14368	0,13237	0,13444	0,14296	0,12662	0,11997	0,11373	0,14378	0,13355	0,11396	0,11573	0,10985	0,12201	0,12747	0,12520	0,12333	0,14888	0,16358	0,18331	0,18301	0,23825	0,25124	0,33763	0,30494	0,37791	0,42934	0,56846	0,56662	0,63341	0,70746	0,87256	0,87309	1,04372	1,12280	1,26354	1,29590	1,47255	1,50306	1,64334	1,82679	1,84935	1,91367	2,06033	2,14615	2,21330	2,35203	2,36351	2,49461	2,43976	2,54391
0,13878	0,14927	0,11964	0,12422	0,13579	0,13198	0,10432	0,10439	0,11389	0,09515	0,10462	0,11208	0,10462	0,09242	0,08821	0,10402	0,11938	0,11215	0,11899	0,14385	0,18896	0,18321	0,24651	0,28837	0,32349	0,37327	0,39734	0,51286	0,52496	0,61289	0,68539	0,84297	0,87016	1,01577	1,08874	1,26236	1,23520	1,41605	1,45712	1,61138	1,72838	1,74672	1,85468	1,98759	2,04395	2,10775	2,12807	2,22307	2,27844	2,36374	2,45923
0,13388	0,15200	0,11442	0,12392	0,11511	0,11146	0,09636	0,10472	0,10452	0,08314	0,09564	0,07755	0,09866	0,07696	0,09340	0,11369	0,08696	0,10988	0,09525	0,12951	0,14325	0,18357	0,18416	0,28327	0,28360	0,33365	0,37357	0,43851	0,47166	0,59622	0,62604	0,75290	0,86073	0,89387	1,00275	1,11833	1,21892	1,31560	1,40622	1,50753	1,61743	1,71338	1,78286	1,83357	1,87783	1,97454	2,01110	2,12767	2,17512	2,22550	2,21840
0,13964	0,12586	0,10853	0,11198	0,12339	0,08508	0,10314	0,10478	0,07857	0,09077	0,07864	0,06641	0,08476	0,08137	0,08462	0,08453	0,06394	0,08900	0,09449	0,10432	0,11790	0,18728	0,16749	0,25466	0,22849	0,30274	0,35147	0,42345	0,47669	0,52325	0,57372	0,68276	0,73393	0,84817	0,94905	1,09226	1,17591	1,31957	1,26354	1,46245	1,51260	1,59260	1,64610	1,74672	1,81400	1,96862	2,00453	2,02363	2,11271	2,14382	2,09440
