22,50000	22,66667	22,83333	23,00000	23,16667	23,33333	23,50000	23,66667	23,83333	24,00000	24,16667	24,33333	24,50000	24,66667	24,83333	25,00000	25,16667	25,33333	25,50000	25,66667	25,83333	26,00000	26,16667	26,33333	26,50000	26,66667	26,83333	27,00000	27,16667	27,33333	27,50000
22,50000	22,66667	22,83333	23,00000	23,16667	23,33333	23,50000	23,66667	23,83333	24,00000	24,16667	24,33333	24,50000	24,66667	24,83333	25,00000	25,16667	25,33333	25,50000	25,66667	25,83333	26,00000	26,16667	26,33333	26,50000	26,66667	26,83333	27,00000	27,16667	27,33333	27,50000
0,01692	0,01579	0,01518	0,01688	0,01818	0,01602	0,01443	0,00927	0,00585	0,00225	0,00010	-0,00237	-0,00299	-0,00306	-0,00317	-0,00307	-0,00310	-0,00346	-0,00383	-0,00342	-0,00189	-0,00009	0,00149	0,00267	0,00250	0,00214	0,00217	0,00143	0,00147	-0,00009	-0,00093
0,01950	0,02073	0,02294	0,02525	0,02778	0,02877	0,02652	0,01992	0,01289	0,00815	0,00304	-0,00007	-0,00195	-0,00249	-0,00265	-0,00240	-0,00285	-0,00296	-0,00252	-0,00188	-0,00037	0,00140	0,00290	0,00324	0,00250	0,00189	0,00160	0,00209	0,00177	0,00088	-0,00034
0,02297	0,02559	0,02992	0,03946	0,04391	0,04661	0,04537	0,03890	0,02977	0,02181	0,01251	0,00668	0,00100	-0,00063	-0,00138	-0,00132	-0,00077	0,00001	0,00131	0,00132	0,00205	0,00324	0,00362	0,00329	0,00186	0,00163	0,00133	0,00134	0,00141	0,00058	-0,00057
0,02605	0,03365	0,04019	0,05137	0,05951	0,06713	0,07151	0,06490	0,05652	0,04488	0,02944	0,01734	0,00630	0,00249	0,00094	0,00172	0,00235	0,00464	0,00661	0,00614	0,00618	0,00560	0,00436	0,00321	0,00192	0,00128	0,00073	0,00027	0,00001	-0,00028	-0,00148
0,02689	0,03589	0,04644	0,06064	0,07723	0,08757	0,09811	0,09757	0,08864	0,07497	0,05208	0,03125	0,01448	0,00551	0,00341	0,00671	0,01022	0,01425	0,01586	0,01400	0,01164	0,00843	0,00520	0,00345	0,00123	0,00142	0,00036	-0,00039	-0,00102	-0,00151	-0,00224
0,02923	0,03882	0,05158	0,06887	0,08569	0,10700	0,12278	0,12803	0,12312	0,10949	0,08085	0,04725	0,02655	0,00925	0,00647	0,01420	0,02607	0,03221	0,03113	0,02483	0,01816	0,01273	0,00698	0,00431	0,00095	0,00127	0,00015	-0,00059	-0,00090	-0,00190	-0,00313
0,02943	0,03912	0,05234	0,06698	0,09156	0,11576	0,13592	0,15241	0,15086	0,14128	0,10741	0,06961	0,03606	0,01385	0,01171	0,02578	0,04365	0,05759	0,05514	0,03946	0,02592	0,01557	0,00960	0,00594	0,00201	0,00183	0,00022	0,00038	-0,00001	-0,00116	-0,00255
0,02412	0,03358	0,04493	0,06059	0,08470	0,10924	0,14306	0,15965	0,16404	0,16006	0,13647	0,08014	0,04398	0,01493	0,01549	0,04988	0,08100	0,09379	0,08265	0,05545	0,03349	0,01912	0,01390	0,00923	0,00495	0,00268	0,00164	0,00314	0,00257	0,00159	-0,00065
0,01922	0,02829	0,03682	0,05182	0,07534	0,09920	0,12908	0,15100	0,16322	0,16448	0,14046	0,09493	0,04243	0,01208	0,01902	0,07108	0,10847	0,13213	0,10749	0,06701	0,03691	0,02576	0,02314	0,01938	0,01133	0,00707	0,00636	0,00800	0,00646	0,00465	0,00190
0,01340	0,02031	0,02752	0,03913	0,05801	0,07685	0,10235	0,12793	0,14521	0,15332	0,12967	0,07632	0,04536	0,00913	0,03014	0,07863	0,13441	0,14826	0,12037	0,07249	0,05079	0,04502	0,04630	0,04226	0,02813	0,01698	0,01273	0,01455	0,01207	0,00850	0,00422
0,00694	0,01163	0,01682	0,02353	0,03605	0,05282	0,07239	0,09514	0,11207	0,11706	0,10558	0,06218	0,02660	0,00378	0,02264	0,08023	0,13054	0,13079	0,11570	0,08572	0,07956	0,08984	0,09656	0,08702	0,05492	0,03626	0,02280	0,02016	0,01696	0,01212	0,00715
0,00145	0,00368	0,00710	0,01288	0,02013	0,03003	0,04465	0,05954	0,06999	0,07207	0,05264	0,03098	0,00900	0,00012	0,02053	0,06389	0,09068	0,08408	0,08729	0,10295	0,14358	0,16892	0,16608	0,13930	0,08600	0,05245	0,03332	0,02562	0,02081	0,01483	0,00884
-0,00182	-0,00187	0,00019	0,00251	0,00694	0,01274	0,02241	0,03168	0,03581	0,03555	0,02055	0,00470	0,00068	-0,00219	0,01144	0,02535	0,03383	0,04553	0,08451	0,14836	0,20461	0,23843	0,22601	0,16930	0,10384	0,06906	0,04020	0,03053	0,02412	0,01713	0,01134
-0,00416	-0,00415	-0,00363	-0,00339	-0,00201	0,00170	0,00802	0,01460	0,01764	0,01589	0,00789	0,00145	-0,00250	-0,00210	0,00053	0,00940	0,03300	0,07524	0,14400	0,18687	0,21795	0,22206	0,21396	0,14927	0,09471	0,06829	0,03938	0,03089	0,02641	0,02137	0,01227
-0,00388	-0,00341	-0,00386	-0,00362	-0,00429	-0,00165	0,00379	0,01248	0,02004	0,02748	0,02121	0,01055	0,00031	0,00042	0,01746	0,07774	0,16502	0,24100	0,26315	0,20450	0,17204	0,12227	0,12051	0,08373	0,06046	0,04273	0,03499	0,02909	0,02816	0,02271	0,01635
-0,00136	-0,00002	0,00121	0,00060	-0,00113	-0,00071	0,00518	0,02494	0,04443	0,05971	0,05124	0,02403	0,00341	0,01390	0,10034	0,25238	0,35753	0,49864	0,44122	0,25377	0,09715	0,02706	0,02779	0,02766	0,03017	0,02888	0,02750	0,02929	0,02999	0,02639	0,01980
0,00085	0,00329	0,00571	0,00702	0,00419	0,00359	0,01024	0,03483	0,07320	0,10197	0,09006	0,03217	0,00706	0,04963	0,21068	0,39658	0,65501	0,73334	0,61876	0,31697	0,13143	0,02092	0,00199	0,01529	0,01998	0,02522	0,02833	0,03318	0,03420	0,03063	0,02128
0,00447	0,00717	0,01206	0,01479	0,01095	0,00879	0,01319	0,05097	0,09970	0,12395	0,11839	0,03821	0,01430	0,11075	0,31276	0,58433	0,81909	0,88423	0,72362	0,38983	0,19448	0,05512	0,02722	0,03839	0,02905	0,03411	0,03553	0,03916	0,03977	0,03411	0,02442
0,00640	0,01153	0,01630	0,01896	0,01614	0,01207	0,01839	0,04725	0,08955	0,13546	0,12529	0,04878	0,03179	0,19647	0,41589	0,73938	0,92518	0,89949	0,66497	0,39832	0,17783	0,06723	0,05028	0,06006	0,04543	0,04501	0,04323	0,04331	0,04200	0,03534	0,02696
0,00995	0,01262	0,01842	0,02108	0,01879	0,01346	0,01701	0,04098	0,08674	0,12671	0,11563	0,04094	0,03656	0,25456	0,53879	0,83619	0,95406	0,79565	0,60092	0,24934	0,11987	0,03814	0,05097	0,06270	0,05414	0,04793	0,04281	0,04011	0,03956	0,03423	0,02684
0,00952	0,01350	0,01752	0,02020	0,01886	0,01229	0,01365	0,02962	0,07163	0,10647	0,10036	0,04765	0,05298	0,25715	0,56612	0,83004	0,90267	0,71854	0,41325	0,11855	0,02518	0,01899	0,04232	0,05756	0,05246	0,04171	0,03604	0,03241	0,03213	0,02723	0,02166
0,00976	0,01233	0,01707	0,01821	0,01824	0,01269	0,00924	0,02164	0,04920	0,07982	0,08241	0,03767	0,03861	0,21505	0,50523	0,72555	0,78525	0,57533	0,29509	0,07148	0,00540	0,01616	0,04354	0,04754	0,04471	0,03166	0,02597	0,02272	0,02248	0,01985	0,01563
0,00905	0,01125	0,01378	0,01689	0,01668	0,01214	0,00751	0,01067	0,03189	0,05255	0,06194	0,03528	0,03375	0,14005	0,35291	0,54294	0,57126	0,36761	0,18747	0,04520	0,00988	0,02447	0,03630	0,03292	0,02771	0,01798	0,01598	0,01414	0,01549	0,01323	0,01014
0,00737	0,00954	0,01196	0,01329	0,01388	0,01166	0,00854	0,00720	0,01724	0,02701	0,04075	0,02979	0,02467	0,07511	0,22149	0,36427	0,39809	0,26689	0,10989	0,03215	0,01592	0,01917	0,02292	0,01755	0,01439	0,00878	0,00854	0,00901	0,00978	0,00830	0,00488
0,00618	0,00753	0,01002	0,01072	0,01219	0,01160	0,00990	0,00740	0,00978	0,01722	0,02675	0,02003	0,01554	0,04594	0,12595	0,20433	0,23427	0,15840	0,08727	0,03673	0,01881	0,01337	0,01096	0,00674	0,00505	0,00367	0,00514	0,00614	0,00650	0,00333	0,00089
0,00353	0,00636	0,00766	0,00859	0,01014	0,01103	0,00991	0,01002	0,00991	0,01316	0,01798	0,01555	0,01097	0,02068	0,05560	0,10389	0,13267	0,11009	0,07739	0,03730	0,02306	0,01225	0,00737	0,00438	0,00297	0,00445	0,00495	0,00474	0,00368	0,00079	-0,00187
0,00053	0,00396	0,00644	0,00827	0,00851	0,00920	0,01096	0,01187	0,01205	0,01471	0,01629	0,01507	0,01098	0,01224	0,02863	0,05446	0,07494	0,07592	0,06004	0,03946	0,02481	0,01765	0,01041	0,01002	0,00741	0,00795	0,00724	0,00464	0,00220	-0,00164	-0,00360
-0,00075	0,00240	0,00599	0,00885	0,00910	0,00855	0,00945	0,01192	0,01388	0,01809	0,01957	0,01880	0,01482	0,01345	0,01842	0,03500	0,04691	0,05290	0,05184	0,04121	0,03039	0,02284	0,01775	0,01668	0,01313	0,01127	0,00775	0,00284	-0,00049	-0,00298	-0,00439
-0,00152	0,00164	0,00447	0,00972	0,00950	0,00998	0,00919	0,01029	0,01489	0,01966	0,02308	0,02381	0,02155	0,01818	0,01799	0,02510	0,03167	0,03867	0,03995	0,03603	0,03010	0,02583	0,02253	0,01950	0,01569	0,01174	0,00635	0,00156	-0,00151	-0,00347	-0,00409
-0,00217	0,00013	0,00528	0,00843	0,01209	0,01256	0,01032	0,00973	0,01186	0,01800	0,02473	0,02753	0,02630	0,02284	0,01955	0,01985	0,02252	0,02782	0,03039	0,02936	0,02702	0,02240	0,01975	0,01575	0,01250	0,00666	0,00394	-0,00014	-0,00234	-0,00284	-0,00302
-0,00242	-0,00165	0,00339	0,00845	0,01310	0,01500	0,01338	0,01154	0,01139	0,01471	0,02139	0,02647	0,02892	0,02668	0,02118	0,01835	0,01730	0,01863	0,02127	0,02205	0,01843	0,01566	0,01352	0,01113	0,00704	0,00343	0,00049	-0,00056	-0,00168	-0,00157	-0,00135
