24,20000	24,26000	24,32000	24,38000	24,44000	24,50000	24,56000	24,62000	24,68000	24,74000	24,80000	24,86000	24,92000	24,98000	25,04000	25,10000	25,16000	25,22000	25,28000	25,34000	25,40000	25,46000	25,52000	25,58000	25,64000	25,70000	25,76000	25,82000	25,88000	25,94000	26,00000	26,06000	26,12000	26,18000	26,24000	26,30000	26,36000	26,42000	26,48000	26,54000	26,60000	26,66000	26,72000	26,78000	26,84000	26,90000	26,96000	27,02000	27,08000	27,14000	27,20000
27,30000	27,36000	27,42000	27,48000	27,54000	27,60000	27,66000	27,72000	27,78000	27,84000	27,90000	27,96000	28,02000	28,08000	28,14000	28,20000	28,26000	28,32000	28,38000	28,44000	28,50000	28,56000	28,62000	28,68000	28,74000	28,80000	28,86000	28,92000	28,98000	29,04000	29,10000	29,16000	29,22000	29,28000	29,34000	29,40000	29,46000	29,52000	29,58000	29,64000	29,70000	29,76000	29,82000	29,88000	29,94000	30,00000	30,06000	30,12000	30,18000	30,24000	30,30000
4,61455	3,65469	3,53924	3,49412	3,49988	3,50382	3,42497	3,38199	3,51017	3,63480	3,49080	3,60405	3,60981	3,86287	3,86906	3,95038	4,10114	4,32698	3,59774	4,80704	4,86058	5,47184	5,54527	6,13733	6,07071	6,32983	6,42979	6,85080	6,81581	7,84808	8,08632	8,08152	8,14959	8,21877	8,41781	8,12591	8,39342	8,55977	8,61587	8,05972	7,98080	6,97378	7,39350	5,72284	5,45553	4,51294	3,92456	3,89030	3,09733	2,63881	2,88316
4,57203	3,46716	3,60195	3,57035	3,54503	3,55785	3,52484	3,65104	3,51856	3,81125	3,82230	3,76827	3,82664	4,18924	4,13235	4,50633	4,17891	4,69574	4,55306	5,26116	5,32880	5,74362	5,82563	6,33831	6,39056	6,76024	6,77720	7,14040	7,41603	7,98773	8,15333	8,38658	8,37858	8,45139	8,78588	8,35343	8,04324	8,36809	8,27168	7,79540	7,35782	7,36377	6,44413	6,16821	5,05686	3,92992	3,34201	2,53388	2,48186	2,15003	2,07338
4,43412	3,61145	3,57239	3,43513	3,54184	3,67399	3,65035	3,93183	3,85173	3,99579	4,13416	4,18427	3,94732	4,39627	4,54855	4,73786	4,55546	5,02611	5,07928	6,18679	5,87473	6,29836	6,17478	6,88631	6,91459	6,91804	7,04777	7,32583	7,46476	8,12749	7,83871	8,22939	8,33518	8,83402	8,65799	8,48832	8,40956	8,71337	8,55537	8,23239	7,45568	6,51710	6,26232	6,17919	5,13367	3,94867	3,23497	2,14234	1,75488	1,33388	1,39863
4,50265	3,49426	3,57719	3,58347	3,64121	3,71970	3,71165	3,98415	4,04919	4,26589	4,30660	4,47354	4,41958	4,83493	4,84838	5,11148	5,17770	5,38806	5,57089	6,31720	6,13914	6,59727	6,61548	6,84626	7,14125	7,20189	7,34437	7,43727	7,70375	7,94393	8,14370	8,19161	8,31752	8,43547	8,45915	8,59660	8,33304	8,21831	8,16202	7,79655	8,09651	7,15020	6,37452	5,04903	5,31788	4,35161	2,42027	2,11255	2,31248	1,46982	1,48070
4,49443	3,52974	3,61790	3,69320	3,76008	3,89053	3,84979	4,26563	4,25267	4,51567	4,45434	4,57621	4,76726	5,01371	5,16603	5,68581	5,50476	5,97640	6,04217	6,64172	6,42838	6,96668	6,95602	7,24257	7,23484	7,33592	7,38590	7,41310	7,48718	7,84558	8,07211	7,96679	8,28191	8,56576	8,46152	8,63708	8,21815	8,49572	8,27030	8,50015	7,69448	7,30458	6,27547	5,55947	4,69304	3,52004	2,33487	2,53078	1,35404	1,51654	1,08907
4,56996	3,68024	3,55335	3,85686	3,77902	4,12232	3,95403	4,43445	4,45467	4,73658	4,84851	4,93029	5,02953	5,49170	5,61501	5,83303	5,84086	6,37478	6,34479	6,75198	6,98223	7,31807	7,29985	7,55532	7,33599	7,52234	7,41214	7,52911	7,61757	7,67712	7,93847	7,89813	7,99707	8,31269	8,40019	8,63708	8,43975	8,56273	8,53419	8,21581	7,97231	7,16700	5,96249	6,03736	5,12216	3,27078	2,22024	2,42023	1,35404	1,39169	0,72367
4,59485	3,75873	3,74331	3,91154	4,04360	4,16214	4,17214	4,55371	4,64891	4,85154	4,88524	5,16771	5,25580	5,69772	5,80495	6,20915	6,08534	6,56941	6,69151	7,33684	7,21524	7,55805	6,93853	7,42714	7,59507	7,32678	7,39514	7,52826	7,47801	7,58090	7,89724	7,77218	7,84347	8,19671	8,14199	8,26034	8,14899	8,55477	8,29723	8,44784	7,87915	8,00289	6,59628	6,87066	4,70399	3,93808	2,43907	2,00249	1,25332	1,14115	0,95135
4,54743	3,76347	3,95524	4,14448	4,09437	4,40581	4,47377	4,70264	4,81425	5,13693	5,11996	5,33196	5,54547	5,96344	6,24269	6,36574	6,36021	6,92505	7,01748	7,54647	7,47351	7,60547	7,57354	7,58205	7,35059	7,35605	7,42448	7,34602	7,43674	7,31567	7,31948	7,50468	7,48774	7,78156	8,09756	8,18609	8,32660	8,52962	8,41328	8,63682	8,00569	7,88057	6,42591	6,78121	4,31705	3,92341	2,54644	2,57439	1,43388	1,14184	0,79871
4,74960	3,87501	3,96747	4,18375	4,13784	4,47558	4,59077	4,96590	5,04114	5,34084	5,50347	5,54977	5,77134	6,25600	6,40552	6,67145	6,76375	7,13675	7,34444	7,55381	7,58774	7,57899	7,56640	7,64687	7,28022	7,20639	7,24661	7,20741	7,23645	7,13576	7,27949	7,41622	7,40323	7,73410	7,86682	8,03436	8,03686	8,31736	8,46520	8,70824	7,78350	7,87501	7,18433	7,63289	5,25554	4,20936	2,65844	2,45180	1,43197	1,59204	0,72515
4,77955	3,95491	4,02413	4,33435	4,29972	4,72500	4,73667	5,01539	5,09582	5,44600	5,56987	5,00964	5,84171	6,19333	6,41131	6,72640	6,99966	7,30080	7,43750	7,67945	7,70757	7,76505	7,50599	7,37219	7,23116	7,15812	7,06957	7,03152	6,92222	6,87917	6,86720	7,01600	7,11238	6,59569	7,58057	7,85005	7,92976	8,41022	8,11006	8,52150	8,27990	8,01871	7,60399	7,77629	5,58042	4,97978	2,77583	2,98713	1,49836	1,94895	1,07164
4,91950	4,61645	4,17631	4,45342	4,49426	4,75466	4,76532	5,00589	5,28668	5,43320	5,56418	5,83109	5,93615	6,24519	6,58622	6,81485	7,17591	7,49669	7,54532	7,73693	7,71645	7,69534	7,44815	7,14701	7,26480	6,86602	6,83708	6,71861	6,49954	6,41407	6,68980	6,58612	6,86615	7,08982	7,18591	7,50626	7,85521	8,12713	7,98441	8,25692	8,23702	8,25915	7,70224	7,89661	5,20654	5,78236	3,26687	3,69823	1,91160	2,30886	0,93383
5,08126	5,11138	4,25438	4,56549	4,62809	4,97531	5,12811	5,29572	5,34906	5,58539	5,63514	5,70038	5,99445	6,36676	6,67977	6,87556	7,07177	7,35562	7,49465	7,77810	7,66377	7,42487	7,42839	6,98391	6,93488	6,66603	6,83955	6,63558	6,31115	6,18419	5,91938	6,30207	6,48004	6,66379	7,12550	7,22507	7,42668	7,94683	7,97836	8,12262	7,97511	8,63708	7,89875	8,04248	6,44479	6,31996	4,10374	3,47186	1,81302	2,67570	1,06256
5,02891	5,17711	4,42573	4,65256	4,87044	5,09799	5,03601	5,26639	5,34176	5,50653	5,69111	5,77331	6,01987	6,37899	6,51759	6,74616	7,14684	7,36690	7,55644	7,78692	7,70089	7,32103	7,34697	6,95211	6,69703	6,56553	6,41815	6,22457	6,06522	5,94506	6,04059	5,85651	6,16380	6,30217	6,75846	6,95678	7,34243	7,78790	7,87948	8,15679	8,24087	8,34813	7,88113	8,38368	6,37672	7,16082	4,31899	4,55427	2,29090	3,65348	1,25404
5,04117	5,27218	4,52458	4,72227	4,88422	4,98419	4,92602	5,06606	5,31591	5,46083	5,54708	5,80370	5,95154	6,25472	6,51151	6,68112	6,96691	7,27032	7,46811	7,58215	7,45851	7,49708	7,16355	6,87996	6,64656	6,21618	6,19471	5,78630	5,98617	5,61972	5,87219	5,88393	5,85065	6,08968	6,41874	6,67651	7,12971	7,38673	7,59912	7,83920	8,13896	8,58598	7,85479	8,12311	6,93103	7,41583	4,96505	5,48894	2,53661	4,10542	1,60276
5,17566	4,49752	4,53504	4,79840	4,98553	5,15728	5,19783	5,25162	5,36523	5,43748	5,54261	5,52702	5,74839	6,24292	6,29533	6,61634	6,87687	7,33503	7,45785	7,34467	7,40504	7,26749	6,14026	6,64672	6,53913	6,22575	6,05496	5,84523	5,70985	5,54504	5,65273	5,59693	5,72590	5,84589	7,72704	6,54567	6,92597	7,27920	7,39929	7,12846	7,68567	8,58496	8,25583	8,51163	7,26923	8,30499	5,97610	6,72633	3,28578	4,27122	2,29113
5,22071	5,26040	4,60649	4,94315	4,99405	5,02960	5,13374	5,10934	5,20726	5,07396	5,16698	5,21759	5,69601	5,78929	6,13220	6,41707	6,79578	7,05352	7,38436	7,33125	7,29732	7,04737	6,91137	6,58125	6,41638	6,19662	5,97252	5,68871	5,48509	5,43722	5,37849	5,39657	5,45583	5,65467	8,15560	6,32539	6,63669	6,86027	7,22405	7,35009	7,47867	8,17274	8,05817	8,25826	7,64253	7,97849	6,45656	6,88062	4,66006	5,49424	3,08973
5,23788	5,44928	4,55029	4,85545	5,01717	4,93437	4,94236	4,90106	4,90405	4,80385	4,99188	5,15508	5,43169	5,56487	5,95095	6,18126	6,59641	6,75491	7,23665	7,10719	7,20538	6,98999	6,77743	6,70647	6,28879	6,09340	6,05782	5,73875	5,48815	5,30572	4,84762	5,26132	5,40538	5,38036	5,03200	6,21437	6,32654	6,79624	6,89180	7,16549	7,26785	7,79921	7,63864	7,91562	7,32030	8,35086	6,56997	8,01088	4,97853	6,11132	3,92979
5,28375	5,43613	4,66637	4,80964	4,99175	4,91250	4,90474	4,71172	4,73914	4,56759	4,77811	4,70336	5,07889	5,19970	5,65664	5,80866	6,26206	6,59559	6,86017	6,85172	7,01962	6,87667	6,77204	6,46462	6,44738	6,13457	5,83148	5,58713	5,40959	5,09743	5,21739	5,07586	5,24127	5,31591	5,43889	5,87134	6,11411	6,55570	6,69079	6,90564	7,12254	7,62552	7,89947	7,70734	7,64798	8,71452	7,40198	7,72085	5,29016	7,06375	5,07175
5,28681	5,46530	4,68666	4,83105	4,86393	4,71777	4,71349	4,47808	4,48512	4,11315	4,38515	4,41347	4,72579	4,87156	5,27915	5,56451	6,08501	6,31674	6,72794	6,78648	6,88769	6,93639	6,75484	6,60157	6,34801	6,02704	5,97226	5,69607	5,53988	5,20345	5,07626	5,11578	5,12677	5,31048	5,33423	5,66240	5,85680	6,16567	6,47175	6,57162	6,80857	7,32514	7,53815	7,62230	7,97642	8,21762	7,09226	8,49723	5,60653	8,10631	5,71162
5,32331	5,41334	4,70428	4,75104	4,88531	4,74470	4,61971	4,23172	4,28693	3,92772	4,07688	4,13416	4,51534	4,48683	4,88652	5,10398	5,80633	6,15923	6,52016	6,72706	6,87562	6,91755	6,71933	6,73587	6,40598	6,19425	5,97587	5,74043	5,56546	5,22624	5,08688	5,04673	5,13492	5,15607	5,27934	5,54622	5,82593	5,96065	6,14065	6,25587	6,58789	6,94843	7,39685	7,42415	7,67432	8,37895	6,99936	8,18007	6,59151	7,94055	6,16281
5,28641	5,23564	4,64773	4,61547	4,74115	4,50416	4,41274	4,05432	3,84282	3,64174	3,76238	3,76275	3,98885	4,17365	4,52573	4,73381	5,51531	5,89511	6,18659	6,46600	6,77635	6,86145	6,76109	6,69092	6,50825	6,28665	5,97670	5,98847	5,66671	5,34715	5,13647	5,05656	5,08251	5,18638	5,20730	5,34544	5,69107	5,91899	5,98617	6,10376	6,38737	6,90551	7,03800	7,07338	7,37676	7,98892	7,53805	8,41742	6,81979	8,00825	6,53716
5,24215	5,32995	4,51610	4,62681	4,75693	4,12452	4,03538	3,59958	3,84683	3,29413	3,34520	3,32455	3,54440	3,81506	4,14139	4,49350	5,13670	5,60732	6,20382	6,45827	6,73524	6,92416	6,87598	6,83669	6,35183	6,48530	6,17593	6,02119	5,87061	5,50091	5,18707	5,08652	5,10582	5,12601	5,11555	5,25695	5,50601	5,62896	5,84063	5,94013	6,35643	6,52137	6,81229	6,59621	7,39814	7,55880	7,55121	8,03864	7,22813	8,10003	7,41639
5,22722	5,20181	4,34938	4,53625	4,41521	4,14258	4,12535	3,34368	3,41264	2,92176	2,95793	2,96704	3,31320	3,34303	3,78346	4,27388	4,87643	5,38519	6,10533	6,53088	6,80640	6,86605	6,97976	6,93672	6,96592	6,76319	6,51687	5,70765	6,04233	5,69528	5,38638	5,29618	5,14015	5,16665	5,24682	5,20437	5,41758	5,55629	5,63760	5,74497	5,90514	6,23595	6,53748	6,54373	7,05424	7,30554	7,26236	8,20519	7,40080	7,75051	7,99408
5,09632	5,32429	4,47052	4,41097	4,24511	3,87491	3,81467	3,24408	3,01939	2,61263	2,72187	2,64883	2,99115	3,03301	3,50458	3,88468	4,57624	5,26787	5,84648	6,30040	6,76734	7,06437	6,92179	7,17670	6,99374	7,02077	6,64218	6,40362	6,37573	5,90222	5,57467	5,43133	5,39493	5,20891	5,10690	5,22321	5,25794	5,48618	5,50150	5,49450	5,72613	5,97127	6,28915	6,31707	6,73640	7,22139	7,32083	7,86909	7,42941	8,24827	7,64506
5,04643	5,14630	4,33537	4,31327	4,09003	3,77820	3,48942	2,90364	2,38820	2,04254	2,32218	2,35726	2,55584	2,78816	3,16069	3,63368	4,37855	5,19020	5,75467	6,23608	6,73643	6,89877	7,24201	7,33316	7,15763	7,17989	6,86964	6,75004	6,02730	6,07811	5,69426	5,56585	5,49177	5,32002	5,25366	5,32568	5,18707	5,44557	5,45668	5,60495	5,65553	5,92543	6,14881	6,09718	6,77809	6,97772	7,01797	7,56712	7,35338	8,17431	7,43740
5,06606	5,15560	4,19078	4,04511	4,00312	3,54009	3,18535	2,59451	2,45427	1,92087	2,12254	1,91265	2,26272	2,53266	2,90332	3,30801	4,19124	4,86804	5,62583	6,32092	6,69115	7,14714	7,35562	7,29728	7,30077	7,34204	7,09693	6,95046	6,66619	6,29668	5,80985	5,81869	5,62708	5,55494	5,32600	5,26162	5,40354	5,35504	5,49772	5,46142	5,62751	5,84510	6,00567	6,21365	6,52775	6,99071	7,00433	7,37144	7,11491	8,16287	7,72980
4,92546	5,03930	4,06494	4,05307	3,81875	3,33944	3,12646	2,48376	2,14165	1,85688	1,83360	1,73564	1,89397	2,21804	2,71572	3,17345	3,87583	4,71448	5,55823	6,35600	6,71657	7,07743	7,40258	7,47794	7,46670	7,39011	7,34569	6,71482	7,20518	6,60575	6,10280	6,08544	5,81600	5,77798	5,61804	5,34643	5,31361	5,34396	5,38845	5,50443	5,67220	5,94151	5,95871	6,16827	6,61969	6,90518	6,98223	7,48090	7,26095	7,99895	7,53953
4,90599	4,92552	4,10973	3,93285	3,70500	3,31942	2,88474	2,28009	1,95829	1,50619	1,49606	1,50244	1,65097	1,91804	2,45591	2,99453	3,83012	4,63881	5,60653	6,11520	6,77997	7,27206	7,44493	7,68771	7,54197	6,79871	7,47778	7,25828	7,13741	6,78454	6,35308	6,30270	6,18952	5,94477	5,56112	5,61028	5,41512	5,54132	5,48851	5,55014	5,76605	5,79778	6,06703	6,20448	6,38665	6,79700	6,84613	7,19738	7,52576	7,81783	7,31807
4,84078	4,86564	3,87090	3,81431	3,44542	3,19242	2,76471	2,13270	1,92268	1,34897	1,40681	1,22211	1,52194	1,61072	2,30478	2,78023	3,68320	4,46812	5,36201	6,06495	6,75576	7,12211	7,35799	7,58662	7,70073	7,69708	7,63230	7,43572	7,38923	7,01692	6,68559	6,46754	6,32641	6,24002	5,78584	5,65980	5,67499	5,63317	5,52390	5,75566	5,79643	5,94822	6,08774	6,22368	6,54051	6,88023	6,85563	7,36381	7,27098	7,69922	7,72098
4,80027	4,84055	3,85613	3,78257	3,49192	3,07375	2,63943	2,00361	1,66731	1,21251	1,17440	1,09301	1,25134	1,52605	2,11343	2,54095	3,51103	4,21699	5,31752	6,22559	6,76599	7,19268	7,40484	7,68679	7,90608	7,84814	7,72115	7,74627	7,65209	7,22652	6,80690	6,75642	6,43999	6,35692	6,02720	5,88587	5,74477	5,83122	5,67923	5,81586	5,95463	6,05808	6,17580	6,36251	6,59654	6,90009	6,82646	7,45509	7,35348	7,62796	7,59087
4,74184	4,91977	3,85571	3,72970	3,43415	2,95793	2,63509	1,92123	1,47985	1,12060	1,04125	0,94474	1,08338	1,44331	1,90976	2,44769	3,29117	4,07326	5,32002	5,88459	6,79690	7,22889	7,67416	7,05082	7,89796	7,98701	7,85949	7,75725	7,61711	7,40133	7,03083	6,90183	6,85622	6,57510	6,31460	6,01668	5,96502	5,83668	5,73228	5,89880	5,86657	6,16140	6,21148	6,44620	6,63058	7,04612	7,00660	7,32228	7,15687	7,78540	7,51685
4,84950	4,88445	3,83453	3,71359	3,50425	3,00614	2,55022	1,87622	1,38866	1,10209	0,90315	0,79483	0,94099	1,26068	1,75534	2,30945	3,16944	3,94508	5,10598	6,07561	6,57329	7,11245	7,56650	7,79987	7,86192	7,99665	7,88754	7,82536	7,81506	7,45483	7,31511	7,09650	6,92672	6,88483	6,54577	6,14042	6,02392	5,92793	5,93526	6,02546	5,93710	6,23674	6,34548	6,38484	6,71298	7,05158	6,82600	7,44680	7,13593	7,74019	7,27676
4,71514	4,78215	3,91979	3,72756	3,41869	3,03343	2,32648	1,90923	1,45278	0,98940	0,78335	0,69865	0,85330	1,09081	1,58067	2,06635	2,92601	3,85751	4,97254	5,77164	6,47971	6,51733	7,56982	7,64713	8,02502	7,97833	7,86945	7,98602	7,67860	7,41658	7,43280	7,30478	6,95842	6,79644	6,68776	6,37175	6,24469	6,09655	6,01990	6,14588	6,11980	6,36041	6,42170	6,36636	6,62719	6,92998	7,04247	7,33747	7,08739	7,48409	7,54947
4,77449	4,83019	3,91378	3,72457	3,31373	2,89444	2,49136	1,89371	1,40366	1,02616	0,78681	0,65850	0,76757	0,93238	1,50665	1,93314	2,79243	3,65499	4,79580	5,60163	6,51345	6,99282	7,47702	7,61589	7,77804	7,91812	7,85275	7,82200	7,91296	7,75650	7,38064	7,19387	7,14674	6,82978	6,86513	6,45607	6,33966	6,17991	6,21576	6,17919	6,25176	6,32529	6,41861	6,44357	6,66188	6,75353	7,07595	7,16634	6,99930	7,34996	7,43145
4,78797	4,79465	3,84305	3,79859	3,34477	2,95491	2,60359	1,95267	1,37373	1,00248	0,75527	0,62039	0,66037	0,85254	1,29281	1,77790	2,52069	3,34773	4,69472	5,42311	6,32253	6,86448	7,42474	6,64626	7,70438	8,02190	7,90142	7,88849	7,82891	7,55729	7,44733	7,20797	7,08604	6,81719	6,68848	6,53693	6,25617	6,32588	6,14565	6,24571	6,19083	6,28521	6,26488	6,38639	6,70322	6,64386	6,71982	7,01133	6,91387	6,95066	6,94021
4,79484	4,94719	4,04353	3,77659	3,43865	3,14320	2,62937	1,95333	1,43759	1,01883	0,76277	0,59276	0,58326	0,77651	1,21784	1,62861	2,42076	3,08667	4,39535	5,18135	6,08597	6,44179	7,08726	7,39886	7,61780	7,77347	7,89546	7,68873	7,72338	7,74752	7,41050	7,11281	6,96779	6,74873	6,66688	6,47481	6,34232	6,21447	6,12589	5,96499	6,10981	6,12128	6,24821	5,99024	6,29112	6,42710	6,58171	6,55616	6,67849	6,68243	6,80187
4,87113	4,97735	4,11436	3,83466	3,57554	3,09354	2,48380	2,11501	1,51102	1,05345	0,76050	0,61680	0,56741	0,66231	1,06227	1,48139	2,07019	3,01104	4,29483	5,13509	5,87308	6,36731	6,95231	7,15411	7,44263	7,57623	7,72664	7,59692	7,69547	7,52546	7,31754	6,96576	7,03685	6,68993	6,74146	6,46202	6,22263	6,17584	6,08531	6,00474	5,95637	5,90672	5,94667	5,88541	6,15423	6,18633	6,35702	6,52032	6,44456	6,14167	6,29800
4,96432	5,02200	3,85840	3,97431	3,46072	3,15855	2,78589	2,03471	1,51973	1,14319	0,81449	0,66823	0,53206	0,62413	0,87408	1,23556	2,05543	2,82357	3,88777	4,70632	5,58782	5,94980	6,69687	6,94103	7,33763	7,19600	7,70517	7,53842	7,75818	7,32635	7,24730	6,73561	6,86849	6,69503	6,48826	6,16679	6,24630	5,93658	5,90524	5,86131	6,15390	5,74563	5,70166	5,55576	5,79715	5,60528	6,31105	6,12309	6,19103	5,61482	5,82030
4,82023	4,98366	4,10256	3,91529	3,58363	3,27460	2,80384	2,26598	1,68773	1,20567	0,89673	0,66330	0,52687	0,58504	0,77852	1,17302	1,81746	2,55370	3,55956	4,20186	5,14031	5,85585	6,36606	6,52397	6,97572	7,14431	7,45410	7,39922	7,31113	7,13665	6,79233	6,76898	6,73094	6,39066	6,53633	6,18491	5,99047	5,67476	5,82589	5,42393	5,69518	5,53718	5,54609	5,17866	5,48355	5,44757	5,79193	5,60390	5,46842	4,99139	5,39993
4,90533	4,91628	4,05560	3,98510	3,64289	3,30472	2,97096	2,37147	1,71450	1,23326	0,92324	0,70299	0,55159	0,54239	0,72111	0,97546	1,64709	2,20077	3,24267	3,82660	4,80622	5,49197	6,16614	6,14953	6,67405	6,63656	7,17545	7,02708	6,98805	6,90206	6,84629	6,44541	6,48668	6,27399	6,35485	5,99577	5,89403	5,56319	5,56819	5,29690	5,37056	5,16534	5,23094	4,78061	5,13140	4,97567	5,32360	4,98705	5,02496	4,25468	4,69304
4,98560	4,96367	4,02893	4,04633	3,79421	3,45907	3,03278	2,49560	1,85938	1,44220	0,99068	0,74353	0,58270	0,50444	0,66310	0,87529	1,48373	1,87980	2,97046	3,68093	4,33971	4,91428	5,72142	5,84135	6,31293	6,47037	6,75741	6,76980	6,80887	6,62555	6,56182	6,33608	5,99481	5,74480	6,20280	5,53248	5,76404	5,29473	5,41127	5,07932	5,02680	4,95594	4,89826	4,43356	4,74233	4,55486	4,96538	4,39449	4,28194	3,87793	4,02203
4,86288	5,08622	4,42419	4,13508	3,78941	3,54365	2,97803	2,56186	1,96300	1,51293	1,10235	0,88246	0,56254	0,48215	0,60993	0,75271	1,28242	1,77198	2,70506	3,27417	4,04370	4,07855	5,27734	5,48059	5,76595	5,91642	6,41720	6,48823	6,36255	6,36524	6,08649	5,97449	5,93638	5,70705	5,83744	5,61643	5,57177	5,12562	5,11013	4,73569	4,74756	4,51968	4,56660	4,18250	4,31482	3,96807	4,34175	3,82200	3,57535	3,30238	3,53306
4,99030	5,09632	4,18348	4,08016	3,95485	3,57535	3,17552	2,69490	2,02705	1,56827	1,24141	0,87658	0,69204	0,54170	0,52565	0,69233	1,18669	1,53295	2,38866	2,80796	3,45605	4,02331	4,90819	4,94946	5,48536	5,54570	5,91813	6,07324	5,97114	5,91836	6,04759	5,74461	5,66565	5,50745	5,60600	5,51544	5,14268	4,77834	4,89379	4,59761	4,53780	4,30660	4,20489	3,68679	4,01604	3,71224	3,70553	3,35148	3,01351	2,76139	2,93574
4,91161	5,11542	4,23422	4,15389	3,87445	3,71602	3,17546	2,67938	2,14145	1,72265	1,30277	0,95208	0,73314	0,52164	0,50822	0,61782	0,92241	1,26394	2,20416	2,59310	3,30301	3,70622	4,54756	4,51685	4,94555	5,27573	5,65819	5,57644	5,77460	5,67512	5,62077	5,46691	5,59640	5,17649	5,27313	5,18901	4,86354	4,64661	4,65651	4,32860	4,23110	3,82447	3,58028	3,40287	3,63467	3,14971	3,10430	2,85695	2,61256	2,27805	2,47755
4,98961	4,98438	4,12002	4,13222	3,92529	3,72398	3,31521	2,81473	2,31307	1,81828	1,36765	1,07223	0,75474	0,55317	0,51957	0,57843	0,87250	1,13171	1,80904	2,20873	2,87951	3,31116	3,90085	4,06372	4,37661	4,77031	5,10756	5,24567	5,45724	5,29141	5,34416	5,28559	5,21108	4,96469	5,00036	4,60524	4,76400	4,51698	4,43714	4,09749	4,07651	3,78363	3,65752	3,26463	3,10726	3,02117	2,96149	2,40307	2,40501	1,95313	2,00515
4,96229	4,97869	4,08819	4,09167	3,99934	3,68291	3,29489	2,88980	2,35657	1,93860	1,48297	1,13701	0,85563	0,68786	0,55248	0,54078	0,73367	0,97134	1,55433	1,89095	2,58412	2,91298	3,60517	3,84143	4,10966	4,36372	4,68594	5,01358	4,96123	4,99435	5,25228	4,89701	4,89813	4,91336	4,50682	4,66969	4,63079	4,34353	4,28450	3,92880	3,95593	3,68333	3,47305	3,13866	2,86609	2,69165	2,57551	2,23734	1,90098	1,67300	1,50457
4,87557	4,99467	4,14471	4,05652	4,05360	3,76735	3,41807	3,00377	2,43819	1,95076	1,59438	1,26292	0,92202	0,71091	0,52838	0,55314	0,67320	0,89154	1,48179	1,74820	2,32306	2,64440	3,32057	3,28515	3,78714	3,87622	4,25892	4,39416	4,70491	4,61955	4,92223	4,62481	4,82030	4,62142	4,35510	4,49617	4,02966	4,14103	4,15869	3,77409	3,69090	3,40705	3,24691	3,00305	2,56084	2,37732	2,32415	2,00094	1,61943	1,36259	1,32760
4,75022	4,85357	4,04554	3,98191	3,99621	3,74604	3,39377	3,04251	2,45880	2,06187	1,63193	1,38807	1,04803	0,75340	0,59243	0,55518	0,61068	0,81436	1,14888	1,53312	1,99509	2,31399	2,83045	3,08733	3,50626	3,58340	3,93114	4,13814	4,29601	4,21459	4,59534	4,43948	4,57519	4,41143	4,17283	4,55819	4,27947	4,07457	3,92216	3,69987	3,56305	3,34809	2,82650	2,76396	2,41339	2,04356	2,06921	1,86800	1,41993	1,21507	1,08709
4,54388	4,92615	3,98313	3,92147	3,97422	3,65601	3,35431	2,95399	2,58409	2,07562	1,67310	1,46301	1,11771	0,86648	0,65051	0,52825	0,60490	0,71506	1,09752	1,37919	1,74958	2,10729	2,51441	2,76353	3,24947	3,33339	3,71641	3,66383	3,97606	4,01930	4,30949	4,25727	4,10019	4,13758	4,12541	3,29150	4,12515	3,93864	3,79905	3,61688	3,51228	3,13853	2,99374	2,75153	2,25046	2,18706	1,93100	1,63456	1,24463	1,09265	0,97351
4,56364	4,61353	3,87386	3,77205	3,86869	3,61457	3,37410	3,09137	2,52579	2,17364	1,80078	1,44012	1,16693	0,97263	0,71308	0,61358	0,60634	0,71489	1,07900	1,24253	1,63913	1,98266	2,35092	2,57373	2,77540	2,98214	3,30633	3,44907	3,67242	3,75811	4,07586	4,06836	3,98523	3,90727	3,62352	3,68386	3,91006	3,78238	3,66676	3,39455	3,32317	3,15395	2,86876	2,45696	2,09163	2,03287	1,85714	1,36653	1,18587	0,99232	0,87875
4,43247	4,56532	3,78014	3,68442	3,73549	3,56719	3,28117	3,14612	2,46962	2,35338	1,76494	1,76014	1,26910	1,08864	0,82021	0,73232	0,65396	0,73653	0,90252	1,08183	1,45729	1,66409	2,06743	2,22389	2,66551	2,74541	3,18019	3,03435	3,38433	3,44605	3,97020	3,85745	3,73937	3,72368	3,63848	3,29413	3,74459	3,78560	3,56805	3,45631	3,36384	3,10222	2,75515	2,58402	2,07253	2,14063	1,77356	1,53923	1,18196	1,01409	0,75274
