12,50000	13,00000	13,50000	14,00000	14,50000	15,00000	15,50000	16,00000	16,50000	17,00000	17,50000	18,00000	18,50000	19,00000	19,50000	20,00000	20,50000	21,00000	21,50000	22,00000	22,50000	23,00000	23,50000	24,00000	24,50000	25,00000	25,50000	26,00000	26,50000	27,00000	27,50000	28,00000	28,50000	29,00000	29,50000	30,00000	30,50000	31,00000	31,50000	32,00000	32,50000	33,00000	33,50000	34,00000	34,50000	35,00000	35,50000	36,00000	36,50000	37,00000	37,50000
12,50000	13,00000	13,50000	14,00000	14,50000	15,00000	15,50000	16,00000	16,50000	17,00000	17,50000	18,00000	18,50000	19,00000	19,50000	20,00000	20,50000	21,00000	21,50000	22,00000	22,50000	23,00000	23,50000	24,00000	24,50000	25,00000	25,50000	26,00000	26,50000	27,00000	27,50000	28,00000	28,50000	29,00000	29,50000	30,00000	30,50000	31,00000	31,50000	32,00000	32,50000	33,00000	33,50000	34,00000	34,50000	35,00000	35,50000	36,00000	36,50000	37,00000	37,50000
0,02146	0,02039	0,01997	0,02182	0,02451	0,02403	0,02404	0,02339	0,02077	0,01773	0,01839	0,01840	0,01884	0,02010	0,02228	0,02125	0,01875	0,02050	0,02423	0,02489	0,02180	0,01860	0,01773	0,02345	0,02838	0,02906	0,02372	0,01805	0,02127	0,02667	0,02745	0,02251	0,01829	0,02026	0,02596	0,02843	0,02512	0,02089	0,01917	0,01895	0,02056	0,02128	0,02027	0,01848	0,01801	0,01966	0,02007	0,01990	0,01802	0,01832	0,01868
0,02350	0,01921	0,02065	0,02439	0,02508	0,02209	0,02125	0,02115	0,01869	0,01864	0,01912	0,01897	0,01918	0,02014	0,02080	0,01972	0,01890	0,02157	0,02294	0,02116	0,02052	0,01777	0,01841	0,02399	0,02858	0,02574	0,01987	0,02218	0,03262	0,03401	0,02683	0,02004	0,01968	0,02636	0,03187	0,03032	0,02460	0,02052	0,01724	0,01817	0,01919	0,02010	0,01940	0,01849	0,01806	0,01864	0,01892	0,01793	0,01725	0,01807	0,01993
0,02171	0,02036	0,02291	0,02566	0,02352	0,02039	0,01910	0,01942	0,01819	0,01939	0,02098	0,02108	0,01948	0,01965	0,01948	0,01953	0,02136	0,02109	0,02034	0,02062	0,02028	0,01868	0,02154	0,02736	0,02790	0,02087	0,02167	0,03490	0,04114	0,03454	0,02284	0,01996	0,02448	0,03050	0,03142	0,02735	0,02218	0,01925	0,01787	0,01769	0,01867	0,01883	0,01792	0,01883	0,01954	0,01902	0,01852	0,01749	0,01813	0,02036	0,02297
0,02124	0,02109	0,02377	0,02563	0,02201	0,01792	0,01903	0,01930	0,01854	0,02136	0,02273	0,02227	0,01901	0,01905	0,01903	0,02106	0,02444	0,02228	0,01899	0,02107	0,02382	0,02187	0,02637	0,03024	0,02559	0,02191	0,03389	0,04503	0,03766	0,02880	0,02240	0,02398	0,02969	0,03016	0,02734	0,02334	0,02008	0,01824	0,01815	0,01777	0,01853	0,01810	0,01815	0,01892	0,01980	0,01954	0,01856	0,01803	0,01911	0,02253	0,02557
0,02120	0,02283	0,02412	0,02440	0,01998	0,01734	0,01885	0,01924	0,01990	0,02221	0,02450	0,02148	0,01903	0,01885	0,02018	0,02608	0,02764	0,02310	0,01932	0,02359	0,02968	0,02832	0,03066	0,02996	0,02483	0,02956	0,04172	0,03919	0,02760	0,02482	0,02812	0,02962	0,03033	0,02776	0,02379	0,02095	0,01968	0,01838	0,01805	0,01822	0,01825	0,01754	0,01822	0,01911	0,02059	0,02076	0,02033	0,01868	0,01901	0,02234	0,02573
0,02215	0,02271	0,02346	0,02362	0,02031	0,01820	0,01852	0,01878	0,02021	0,02312	0,02463	0,02111	0,01915	0,02029	0,02431	0,03209	0,03225	0,02366	0,02060	0,03147	0,03724	0,03195	0,03153	0,03162	0,02933	0,03594	0,03863	0,02895	0,02500	0,02899	0,03063	0,03027	0,02750	0,02368	0,02275	0,02167	0,02083	0,01931	0,01761	0,01805	0,01752	0,01737	0,01766	0,01768	0,01988	0,02229	0,02249	0,02059	0,01930	0,01993	0,02250
0,02307	0,02250	0,02230	0,02233	0,01942	0,01844	0,01905	0,01923	0,02053	0,02292	0,02313	0,02068	0,01980	0,02160	0,02948	0,04031	0,03603	0,02415	0,02420	0,04013	0,04062	0,03079	0,03226	0,03430	0,03642	0,03775	0,03049	0,02426	0,02768	0,03015	0,02875	0,02785	0,02418	0,02310	0,02494	0,02688	0,02514	0,02098	0,01887	0,01732	0,01728	0,01712	0,01780	0,01801	0,01832	0,02149	0,02244	0,02140	0,01994	0,01908	0,01907
0,02243	0,02144	0,02038	0,02186	0,01918	0,01847	0,01904	0,01861	0,02012	0,02277	0,02314	0,02158	0,02131	0,02467	0,03399	0,04404	0,03830	0,02390	0,02907	0,04714	0,03856	0,02730	0,03361	0,04015	0,04052	0,03634	0,02759	0,02542	0,02805	0,02862	0,02740	0,02633	0,02566	0,02717	0,02920	0,02974	0,02647	0,02302	0,01951	0,01808	0,01728	0,01797	0,01829	0,01769	0,01766	0,01800	0,01896	0,01869	0,01858	0,01826	0,01753
0,02270	0,02036	0,01936	0,02223	0,01974	0,01893	0,01925	0,01881	0,01943	0,02271	0,02490	0,02386	0,02332	0,02661	0,03723	0,04766	0,03734	0,02501	0,03776	0,04874	0,03226	0,02387	0,03605	0,04324	0,04539	0,03994	0,02940	0,02802	0,02793	0,02914	0,03276	0,03030	0,03147	0,03056	0,02887	0,02691	0,02265	0,02114	0,01997	0,01863	0,01845	0,01842	0,01872	0,01829	0,01799	0,01752	0,01752	0,01760	0,01820	0,01897	0,01856
0,02253	0,01982	0,01885	0,02170	0,01958	0,01920	0,01861	0,01811	0,01908	0,02514	0,02806	0,02546	0,02494	0,02627	0,03767	0,04776	0,03713	0,02849	0,04305	0,04609	0,02507	0,02414	0,04161	0,05141	0,05731	0,04496	0,03212	0,02905	0,03713	0,04299	0,05626	0,04529	0,03688	0,02873	0,02434	0,02189	0,02002	0,01909	0,01899	0,01834	0,01812	0,01802	0,01862	0,01814	0,01792	0,01772	0,01734	0,01723	0,01776	0,01980	0,02049
0,02298	0,01935	0,01863	0,02103	0,01916	0,01893	0,01936	0,01858	0,02001	0,02827	0,03105	0,02896	0,02590	0,02620	0,03899	0,04854	0,03730	0,03085	0,04490	0,03928	0,02088	0,02941	0,05577	0,06284	0,06678	0,04592	0,03356	0,04022	0,06757	0,08007	0,07787	0,05319	0,03688	0,02595	0,02291	0,02111	0,02106	0,01954	0,01890	0,01816	0,01870	0,01879	0,01870	0,01816	0,01798	0,01787	0,01753	0,01740	0,01820	0,01991	0,02115
0,02303	0,02049	0,01823	0,01960	0,01943	0,01858	0,01996	0,01825	0,02264	0,03301	0,03338	0,03059	0,02586	0,02747	0,04237	0,04945	0,03636	0,03282	0,04234	0,03184	0,02128	0,04172	0,07220	0,07778	0,06459	0,04180	0,04820	0,09384	0,11649	0,10837	0,08473	0,05328	0,03449	0,02737	0,02568	0,02354	0,02322	0,02057	0,01937	0,01851	0,01832	0,01871	0,01876	0,01940	0,01833	0,01777	0,01710	0,01721	0,01832	0,01960	0,02024
0,02426	0,02039	0,01819	0,01887	0,01902	0,01876	0,02079	0,01907	0,02516	0,03536	0,03308	0,02957	0,02660	0,03119	0,04598	0,04791	0,03470	0,03294	0,03967	0,02599	0,02653	0,05871	0,08852	0,08073	0,05486	0,05898	0,12215	0,15498	0,15672	0,11958	0,08363	0,05219	0,04160	0,03773	0,03283	0,02707	0,02448	0,02201	0,01998	0,01841	0,01734	0,01809	0,01922	0,01975	0,01927	0,01914	0,01803	0,01748	0,01746	0,01889	0,01913
0,02470	0,02083	0,01826	0,01947	0,01881	0,01971	0,02263	0,01966	0,02784	0,03518	0,03087	0,03018	0,02988	0,03612	0,04746	0,04254	0,02943	0,03197	0,03582	0,02516	0,04406	0,08006	0,09265	0,06925	0,06296	0,12771	0,21813	0,22289	0,18347	0,14027	0,12023	0,07109	0,06176	0,05083	0,03870	0,03066	0,02630	0,02321	0,02204	0,01985	0,01891	0,01823	0,01752	0,01919	0,01904	0,01964	0,01835	0,01784	0,01768	0,01827	0,01876
0,02462	0,02087	0,01780	0,01945	0,01945	0,02178	0,02262	0,01915	0,02844	0,03398	0,02984	0,03111	0,03347	0,03966	0,04375	0,03474	0,02709	0,03288	0,03378	0,03104	0,06331	0,09929	0,08703	0,06345	0,10735	0,24604	0,31425	0,27841	0,22733	0,20630	0,19009	0,12767	0,09360	0,06757	0,05151	0,03911	0,03168	0,02586	0,02459	0,02164	0,01965	0,01806	0,01712	0,01864	0,01859	0,01930	0,01836	0,01758	0,01791	0,01794	0,01852
0,02359	0,02144	0,01853	0,01973	0,01902	0,02246	0,02236	0,01953	0,03040	0,03236	0,02916	0,03563	0,03934	0,04174	0,03838	0,02936	0,02978	0,03883	0,03594	0,03945	0,08361	0,10847	0,07814	0,08441	0,22019	0,36595	0,37820	0,30324	0,29420	0,28345	0,26313	0,18148	0,13533	0,09184	0,07206	0,05170	0,03981	0,03151	0,02763	0,02549	0,02216	0,01931	0,01822	0,01764	0,01844	0,01837	0,01772	0,01784	0,01791	0,01857	0,01786
0,02328	0,02046	0,01951	0,01961	0,01967	0,02222	0,02238	0,02128	0,03024	0,03154	0,03010	0,03743	0,04367	0,04200	0,03379	0,02817	0,03764	0,04394	0,03827	0,05266	0,10286	0,10388	0,08021	0,15338	0,31476	0,42000	0,37765	0,32811	0,37951	0,40370	0,36075	0,24588	0,18339	0,13745	0,09899	0,07170	0,05418	0,03909	0,03255	0,02815	0,02536	0,02114	0,01847	0,01713	0,01742	0,01818	0,01742	0,01733	0,01802	0,01840	0,01797
0,02373	0,02084	0,01989	0,01970	0,01891	0,02200	0,02277	0,02277	0,02996	0,03267	0,03182	0,03775	0,04458	0,04063	0,02924	0,03102	0,04617	0,04947	0,03952	0,06892	0,11700	0,09932	0,10862	0,24919	0,39782	0,41484	0,36553	0,39736	0,49617	0,51498	0,44010	0,30587	0,23828	0,16913	0,12782	0,08647	0,06331	0,04404	0,03478	0,03015	0,02639	0,02199	0,01967	0,01730	0,01778	0,01856	0,01782	0,01810	0,01826	0,01812	0,01804
0,02358	0,02226	0,02030	0,01944	0,01973	0,02397	0,02620	0,02382	0,02927	0,03443	0,03334	0,03534	0,04382	0,03921	0,02810	0,03470	0,05078	0,04826	0,04232	0,08440	0,12480	0,10643	0,17322	0,33764	0,42552	0,37477	0,38823	0,49247	0,61550	0,60537	0,54658	0,40853	0,29643	0,21447	0,15453	0,10513	0,06919	0,04822	0,03608	0,02920	0,02599	0,02213	0,01974	0,01776	0,01759	0,01761	0,01776	0,01818	0,01852	0,01853	0,01833
0,02542	0,02164	0,02022	0,01991	0,01968	0,02580	0,02978	0,02465	0,03028	0,03734	0,03480	0,03363	0,04246	0,04093	0,02948	0,03533	0,04886	0,04344	0,04754	0,09602	0,12410	0,12765	0,23559	0,39314	0,39745	0,36611	0,46602	0,59410	0,64954	0,66399	0,61070	0,46844	0,35145	0,24083	0,16779	0,10781	0,07344	0,04983	0,03743	0,02956	0,02519	0,02189	0,01844	0,01793	0,01761	0,01761	0,01789	0,01858	0,01812	0,01920	0,01945
0,02534	0,02258	0,02065	0,02038	0,02149	0,03020	0,03337	0,02532	0,03007	0,03974	0,03604	0,03235	0,04399	0,04230	0,03182	0,03563	0,04206	0,04008	0,05629	0,10150	0,11320	0,14395	0,27491	0,39563	0,36012	0,38667	0,51364	0,59663	0,58692	0,61242	0,59844	0,48772	0,36803	0,25364	0,16931	0,10864	0,07254	0,04960	0,03784	0,03112	0,02563	0,02152	0,01912	0,01767	0,01785	0,01793	0,01867	0,01762	0,01780	0,02008	0,01980
0,02459	0,02309	0,02254	0,01998	0,02181	0,03247	0,03500	0,02565	0,03126	0,04156	0,03637	0,03262	0,04435	0,04341	0,03246	0,03592	0,03813	0,04188	0,06643	0,09358	0,09792	0,14700	0,25953	0,34233	0,31709	0,35522	0,42034	0,46120	0,37214	0,49030	0,49840	0,46845	0,34760	0,23542	0,15673	0,09766	0,06284	0,04546	0,03674	0,03098	0,02612	0,02132	0,01910	0,01797	0,01770	0,01858	0,01820	0,01767	0,01786	0,01995	0,01980
0,02319	0,02398	0,02281	0,02057	0,02316	0,03430	0,03494	0,02569	0,02973	0,03920	0,03659	0,03446	0,04364	0,04075	0,03339	0,03795	0,03978	0,04930	0,07490	0,08434	0,07778	0,12786	0,20864	0,25181	0,23915	0,27769	0,21750	0,16067	0,20760	0,31235	0,38670	0,38922	0,30007	0,20247	0,13553	0,08337	0,05489	0,04058	0,03361	0,02987	0,02728	0,02214	0,02089	0,01933	0,01874	0,01850	0,01889	0,01775	0,01775	0,01972	0,01956
0,02310	0,02535	0,02349	0,02043	0,02287	0,03164	0,03304	0,02720	0,02991	0,03659	0,03783	0,04115	0,04128	0,03694	0,03582	0,04339	0,04843	0,06271	0,08629	0,08515	0,07711	0,10314	0,15304	0,17605	0,18168	0,15950	0,10995	0,08877	0,15805	0,27458	0,32031	0,30668	0,24832	0,16802	0,11463	0,07432	0,04838	0,03573	0,03112	0,02955	0,02704	0,02415	0,02360	0,02095	0,01948	0,01849	0,01874	0,01811	0,01808	0,01963	0,01884
0,02323	0,02609	0,02496	0,02048	0,02213	0,02884	0,03216	0,03061	0,02993	0,03096	0,03871	0,04711	0,04040	0,03389	0,04130	0,05308	0,06111	0,07872	0,10549	0,10454	0,09606	0,10877	0,13728	0,15789	0,17352	0,17440	0,18327	0,18398	0,32669	0,35376	0,37629	0,28390	0,20356	0,14024	0,09444	0,06304	0,04584	0,03738	0,03260	0,03122	0,02995	0,02679	0,02573	0,02236	0,01950	0,01815	0,01924	0,01832	0,01813	0,01918	0,01827
0,02313	0,02618	0,02421	0,02133	0,02213	0,02598	0,03081	0,03269	0,02900	0,02815	0,03698	0,05050	0,04185	0,03304	0,04488	0,06047	0,07518	0,10356	0,13718	0,13604	0,14063	0,15803	0,17528	0,19189	0,23138	0,26950	0,39206	0,48469	0,52908	0,52756	0,44311	0,30007	0,19348	0,11451	0,07585	0,05260	0,04474	0,04013	0,03685	0,03493	0,03169	0,02820	0,02596	0,02209	0,01980	0,01929	0,01977	0,01949	0,01892	0,01807	0,01769
0,02274	0,02442	0,02463	0,02432	0,02274	0,02498	0,03040	0,03351	0,02941	0,02398	0,03294	0,05105	0,04184	0,03467	0,04675	0,06418	0,08863	0,13238	0,16499	0,17672	0,18677	0,21860	0,22499	0,26317	0,32498	0,40982	0,50865	0,60882	0,67267	0,60539	0,46092	0,29785	0,17541	0,08887	0,05957	0,04700	0,04474	0,04375	0,04093	0,03517	0,03027	0,02727	0,02454	0,02078	0,01938	0,02071	0,02178	0,02160	0,02014	0,01860	0,01765
0,02210	0,02283	0,02487	0,02562	0,02282	0,02473	0,02987	0,03225	0,02780	0,02228	0,03070	0,04394	0,04355	0,04036	0,04760	0,06338	0,09599	0,14792	0,18471	0,20535	0,22811	0,26985	0,30461	0,31447	0,37949	0,45987	0,50766	0,56489	0,57505	0,52441	0,36239	0,22297	0,12492	0,06271	0,04921	0,04652	0,04945	0,04695	0,04193	0,03388	0,02662	0,02477	0,02246	0,02009	0,02051	0,02261	0,02512	0,02411	0,02182	0,01859	0,01880
0,02072	0,02157	0,02416	0,02694	0,02440	0,02527	0,02823	0,02911	0,02555	0,02172	0,02662	0,03924	0,04403	0,04652	0,05118	0,06202	0,09722	0,15016	0,18872	0,21611	0,24461	0,30338	0,33908	0,33418	0,37272	0,43643	0,41546	0,38456	0,37703	0,34631	0,25508	0,14193	0,07768	0,04456	0,04326	0,04849	0,05210	0,05025	0,04185	0,03115	0,02488	0,02332	0,02197	0,02168	0,02306	0,02668	0,02849	0,02726	0,02283	0,01937	0,01883
0,01994	0,02029	0,02398	0,02644	0,02457	0,02525	0,02808	0,02670	0,02330	0,02281	0,02511	0,03496	0,04411	0,05309	0,05398	0,05888	0,09131	0,14327	0,17225	0,20926	0,24266	0,30224	0,34094	0,33274	0,33582	0,36188	0,32522	0,24439	0,21157	0,20106	0,15562	0,09613	0,06502	0,05626	0,05611	0,05642	0,05709	0,05177	0,04085	0,03035	0,02534	0,02366	0,02411	0,02340	0,02769	0,03110	0,03329	0,02989	0,02488	0,01978	0,01862
0,01990	0,02026	0,02440	0,02603	0,02452	0,02646	0,02773	0,02390	0,02222	0,02273	0,02459	0,03107	0,04260	0,05810	0,05974	0,06015	0,08295	0,12291	0,14991	0,19614	0,21805	0,25733	0,30743	0,30543	0,29071	0,30255	0,28253	0,19363	0,12587	0,11763	0,11291	0,10276	0,08645	0,08542	0,07524	0,06485	0,05863	0,05019	0,04039	0,03132	0,02805	0,02773	0,02819	0,02799	0,03181	0,03637	0,03764	0,03191	0,02483	0,01970	0,01914
0,01946	0,02004	0,02424	0,02530	0,02543	0,02600	0,02586	0,02298	0,02250	0,02446	0,02459	0,02862	0,04142	0,05747	0,06181	0,06224	0,07462	0,09463	0,12004	0,17449	0,19531	0,21134	0,25853	0,27201	0,25343	0,26197	0,25683	0,19647	0,12196	0,09516	0,10262	0,11742	0,12002	0,10965	0,08816	0,06732	0,05560	0,04638	0,03836	0,03260	0,03232	0,03206	0,03116	0,03253	0,03561	0,03930	0,03832	0,02999	0,02318	0,01921	0,01900
0,01879	0,02065	0,02311	0,02504	0,02461	0,02530	0,02529	0,02386	0,02414	0,02538	0,02484	0,02749	0,03988	0,05679	0,06530	0,06757	0,07225	0,08007	0,10145	0,14642	0,17157	0,16252	0,19236	0,21270	0,20790	0,20401	0,21355	0,20071	0,13770	0,09226	0,08849	0,10768	0,11849	0,10500	0,08484	0,06395	0,05055	0,04028	0,03506	0,03292	0,03354	0,03334	0,03194	0,03311	0,03487	0,03770	0,03422	0,02638	0,02276	0,02057	0,01997
0,01895	0,02055	0,02329	0,02446	0,02469	0,02412	0,02427	0,02513	0,02547	0,02673	0,02473	0,02622	0,03899	0,05664	0,06916	0,07434	0,07361	0,07251	0,08332	0,11475	0,13795	0,13853	0,14033	0,15657	0,16630	0,15623	0,16200	0,17240	0,14028	0,09452	0,06683	0,07066	0,08170	0,07912	0,07352	0,05990	0,04938	0,04050	0,03535	0,03342	0,03332	0,03247	0,03132	0,03138	0,03244	0,03269	0,02882	0,02512	0,02371	0,02160	0,02106
0,01824	0,01984	0,02180	0,02336	0,02339	0,02321	0,02441	0,02679	0,02879	0,02795	0,02538	0,02580	0,03619	0,05526	0,07013	0,07973	0,07641	0,07118	0,07383	0,09038	0,11447	0,12051	0,11260	0,11729	0,13328	0,12893	0,13015	0,13305	0,12103	0,09091	0,06299	0,05050	0,05094	0,04876	0,05808	0,05521	0,04868	0,04299	0,03727	0,03470	0,03466	0,03293	0,03157	0,03053	0,02751	0,02677	0,02473	0,02547	0,02512	0,02291	0,02281
0,01861	0,01975	0,02012	0,02264	0,02396	0,02265	0,02381	0,02845	0,03059	0,03025	0,02577	0,02514	0,03565	0,05249	0,06818	0,08006	0,08069	0,07473	0,07279	0,07276	0,08156	0,09953	0,10648	0,10523	0,10992	0,11284	0,10550	0,10747	0,09720	0,08393	0,06665	0,05055	0,03791	0,03324	0,04202	0,04199	0,04252	0,04068	0,03730	0,03570	0,03552	0,03341	0,03186	0,02861	0,02539	0,02341	0,02431	0,02628	0,02654	0,02489	0,02430
0,01916	0,01919	0,02011	0,02163	0,02363	0,02268	0,02288	0,02837	0,03169	0,03181	0,02770	0,02471	0,03502	0,05009	0,06328	0,07532	0,08149	0,07753	0,07504	0,06604	0,05891	0,07190	0,09632	0,09917	0,10163	0,10205	0,10002	0,09737	0,08716	0,07284	0,06412	0,05549	0,04311	0,03329	0,03119	0,03400	0,03504	0,03457	0,03320	0,03356	0,03427	0,03343	0,03039	0,02775	0,02514	0,02472	0,02759	0,03003	0,02844	0,02624	0,02708
0,01954	0,01982	0,01959	0,02069	0,02333	0,02344	0,02271	0,02609	0,03121	0,03189	0,02856	0,02666	0,03370	0,04702	0,05587	0,06756	0,07657	0,07687	0,07479	0,06346	0,04960	0,05734	0,07859	0,09035	0,09330	0,09311	0,09286	0,09536	0,08804	0,07151	0,06050	0,05838	0,05320	0,04389	0,04348	0,03902	0,03598	0,03215	0,03039	0,03127	0,03236	0,03227	0,03146	0,02821	0,02734	0,02887	0,03274	0,03395	0,03112	0,02906	0,02859
0,02034	0,02001	0,01899	0,01882	0,02205	0,02478	0,02362	0,02414	0,02747	0,03230	0,03044	0,03094	0,03503	0,04367	0,04827	0,05590	0,06860	0,07194	0,06854	0,06151	0,04661	0,04689	0,06586	0,07697	0,07684	0,07507	0,08275	0,09254	0,09337	0,08141	0,06163	0,05667	0,05808	0,06313	0,06253	0,06163	0,05398	0,04104	0,03460	0,03262	0,03335	0,03301	0,03056	0,02840	0,02900	0,03208	0,03575	0,03343	0,02980	0,02704	0,02777
0,01977	0,01928	0,01886	0,01962	0,02212	0,02595	0,02630	0,02403	0,02563	0,02897	0,03125	0,03376	0,03730	0,04225	0,04383	0,04618	0,06319	0,06486	0,06301	0,05743	0,04806	0,04545	0,05546	0,06417	0,06557	0,06299	0,06697	0,08493	0,09813	0,09450	0,07692	0,05887	0,05610	0,06143	0,07323	0,07861	0,07309	0,06159	0,04702	0,03820	0,03659	0,03378	0,03129	0,02797	0,02734	0,03247	0,03291	0,02729	0,02458	0,02319	0,02617
0,01949	0,01897	0,01881	0,01954	0,02226	0,02523	0,02714	0,02507	0,02533	0,02842	0,03169	0,03596	0,04034	0,04217	0,04166	0,04015	0,04821	0,05797	0,05367	0,05320	0,05028	0,05067	0,05516	0,06160	0,05756	0,05229	0,05603	0,07389	0,08755	0,09242	0,08432	0,06791	0,05648	0,05427	0,06022	0,06590	0,06910	0,06445	0,05502	0,04573	0,04105	0,03545	0,03056	0,02579	0,02274	0,02572	0,02569	0,02316	0,02067	0,02140	0,02527
0,01844	0,01910	0,01820	0,01955	0,02270	0,02556	0,02674	0,02494	0,02557	0,02777	0,03159	0,03677	0,04069	0,04216	0,03998	0,03362	0,03853	0,04772	0,04552	0,04630	0,05195	0,05878	0,06340	0,06369	0,05764	0,04976	0,05564	0,07348	0,08203	0,07560	0,07247	0,07002	0,06473	0,05533	0,04808	0,04486	0,04532	0,05027	0,04896	0,04711	0,04215	0,03626	0,02986	0,02349	0,01984	0,02080	0,02209	0,02091	0,01841	0,01995	0,02407
0,01912	0,01795	0,01872	0,02091	0,02331	0,02537	0,02536	0,02441	0,02705	0,02965	0,03305	0,03753	0,04026	0,04228	0,03881	0,02981	0,03002	0,03464	0,03622	0,03890	0,04676	0,06299	0,07241	0,07653	0,06681	0,05225	0,05526	0,07734	0,08567	0,07482	0,05456	0,05551	0,06454	0,06384	0,05306	0,04149	0,03370	0,03283	0,04002	0,03957	0,03873	0,03501	0,02821	0,02252	0,01973	0,02229	0,02416	0,02246	0,01880	0,02000	0,02278
0,01819	0,01825	0,01868	0,02043	0,02361	0,02471	0,02370	0,02389	0,02734	0,03159	0,03424	0,03647	0,03926	0,04060	0,03779	0,02914	0,02341	0,02819	0,03006	0,03224	0,04011	0,05650	0,07977	0,08853	0,07682	0,06193	0,05598	0,07148	0,09135	0,08845	0,05654	0,04258	0,05435	0,06604	0,06571	0,05598	0,04211	0,03245	0,03177	0,03559	0,03634	0,03380	0,03048	0,02511	0,02394	0,02540	0,02682	0,02416	0,01965	0,01992	0,02322
0,01790	0,01883	0,01847	0,02121	0,02349	0,02484	0,02312	0,02341	0,02752	0,03320	0,03541	0,03701	0,03745	0,03742	0,03762	0,03213	0,02330	0,02272	0,02694	0,02913	0,03010	0,04550	0,07807	0,09678	0,09701	0,08280	0,06471	0,06002	0,07666	0,08889	0,07788	0,05170	0,03702	0,04039	0,05003	0,05168	0,05086	0,04751	0,04489	0,04968	0,05016	0,04362	0,04275	0,03001	0,02515	0,02603	0,02492	0,02255	0,02063	0,02155	0,02386
0,01874	0,01906	0,01982	0,02152	0,02308	0,02439	0,02241	0,02385	0,02757	0,03298	0,03455	0,03372	0,03622	0,03530	0,03658	0,03621	0,02745	0,02127	0,02242	0,02722	0,02603	0,02886	0,06537	0,09263	0,10408	0,09213	0,07492	0,06056	0,05612	0,06449	0,07337	0,06446	0,04968	0,03444	0,02967	0,03419	0,04027	0,05134	0,06175	0,06991	0,07057	0,06630	0,05200	0,03677	0,02471	0,02174	0,02005	0,02116	0,02102	0,02311	0,02376
0,01886	0,01868	0,02026	0,02122	0,02253	0,02364	0,02284	0,02448	0,02923	0,03439	0,03433	0,03210	0,03448	0,03516	0,03384	0,03524	0,03355	0,02646	0,02241	0,02757	0,02791	0,02096	0,03547	0,08211	0,10430	0,09421	0,07312	0,05719	0,05229	0,05040	0,05504	0,06186	0,05915	0,04963	0,04048	0,02611	0,02470	0,03222	0,05160	0,07014	0,07199	0,06664	0,05334	0,03714	0,02396	0,01958	0,01952	0,02127	0,02194	0,02228	0,02233
0,01882	0,01906	0,01941	0,02213	0,02290	0,02303	0,02412	0,02711	0,03077	0,03469	0,03402	0,03086	0,03164	0,03364	0,03365	0,03291	0,03370	0,03248	0,02701	0,03027	0,03675	0,02612	0,02274	0,05774	0,09434	0,09296	0,06624	0,04205	0,04268	0,04273	0,04176	0,04160	0,04989	0,05058	0,04727	0,03608	0,02579	0,02548	0,03746	0,05233	0,04974	0,05095	0,03800	0,03089	0,02329	0,02131	0,02341	0,02513	0,02391	0,02101	0,02031
0,01916	0,01885	0,01919	0,02155	0,02237	0,02258	0,02365	0,02798	0,03308	0,03628	0,03518	0,03174	0,02822	0,03223	0,03434	0,03105	0,03021	0,03383	0,03403	0,03285	0,04107	0,04050	0,02069	0,02793	0,06850	0,08971	0,07001	0,04142	0,02737	0,03086	0,03803	0,03784	0,03931	0,04395	0,04245	0,03396	0,02555	0,02244	0,02481	0,03054	0,03165	0,03284	0,02846	0,02423	0,02185	0,02353	0,02649	0,02707	0,02328	0,02076	0,02049
0,01880	0,01877	0,01863	0,02018	0,02259	0,02346	0,02497	0,02824	0,03303	0,03568	0,03492	0,03225	0,02932	0,03077	0,03440	0,03306	0,02941	0,03374	0,03667	0,03643	0,03941	0,04681	0,03688	0,01903	0,03285	0,06863	0,07424	0,06161	0,02894	0,02116	0,02553	0,03561	0,04027	0,04239	0,04043	0,03301	0,02638	0,02356	0,02514	0,02547	0,02450	0,02536	0,02488	0,02440	0,02240	0,02587	0,02755	0,02528	0,02220	0,02129	0,02015
0,01969	0,01981	0,01917	0,01965	0,02202	0,02390	0,02510	0,02744	0,02989	0,03167	0,03086	0,02961	0,03036	0,03062	0,03434	0,03542	0,03188	0,03395	0,03888	0,03962	0,03575	0,03805	0,04385	0,02910	0,01854	0,02948	0,04980	0,06395	0,04987	0,02812	0,02010	0,02792	0,04022	0,04728	0,04626	0,03670	0,02705	0,02217	0,02383	0,02358	0,02345	0,02540	0,02888	0,03279	0,03543	0,03416	0,03163	0,02614	0,02224	0,02178	0,02237
