12,50000	13,00000	13,50000	14,00000	14,50000	15,00000	15,50000	16,00000	16,50000	17,00000	17,50000	18,00000	18,50000	19,00000	19,50000	20,00000	20,50000	21,00000	21,50000	22,00000	22,50000	23,00000	23,50000	24,00000	24,50000	25,00000	25,50000	26,00000	26,50000	27,00000	27,50000	28,00000	28,50000	29,00000	29,50000	30,00000	30,50000	31,00000	31,50000	32,00000	32,50000	33,00000	33,50000	34,00000	34,50000	35,00000	35,50000	36,00000	36,50000	37,00000	37,50000
12,50000	13,00000	13,50000	14,00000	14,50000	15,00000	15,50000	16,00000	16,50000	17,00000	17,50000	18,00000	18,50000	19,00000	19,50000	20,00000	20,50000	21,00000	21,50000	22,00000	22,50000	23,00000	23,50000	24,00000	24,50000	25,00000	25,50000	26,00000	26,50000	27,00000	27,50000	28,00000	28,50000	29,00000	29,50000	30,00000	30,50000	31,00000	31,50000	32,00000	32,50000	33,00000	33,50000	34,00000	34,50000	35,00000	35,50000	36,00000	36,50000	37,00000	37,50000
0,01859	0,01985	0,01888	0,01780	0,01734	0,01866	0,01865	0,01907	0,01902	0,01814	0,01832	0,01857	0,01875	0,01807	0,01779	0,01832	0,01783	0,01816	0,01920	0,02071	0,02017	0,01843	0,01908	0,02129	0,02258	0,01940	0,01771	0,01807	0,01896	0,01933	0,02018	0,01902	0,01795	0,01786	0,01997	0,02065	0,02043	0,01921	0,01775	0,01798	0,01775	0,01801	0,01752	0,01715	0,01713	0,01803	0,01850	0,01760	0,01768	0,01800	0,01796
0,01997	0,01850	0,01774	0,01732	0,01818	0,01844	0,01909	0,02013	0,01861	0,01823	0,01754	0,01784	0,01898	0,01789	0,01837	0,01810	0,01885	0,01876	0,01828	0,01852	0,01882	0,01815	0,01885	0,02022	0,02012	0,01755	0,01800	0,01984	0,02130	0,02163	0,02132	0,01846	0,01847	0,02104	0,02262	0,02217	0,02001	0,01780	0,01694	0,01699	0,01736	0,01748	0,01748	0,01822	0,01820	0,01732	0,01812	0,01768	0,01752	0,01783	0,01876
0,02035	0,01785	0,01763	0,01755	0,01758	0,01808	0,01947	0,01936	0,01829	0,01806	0,01840	0,01896	0,01886	0,01827	0,01789	0,01893	0,01840	0,01864	0,01773	0,01800	0,01901	0,01903	0,01990	0,02071	0,01937	0,01791	0,01985	0,02410	0,02570	0,02224	0,01859	0,01807	0,02078	0,02294	0,02272	0,02087	0,01942	0,01806	0,01811	0,01812	0,01787	0,01784	0,01759	0,01754	0,01823	0,01785	0,01777	0,01745	0,01777	0,01909	0,01925
0,01929	0,01816	0,01772	0,01765	0,01848	0,01874	0,01952	0,01866	0,01784	0,01787	0,01924	0,01902	0,01861	0,01844	0,01810	0,01916	0,01880	0,01846	0,01721	0,01847	0,02137	0,02092	0,02096	0,02222	0,02069	0,02070	0,02383	0,02728	0,02440	0,01984	0,01869	0,02073	0,02281	0,02279	0,02107	0,01905	0,01788	0,01753	0,01749	0,01756	0,01726	0,01790	0,01729	0,01797	0,01767	0,01764	0,01728	0,01750	0,01836	0,01966	0,02077
0,01925	0,01793	0,01839	0,01836	0,01799	0,01818	0,01891	0,01859	0,01852	0,01859	0,02060	0,02012	0,01913	0,01865	0,01817	0,01923	0,01952	0,01865	0,01839	0,02169	0,02422	0,02287	0,02303	0,02374	0,02232	0,02295	0,02662	0,02485	0,02201	0,02033	0,02153	0,02234	0,02236	0,02111	0,02048	0,01839	0,01777	0,01814	0,01816	0,01758	0,01815	0,01699	0,01703	0,01702	0,01787	0,01802	0,01840	0,01769	0,01824	0,01953	0,02093
0,01817	0,01780	0,01880	0,01952	0,01904	0,01773	0,01837	0,01779	0,01863	0,01967	0,02151	0,02079	0,01879	0,01795	0,01859	0,01960	0,02049	0,01949	0,01900	0,02478	0,02698	0,02358	0,02579	0,02753	0,02609	0,02510	0,02520	0,02213	0,02320	0,02337	0,02329	0,02216	0,02080	0,02040	0,02047	0,01949	0,01820	0,01810	0,01803	0,01715	0,01766	0,01712	0,01720	0,01761	0,01760	0,01817	0,01881	0,01799	0,01777	0,01861	0,01935
0,01903	0,01813	0,01875	0,01996	0,01821	0,01775	0,01843	0,01790	0,01889	0,02117	0,02424	0,02144	0,01823	0,01826	0,01990	0,02235	0,02230	0,02032	0,02179	0,02973	0,02872	0,02414	0,02896	0,03098	0,02703	0,02432	0,02245	0,02232	0,02398	0,02364	0,02290	0,02103	0,02056	0,02063	0,02098	0,01989	0,01900	0,01856	0,01814	0,01741	0,01768	0,01713	0,01773	0,01688	0,01768	0,01837	0,01859	0,01897	0,01833	0,01822	0,01812
0,01902	0,01907	0,01846	0,01963	0,01809	0,01827	0,01790	0,01789	0,01904	0,02311	0,02379	0,01979	0,01838	0,01907	0,02185	0,02462	0,02509	0,02123	0,02576	0,03238	0,02696	0,02480	0,03191	0,03186	0,02704	0,02391	0,02232	0,02393	0,02378	0,02237	0,02154	0,02213	0,02197	0,02263	0,02129	0,02025	0,01893	0,01808	0,01839	0,01775	0,01790	0,01769	0,01728	0,01757	0,01741	0,01780	0,01782	0,01777	0,01752	0,01791	0,01723
0,01973	0,01931	0,01834	0,01948	0,01780	0,01765	0,01782	0,01801	0,01912	0,02313	0,02254	0,01791	0,01742	0,01983	0,02386	0,02759	0,02698	0,02377	0,02871	0,03363	0,02563	0,02468	0,03169	0,03175	0,02787	0,02548	0,02456	0,02424	0,02423	0,02287	0,02434	0,02391	0,02328	0,02130	0,01978	0,01945	0,01771	0,01756	0,01755	0,01741	0,01785	0,01774	0,01780	0,01732	0,01787	0,01690	0,01727	0,01816	0,01801	0,01779	0,01785
0,01979	0,01941	0,01773	0,01875	0,01755	0,01814	0,01733	0,01744	0,01895	0,02371	0,02033	0,01710	0,01825	0,02049	0,02485	0,03043	0,02878	0,02471	0,03116	0,03221	0,02340	0,02543	0,03302	0,03272	0,03209	0,02940	0,02607	0,02574	0,02939	0,02995	0,03119	0,02868	0,02359	0,01919	0,01810	0,01768	0,01760	0,01732	0,01718	0,01762	0,01730	0,01731	0,01721	0,01734	0,01737	0,01766	0,01763	0,01796	0,01856	0,01824	0,01828
0,02102	0,01969	0,01823	0,01788	0,01739	0,01706	0,01778	0,01799	0,01964	0,02281	0,01969	0,01843	0,01915	0,02177	0,02495	0,03100	0,02911	0,02623	0,03145	0,02925	0,02149	0,02730	0,03749	0,03805	0,03666	0,03020	0,02981	0,03467	0,03908	0,04379	0,04044	0,02945	0,02176	0,01955	0,01968	0,01847	0,01864	0,01754	0,01785	0,01797	0,01810	0,01829	0,01769	0,01777	0,01776	0,01758	0,01758	0,01785	0,01838	0,01955	0,01905
0,02123	0,01944	0,01742	0,01798	0,01742	0,01834	0,01852	0,01965	0,02000	0,02156	0,01977	0,02086	0,02188	0,02192	0,02421	0,02965	0,02753	0,02622	0,03051	0,02578	0,02136	0,03214	0,04445	0,04194	0,03552	0,03377	0,04231	0,05044	0,05992	0,05388	0,04357	0,02842	0,02463	0,02428	0,02311	0,02052	0,01896	0,01764	0,01771	0,01693	0,01728	0,01777	0,01859	0,01802	0,01779	0,01736	0,01703	0,01719	0,01824	0,01904	0,01906
0,02246	0,01986	0,01807	0,01826	0,01722	0,01865	0,02063	0,02034	0,02045	0,02178	0,02012	0,02197	0,02463	0,02319	0,02369	0,02626	0,02704	0,02827	0,02895	0,02314	0,02496	0,04278	0,04917	0,04030	0,03567	0,05126	0,07288	0,07503	0,07385	0,06157	0,04792	0,03471	0,03457	0,03277	0,02627	0,02093	0,01971	0,01844	0,01718	0,01698	0,01687	0,01802	0,01866	0,01843	0,01777	0,01801	0,01754	0,01760	0,01717	0,01804	0,01812
0,02223	0,02003	0,01794	0,01729	0,01845	0,01955	0,02230	0,02140	0,02150	0,02228	0,02104	0,02374	0,02862	0,02647	0,02236	0,02658	0,02918	0,02810	0,02512	0,02259	0,03258	0,05133	0,04952	0,03766	0,04833	0,08068	0,10742	0,09563	0,08486	0,07695	0,06304	0,05136	0,05052	0,04002	0,03026	0,02269	0,02031	0,01960	0,01878	0,01738	0,01737	0,01703	0,01834	0,01827	0,01875	0,01782	0,01836	0,01797	0,01789	0,01805	0,01785
0,02181	0,01952	0,01798	0,01768	0,01891	0,02146	0,02412	0,02110	0,02242	0,02240	0,02081	0,02410	0,03061	0,02762	0,02209	0,02683	0,03101	0,02761	0,02292	0,02656	0,04455	0,05736	0,04658	0,04841	0,08144	0,12923	0,12684	0,10851	0,11109	0,11210	0,09398	0,07372	0,06553	0,04946	0,03548	0,02619	0,02266	0,02042	0,01923	0,01851	0,01777	0,01801	0,01800	0,01838	0,01777	0,01815	0,01820	0,01733	0,01724	0,01751	0,01773
0,02126	0,01956	0,01830	0,01818	0,01925	0,02223	0,02422	0,02114	0,02341	0,02288	0,02111	0,02455	0,03275	0,02801	0,02115	0,02988	0,03346	0,02465	0,02428	0,03708	0,05639	0,05894	0,04785	0,07199	0,12901	0,15342	0,13779	0,12970	0,14748	0,13999	0,12200	0,09575	0,07692	0,06101	0,04693	0,03246	0,02575	0,02260	0,02078	0,02029	0,01873	0,01765	0,01767	0,01747	0,01788	0,01764	0,01739	0,01787	0,01727	0,01831	0,01783
0,02105	0,01925	0,01921	0,01855	0,01896	0,02313	0,02392	0,02149	0,02358	0,02307	0,02059	0,02459	0,03230	0,02596	0,02206	0,03356	0,03244	0,02355	0,03012	0,04781	0,06103	0,05977	0,06466	0,11764	0,16932	0,16270	0,14111	0,15182	0,16952	0,16390	0,14044	0,11122	0,10148	0,07728	0,05994	0,03931	0,03119	0,02525	0,02307	0,02107	0,02061	0,01876	0,01726	0,01756	0,01785	0,01782	0,01795	0,01754	0,01744	0,01730	0,01809
0,02106	0,02066	0,02000	0,01902	0,01967	0,02299	0,02335	0,02217	0,02355	0,02254	0,02008	0,02470	0,03267	0,02594	0,02391	0,03542	0,02911	0,02507	0,04085	0,05395	0,06368	0,06373	0,09545	0,16236	0,18976	0,15558	0,14671	0,17384	0,18491	0,17610	0,16531	0,13991	0,12942	0,09664	0,07505	0,05144	0,03965	0,02920	0,02496	0,02267	0,02189	0,01977	0,01786	0,01710	0,01709	0,01702	0,01732	0,01737	0,01776	0,01780	0,01719
0,02109	0,02061	0,01984	0,01855	0,01888	0,02267	0,02445	0,02297	0,02302	0,02213	0,02033	0,02523	0,03190	0,02579	0,02609	0,03444	0,02719	0,03260	0,05018	0,05841	0,06445	0,07708	0,13142	0,20370	0,19005	0,15167	0,16488	0,19025	0,18272	0,17954	0,18283	0,16716	0,15508	0,12043	0,09300	0,06735	0,04730	0,03390	0,02758	0,02354	0,02159	0,01919	0,01768	0,01705	0,01740	0,01788	0,01756	0,01738	0,01805	0,01813	0,01796
0,02195	0,02132	0,02078	0,01946	0,01860	0,02335	0,02630	0,02344	0,02214	0,02198	0,02207	0,02509	0,03181	0,02725	0,02917	0,03183	0,02589	0,03968	0,05858	0,05630	0,06750	0,09813	0,17114	0,22090	0,18714	0,16515	0,20354	0,19622	0,16576	0,17155	0,18850	0,18920	0,16833	0,13191	0,10090	0,07265	0,05384	0,03745	0,02881	0,02459	0,02204	0,01987	0,01757	0,01735	0,01724	0,01742	0,01754	0,01757	0,01772	0,01836	0,01735
0,02139	0,02144	0,02099	0,01996	0,01845	0,02411	0,02852	0,02640	0,02078	0,02182	0,02377	0,02645	0,03097	0,03189	0,03159	0,02944	0,02636	0,04937	0,06281	0,05464	0,07077	0,12060	0,18946	0,22147	0,18401	0,18977	0,21989	0,16870	0,11057	0,13178	0,17174	0,19357	0,17509	0,14030	0,10660	0,07648	0,05394	0,03768	0,02995	0,02502	0,02219	0,01914	0,01820	0,01704	0,01791	0,01805	0,01764	0,01703	0,01809	0,01926	0,01813
0,02086	0,02093	0,02067	0,01950	0,01871	0,02522	0,03114	0,02652	0,02134	0,02163	0,02510	0,02833	0,03145	0,03281	0,03316	0,02930	0,02978	0,05476	0,06596	0,05342	0,07276	0,12483	0,17870	0,20190	0,17475	0,18896	0,19099	0,11142	0,06747	0,11705	0,16337	0,18354	0,17013	0,13884	0,10700	0,07377	0,05002	0,03458	0,02861	0,02487	0,02296	0,02014	0,01774	0,01796	0,01790	0,01838	0,01813	0,01763	0,01812	0,01932	0,01845
0,02020	0,02119	0,02127	0,02048	0,01905	0,02525	0,03289	0,02918	0,02185	0,02129	0,02703	0,03165	0,03182	0,03215	0,03243	0,03231	0,03646	0,06116	0,06966	0,05568	0,07332	0,11543	0,14632	0,15288	0,13360	0,15328	0,11216	0,05496	0,08060	0,16256	0,19930	0,18935	0,16791	0,13665	0,10258	0,07014	0,04504	0,03115	0,02619	0,02505	0,02331	0,02119	0,01956	0,01853	0,01932	0,01821	0,01777	0,01763	0,01833	0,01903	0,01787
0,01948	0,02106	0,02143	0,01993	0,01943	0,02399	0,03071	0,02881	0,02254	0,02033	0,02800	0,03558	0,03438	0,02956	0,03346	0,04000	0,04555	0,06841	0,07958	0,06674	0,07239	0,09449	0,09858	0,08760	0,07824	0,08851	0,06303	0,06544	0,17734	0,28677	0,29271	0,22368	0,19837	0,14463	0,10314	0,06821	0,04416	0,03054	0,02621	0,02586	0,02581	0,02241	0,02074	0,02005	0,02038	0,01937	0,01853	0,01855	0,01802	0,01855	0,01815
0,01948	0,02051	0,02035	0,02050	0,01979	0,02257	0,02738	0,02812	0,02354	0,01955	0,02619	0,03954	0,03740	0,02816	0,03552	0,05079	0,05707	0,08176	0,10175	0,08664	0,08372	0,08104	0,06550	0,04298	0,04055	0,04609	0,04844	0,12648	0,29861	0,40897	0,42051	0,29095	0,22930	0,16118	0,10615	0,06584	0,04199	0,03046	0,02705	0,02750	0,02693	0,02464	0,02291	0,02113	0,02022	0,01881	0,01837	0,01830	0,01883	0,01833	0,01770
0,01957	0,02063	0,02011	0,02033	0,01944	0,02192	0,02483	0,02667	0,02367	0,01938	0,02727	0,04183	0,04090	0,02853	0,03822	0,05908	0,06874	0,09848	0,12126	0,11432	0,10374	0,09116	0,06419	0,03427	0,02604	0,04163	0,07325	0,19155	0,35709	0,48134	0,46130	0,35082	0,25263	0,16874	0,10688	0,06311	0,04018	0,02974	0,02846	0,02935	0,02738	0,02559	0,02412	0,02156	0,02058	0,01910	0,01931	0,01891	0,01897	0,01790	0,01714
0,01937	0,01984	0,01960	0,02014	0,01997	0,02084	0,02295	0,02542	0,02425	0,02050	0,02462	0,04195	0,04168	0,02963	0,04184	0,06259	0,07519	0,11465	0,14671	0,13768	0,14184	0,13346	0,09888	0,05603	0,04183	0,05737	0,10070	0,19879	0,34275	0,41132	0,41658	0,31256	0,21591	0,14665	0,09568	0,05852	0,03810	0,03068	0,02910	0,02805	0,02692	0,02629	0,02475	0,02213	0,01943	0,01978	0,01992	0,02057	0,01887	0,01795	0,01813
0,01935	0,01914	0,01970	0,02017	0,02086	0,02169	0,02214	0,02390	0,02501	0,02257	0,02554	0,03794	0,04060	0,03402	0,04569	0,06076	0,07102	0,11498	0,15680	0,15739	0,16678	0,17431	0,14593	0,08943	0,07082	0,07952	0,10530	0,14469	0,24151	0,30698	0,26350	0,20218	0,13469	0,10174	0,06406	0,04921	0,03784	0,03191	0,02908	0,02662	0,02637	0,02604	0,02435	0,02133	0,02019	0,02034	0,02187	0,02130	0,01961	0,01776	0,01772
0,01938	0,01850	0,01902	0,01957	0,02113	0,02260	0,02357	0,02296	0,02426	0,02546	0,02724	0,03444	0,03621	0,03791	0,04876	0,05581	0,06550	0,11231	0,15266	0,15821	0,17518	0,19987	0,18387	0,13141	0,09983	0,09055	0,09403	0,09993	0,13005	0,16532	0,14702	0,10148	0,05978	0,04765	0,04472	0,04115	0,03615	0,03184	0,02802	0,02671	0,02798	0,02861	0,02736	0,02242	0,02151	0,02365	0,02465	0,02294	0,01933	0,01839	0,01787
0,01833	0,01893	0,01932	0,01936	0,02127	0,02385	0,02415	0,02324	0,02403	0,02769	0,02976	0,03036	0,03144	0,03911	0,05159	0,05253	0,05491	0,09342	0,13431	0,15000	0,16424	0,20281	0,19541	0,15461	0,12109	0,10170	0,08522	0,07526	0,07668	0,09268	0,09772	0,07808	0,05798	0,04684	0,04242	0,03791	0,03589	0,03122	0,02751	0,02760	0,03086	0,03322	0,02914	0,02512	0,02495	0,02594	0,02563	0,02278	0,01895	0,01777	0,01804
0,01895	0,01863	0,01922	0,01995	0,02286	0,02508	0,02573	0,02341	0,02415	0,02869	0,03040	0,02883	0,02627	0,03818	0,05151	0,04909	0,04369	0,06480	0,10526	0,12492	0,14343	0,17735	0,18260	0,15497	0,12939	0,10970	0,08831	0,07075	0,06640	0,07880	0,09480	0,10006	0,09455	0,07387	0,06128	0,04535	0,03736	0,03093	0,02786	0,03040	0,03573	0,03629	0,03326	0,02890	0,02802	0,02858	0,02620	0,02217	0,01882	0,01928	0,01922
0,01857	0,02001	0,01998	0,02097	0,02389	0,02656	0,02664	0,02433	0,02370	0,02788	0,03064	0,02722	0,02371	0,03122	0,04530	0,04397	0,03736	0,04647	0,07183	0,09968	0,11351	0,13400	0,14653	0,13955	0,12539	0,11672	0,10486	0,09102	0,07483	0,07366	0,08579	0,10219	0,10123	0,09244	0,07248	0,05168	0,03865	0,02953	0,02808	0,03246	0,03741	0,03724	0,03301	0,02948	0,02836	0,02635	0,02304	0,02152	0,02099	0,02056	0,01969
0,01869	0,02008	0,02022	0,02102	0,02481	0,02722	0,02762	0,02523	0,02294	0,02615	0,02918	0,02686	0,02213	0,02596	0,03266	0,03643	0,03272	0,03367	0,04879	0,06568	0,08161	0,09596	0,10293	0,10423	0,10384	0,11157	0,11166	0,10468	0,09767	0,08038	0,07065	0,07107	0,07466	0,08180	0,07136	0,05513	0,04019	0,02933	0,02772	0,02966	0,03223	0,03187	0,02691	0,02681	0,02432	0,02266	0,02176	0,02366	0,02424	0,02315	0,02077
0,01839	0,02053	0,02215	0,02152	0,02478	0,02843	0,02934	0,02684	0,02305	0,02397	0,02488	0,02491	0,02120	0,02099	0,02398	0,02907	0,02948	0,02936	0,03152	0,04608	0,06365	0,07140	0,07024	0,08174	0,08498	0,09806	0,10508	0,10543	0,10634	0,09668	0,07271	0,04895	0,04246	0,05084	0,05761	0,05190	0,04159	0,03117	0,02640	0,02600	0,02499	0,02342	0,02226	0,02169	0,02061	0,02040	0,02401	0,02744	0,02789	0,02541	0,02265
0,01831	0,02007	0,02201	0,02293	0,02336	0,02723	0,02992	0,02771	0,02357	0,02085	0,02232	0,02342	0,02151	0,01946	0,01966	0,02233	0,02394	0,02639	0,02866	0,03504	0,04411	0,04881	0,05100	0,05620	0,06156	0,07791	0,09251	0,09417	0,09519	0,10187	0,08572	0,05131	0,02999	0,02879	0,03695	0,04127	0,03567	0,03056	0,02579	0,02348	0,02221	0,02101	0,01934	0,01914	0,01932	0,02193	0,02698	0,03075	0,02861	0,02648	0,02324
0,01808	0,01931	0,02261	0,02279	0,02203	0,02524	0,02969	0,02862	0,02352	0,01978	0,02019	0,02069	0,02038	0,02045	0,02071	0,02053	0,02166	0,02596	0,02794	0,02914	0,03260	0,03826	0,04069	0,04397	0,04820	0,05818	0,07176	0,08441	0,07938	0,08512	0,08728	0,06721	0,04065	0,02372	0,02349	0,02706	0,02773	0,02644	0,02379	0,02328	0,02323	0,02181	0,02015	0,01924	0,02107	0,02436	0,02942	0,03056	0,02877	0,02560	0,02440
0,01841	0,01923	0,02166	0,02302	0,02149	0,02430	0,02648	0,02813	0,02445	0,01983	0,01904	0,01986	0,02008	0,02066	0,02182	0,02200	0,02213	0,02462	0,02887	0,02789	0,02709	0,03258	0,03652	0,04107	0,04538	0,04863	0,05956	0,07942	0,07631	0,06451	0,07157	0,07015	0,05581	0,03288	0,02494	0,02177	0,02210	0,02243	0,02223	0,02286	0,02338	0,02289	0,02124	0,02054	0,02196	0,02562	0,02888	0,02981	0,02666	0,02530	0,02542
0,01884	0,01907	0,02030	0,02229	0,02154	0,02264	0,02287	0,02514	0,02414	0,02185	0,01966	0,01984	0,01950	0,02138	0,02416	0,02383	0,02278	0,02437	0,02826	0,02771	0,02415	0,02709	0,03263	0,03948	0,04621	0,04605	0,04821	0,06695	0,07597	0,06411	0,05414	0,05639	0,05296	0,04474	0,03325	0,02720	0,02555	0,02294	0,02244	0,02366	0,02392	0,02376	0,02311	0,02172	0,02285	0,02593	0,02670	0,02697	0,02414	0,02470	0,02725
0,01963	0,01885	0,01900	0,02057	0,02136	0,02126	0,02171	0,02195	0,02245	0,02257	0,02196	0,02118	0,02054	0,02237	0,02391	0,02582	0,02529	0,02453	0,02646	0,02702	0,02355	0,02372	0,02885	0,03600	0,04395	0,04584	0,04229	0,05131	0,06759	0,07119	0,05665	0,04601	0,04282	0,04154	0,03934	0,03458	0,02925	0,02714	0,02706	0,02736	0,02831	0,02654	0,02449	0,02195	0,02138	0,02260	0,02346	0,02284	0,02137	0,02385	0,02851
0,01978	0,01922	0,01812	0,01990	0,02145	0,02137	0,02078	0,02043	0,02090	0,02279	0,02303	0,02279	0,02242	0,02357	0,02436	0,02523	0,02610	0,02411	0,02449	0,02525	0,02332	0,02351	0,02632	0,03092	0,04016	0,04488	0,04165	0,04182	0,05369	0,07012	0,06533	0,04938	0,03934	0,03581	0,03514	0,03444	0,03158	0,03073	0,03080	0,03327	0,03339	0,03080	0,02637	0,02135	0,02010	0,01940	0,01925	0,01997	0,02009	0,02414	0,02874
0,01968	0,01931	0,01847	0,01875	0,02005	0,02134	0,02127	0,01984	0,01972	0,02293	0,02331	0,02443	0,02501	0,02467	0,02449	0,02412	0,02563	0,02444	0,02303	0,02322	0,02286	0,02344	0,02514	0,02820	0,03467	0,04117	0,04165	0,04079	0,04519	0,05715	0,06693	0,05932	0,04634	0,03561	0,03021	0,02941	0,02917	0,03031	0,03483	0,03804	0,03805	0,03462	0,02920	0,02249	0,01985	0,01842	0,01873	0,01914	0,01927	0,02281	0,02712
0,01968	0,01886	0,01864	0,01853	0,01927	0,02099	0,02131	0,01954	0,01948	0,02239	0,02449	0,02602	0,02769	0,02701	0,02548	0,02298	0,02343	0,02300	0,02098	0,02169	0,02279	0,02489	0,02671	0,02741	0,03135	0,03760	0,03937	0,04210	0,04525	0,04616	0,04976	0,05381	0,04800	0,04173	0,03181	0,02643	0,02457	0,02655	0,03094	0,03738	0,03868	0,03550	0,03091	0,02567	0,02144	0,01851	0,01862	0,01813	0,01869	0,02119	0,02396
0,01895	0,01905	0,01797	0,01787	0,01983	0,02081	0,02113	0,02018	0,01990	0,02274	0,02476	0,02643	0,02825	0,02843	0,02570	0,02174	0,02222	0,02284	0,02016	0,02120	0,02203	0,02592	0,02980	0,03003	0,03108	0,03457	0,03718	0,04198	0,04665	0,04394	0,03932	0,03724	0,03509	0,03795	0,03466	0,02814	0,02362	0,02277	0,02598	0,03008	0,03472	0,03329	0,02929	0,02475	0,02044	0,01865	0,01921	0,01873	0,01861	0,01969	0,02065
0,01878	0,01900	0,01816	0,01867	0,02024	0,02098	0,02161	0,02085	0,02092	0,02267	0,02589	0,02769	0,02748	0,02830	0,02606	0,02190	0,02097	0,02304	0,02131	0,02072	0,02240	0,02500	0,03196	0,03788	0,03653	0,03567	0,03677	0,03894	0,04445	0,04392	0,03564	0,02862	0,02701	0,02986	0,03093	0,02963	0,02598	0,02375	0,02470	0,02706	0,02909	0,02877	0,02621	0,02314	0,01970	0,01978	0,01953	0,02008	0,01821	0,01795	0,01877
0,01938	0,01875	0,01807	0,01895	0,02039	0,02127	0,02125	0,02161	0,02186	0,02326	0,02641	0,02685	0,02636	0,02705	0,02712	0,02361	0,02201	0,02237	0,02068	0,02041	0,02143	0,02290	0,03011	0,03993	0,04335	0,03969	0,03751	0,03797	0,03951	0,04095	0,03795	0,02826	0,02319	0,02236	0,02473	0,02739	0,02638	0,02679	0,02826	0,02985	0,03147	0,03076	0,02787	0,02329	0,02046	0,01968	0,02037	0,02008	0,01972	0,01889	0,01817
0,01915	0,01812	0,01794	0,01844	0,01978	0,02096	0,02113	0,02103	0,02188	0,02337	0,02527	0,02545	0,02453	0,02629	0,02854	0,02666	0,02201	0,02132	0,02094	0,01951	0,02046	0,02174	0,02717	0,04006	0,04491	0,04188	0,03822	0,03675	0,03637	0,03495	0,03405	0,02989	0,02562	0,02179	0,02150	0,02078	0,02091	0,02435	0,02711	0,03125	0,03409	0,03230	0,02894	0,02461	0,02159	0,02084	0,02044	0,02089	0,01923	0,01863	0,01846
0,01840	0,01865	0,01834	0,01826	0,01949	0,02074	0,02099	0,02159	0,02328	0,02430	0,02463	0,02371	0,02332	0,02495	0,02757	0,02701	0,02421	0,02006	0,01928	0,01989	0,01929	0,01912	0,02278	0,03773	0,04526	0,04110	0,03369	0,03332	0,03531	0,03214	0,02871	0,02864	0,02747	0,02824	0,02533	0,02216	0,01943	0,02008	0,02286	0,02738	0,03026	0,03002	0,02869	0,02488	0,02074	0,01954	0,02058	0,02161	0,02134	0,01938	0,01818
0,01894	0,01861	0,01898	0,01884	0,01976	0,02030	0,02181	0,02253	0,02441	0,02520	0,02386	0,02218	0,02087	0,02188	0,02460	0,02435	0,02335	0,02025	0,01906	0,01908	0,02035	0,01923	0,02004	0,02991	0,04103	0,04140	0,03158	0,02565	0,02898	0,03103	0,02762	0,02458	0,02720	0,03143	0,03186	0,02746	0,02456	0,02194	0,02298	0,02356	0,02507	0,02492	0,02275	0,02017	0,01918	0,02012	0,02268	0,02440	0,02413	0,02214	0,01913
0,01853	0,01928	0,01916	0,01911	0,01894	0,02007	0,02181	0,02439	0,02589	0,02709	0,02469	0,02159	0,02019	0,02034	0,02267	0,02284	0,02185	0,02133	0,01941	0,01980	0,02249	0,02203	0,01969	0,02115	0,03071	0,03889	0,03381	0,02442	0,02114	0,02526	0,02520	0,02375	0,02455	0,02884	0,03278	0,03122	0,02880	0,02556	0,02423	0,02209	0,02113	0,02147	0,02072	0,02043	0,02093	0,02305	0,02662	0,02804	0,02640	0,02361	0,01978
0,01896	0,01873	0,01851	0,01843	0,01947	0,01946	0,02160	0,02354	0,02633	0,02649	0,02490	0,02256	0,02044	0,02070	0,02182	0,02290	0,02209	0,02118	0,02056	0,02003	0,02270	0,02372	0,02102	0,01782	0,02244	0,03341	0,03627	0,03033	0,02119	0,01827	0,02124	0,02249	0,02452	0,02642	0,02848	0,02767	0,02654	0,02457	0,02275	0,02077	0,02014	0,02069	0,02066	0,02034	0,02205	0,02453	0,02696	0,02759	0,02607	0,02261	0,01950
0,01879	0,01871	0,01827	0,01809	0,01893	0,01907	0,02064	0,02217	0,02426	0,02531	0,02337	0,02293	0,02089	0,02083	0,02294	0,02484	0,02453	0,02242	0,02283	0,02281	0,02352	0,02408	0,02198	0,01843	0,01979	0,02615	0,03090	0,03188	0,02655	0,01990	0,01919	0,02049	0,02494	0,02739	0,02998	0,02766	0,02451	0,02199	0,01963	0,01839	0,01914	0,01931	0,01969	0,02008	0,02208	0,02271	0,02465	0,02445	0,02368	0,02253	0,01989
