12,50000	13,00000	13,50000	14,00000	14,50000	15,00000	15,50000	16,00000	16,50000	17,00000	17,50000	18,00000	18,50000	19,00000	19,50000	20,00000	20,50000	21,00000	21,50000	22,00000	22,50000	23,00000	23,50000	24,00000	24,50000	25,00000	25,50000	26,00000	26,50000	27,00000	27,50000	28,00000	28,50000	29,00000	29,50000	30,00000	30,50000	31,00000	31,50000	32,00000	32,50000	33,00000	33,50000	34,00000	34,50000	35,00000	35,50000	36,00000	36,50000	37,00000	37,50000
12,50000	13,00000	13,50000	14,00000	14,50000	15,00000	15,50000	16,00000	16,50000	17,00000	17,50000	18,00000	18,50000	19,00000	19,50000	20,00000	20,50000	21,00000	21,50000	22,00000	22,50000	23,00000	23,50000	24,00000	24,50000	25,00000	25,50000	26,00000	26,50000	27,00000	27,50000	28,00000	28,50000	29,00000	29,50000	30,00000	30,50000	31,00000	31,50000	32,00000	32,50000	33,00000	33,50000	34,00000	34,50000	35,00000	35,50000	36,00000	36,50000	37,00000	37,50000
0,02055	0,01960	0,02048	0,02227	0,02440	0,02311	0,02073	0,01989	0,01896	0,01808	0,01873	0,01911	0,01951	0,01931	0,01955	0,01849	0,01828	0,02023	0,02145	0,02118	0,02155	0,02001	0,01825	0,02085	0,02674	0,02791	0,02237	0,01901	0,02478	0,03176	0,02914	0,02128	0,01804	0,02244	0,02866	0,02847	0,02510	0,02109	0,01813	0,01803	0,01923	0,01935	0,01866	0,01835	0,01840	0,01830	0,01870	0,01941	0,01775	0,01799	0,01789
0,02029	0,02029	0,02160	0,02480	0,02511	0,02098	0,01838	0,01915	0,01814	0,01951	0,01987	0,01932	0,01940	0,01852	0,01876	0,01837	0,01943	0,02030	0,01972	0,02044	0,02120	0,01890	0,01828	0,02276	0,02794	0,02527	0,01920	0,02543	0,03619	0,03510	0,02595	0,01933	0,02075	0,02685	0,02981	0,02908	0,02411	0,01964	0,01792	0,01808	0,01762	0,01757	0,01819	0,01750	0,01838	0,01937	0,01895	0,01785	0,01707	0,01849	0,01983
0,02179	0,02067	0,02264	0,02484	0,02325	0,01863	0,01777	0,01866	0,01923	0,02000	0,02074	0,02096	0,01924	0,01770	0,01856	0,01977	0,02302	0,02247	0,02015	0,02039	0,02236	0,02103	0,02277	0,02598	0,02662	0,02085	0,02171	0,03681	0,04064	0,03032	0,02222	0,02109	0,02651	0,02985	0,02806	0,02629	0,02199	0,01925	0,01769	0,01751	0,01816	0,01802	0,01731	0,01815	0,01918	0,01944	0,01876	0,01769	0,01729	0,01974	0,02293
0,02140	0,02184	0,02258	0,02422	0,02211	0,01765	0,01845	0,01886	0,01910	0,02173	0,02158	0,02129	0,01813	0,01814	0,01960	0,02403	0,02752	0,02405	0,02032	0,02144	0,02628	0,02515	0,02704	0,02868	0,02420	0,02097	0,03253	0,04188	0,03506	0,02448	0,02458	0,02746	0,02988	0,02898	0,02628	0,02336	0,02058	0,01875	0,01784	0,01826	0,01787	0,01789	0,01780	0,01793	0,01971	0,02042	0,02011	0,01889	0,01794	0,01973	0,02308
0,02229	0,02149	0,02236	0,02316	0,02031	0,01770	0,01855	0,01927	0,01948	0,02133	0,02139	0,02013	0,01836	0,01969	0,02295	0,02806	0,03183	0,02552	0,01957	0,02427	0,03249	0,02962	0,02938	0,02861	0,02411	0,02760	0,03803	0,03192	0,02627	0,02666	0,02938	0,03011	0,02839	0,02547	0,02309	0,02183	0,02048	0,01945	0,01824	0,01807	0,01811	0,01736	0,01750	0,01731	0,01945	0,02171	0,02175	0,02009	0,01870	0,02017	0,02236
0,02184	0,02083	0,02082	0,02180	0,01986	0,01839	0,01852	0,01898	0,01957	0,02055	0,02174	0,01994	0,01935	0,02139	0,02566	0,03411	0,03502	0,02599	0,02070	0,03161	0,03731	0,03118	0,02909	0,02973	0,03031	0,03298	0,03220	0,02539	0,02526	0,02986	0,02981	0,02838	0,02506	0,02383	0,02559	0,02436	0,02454	0,02153	0,01937	0,01767	0,01696	0,01758	0,01696	0,01738	0,01758	0,01927	0,02130	0,02207	0,01934	0,01893	0,02041
0,02130	0,02075	0,01918	0,02088	0,02000	0,01789	0,01874	0,01947	0,01968	0,02023	0,02150	0,02125	0,02075	0,02218	0,02942	0,03830	0,03730	0,02534	0,02340	0,03754	0,03914	0,02863	0,02769	0,03323	0,03479	0,03463	0,02849	0,02446	0,02684	0,02901	0,02712	0,02568	0,02523	0,02609	0,02865	0,02942	0,02776	0,02395	0,02105	0,01798	0,01810	0,01731	0,01800	0,01821	0,01807	0,01812	0,01917	0,01961	0,01969	0,01793	0,01856
0,02198	0,02003	0,01856	0,02071	0,01993	0,01885	0,01891	0,01898	0,01909	0,02066	0,02325	0,02358	0,02250	0,02284	0,03103	0,04099	0,03661	0,02426	0,02758	0,04213	0,03708	0,02430	0,02852	0,03626	0,03952	0,03611	0,02882	0,02603	0,02746	0,02718	0,03032	0,02906	0,02912	0,03066	0,02961	0,02810	0,02615	0,02201	0,01951	0,01892	0,01767	0,01817	0,01770	0,01824	0,01785	0,01770	0,01766	0,01826	0,01835	0,01781	0,01834
0,02196	0,02012	0,01786	0,02132	0,02034	0,01877	0,01854	0,01860	0,01865	0,02207	0,02641	0,02694	0,02390	0,02313	0,03314	0,04249	0,03623	0,02580	0,03179	0,04358	0,03187	0,02219	0,03140	0,04240	0,04950	0,04291	0,03341	0,02796	0,02837	0,03372	0,04341	0,04328	0,03747	0,03051	0,02561	0,02473	0,02134	0,02006	0,01900	0,01891	0,01817	0,01785	0,01822	0,01826	0,01786	0,01789	0,01762	0,01745	0,01761	0,01782	0,01884
0,02197	0,02046	0,01854	0,02071	0,02018	0,01851	0,01830	0,01830	0,01873	0,02505	0,02942	0,02845	0,02496	0,02395	0,03553	0,04396	0,03803	0,02801	0,03579	0,04129	0,02694	0,02236	0,04053	0,05484	0,06115	0,04916	0,03424	0,03054	0,03756	0,05952	0,07075	0,05475	0,03990	0,02855	0,02419	0,02251	0,02090	0,02007	0,01891	0,01856	0,01827	0,01873	0,01867	0,01879	0,01754	0,01722	0,01728	0,01782	0,01804	0,01828	0,02046
0,02262	0,02090	0,01828	0,02021	0,01957	0,01833	0,01869	0,01895	0,01988	0,02823	0,03188	0,02925	0,02506	0,02547	0,04037	0,04825	0,03803	0,02805	0,03484	0,03723	0,02155	0,02900	0,05558	0,07049	0,06825	0,04689	0,03677	0,05164	0,07989	0,09631	0,08720	0,06010	0,03914	0,02973	0,02864	0,02391	0,02230	0,02087	0,02000	0,01851	0,01816	0,01806	0,01858	0,01890	0,01815	0,01740	0,01734	0,01727	0,01725	0,01820	0,02028
0,02267	0,02128	0,01814	0,01941	0,01960	0,01787	0,01894	0,01926	0,02128	0,03048	0,03162	0,02957	0,02539	0,02874	0,04369	0,04828	0,03454	0,02714	0,03529	0,03169	0,02227	0,03901	0,07148	0,07970	0,06461	0,04487	0,06573	0,10792	0,13376	0,11915	0,09080	0,06342	0,04693	0,03938	0,03783	0,02971	0,02604	0,02318	0,02021	0,01880	0,01801	0,01832	0,01924	0,01976	0,02009	0,01863	0,01789	0,01798	0,01788	0,01800	0,01870
0,02190	0,02111	0,01858	0,01850	0,01864	0,01832	0,01964	0,01859	0,02258	0,03152	0,03110	0,02802	0,02693	0,03270	0,04454	0,04517	0,03104	0,02767	0,03523	0,02848	0,02639	0,05857	0,08826	0,08073	0,05776	0,06367	0,12780	0,18124	0,16944	0,13958	0,11683	0,08102	0,07750	0,06232	0,05016	0,03536	0,02867	0,02439	0,02210	0,02011	0,01885	0,01814	0,01831	0,01868	0,01981	0,01972	0,01872	0,01749	0,01717	0,01794	0,01903
0,02196	0,02156	0,01841	0,01948	0,01899	0,01828	0,01992	0,01876	0,02394	0,03081	0,02884	0,02937	0,03070	0,03577	0,04171	0,03631	0,02696	0,03002	0,03712	0,02723	0,03877	0,08365	0,09812	0,07070	0,06454	0,12413	0,24224	0,25561	0,20977	0,20005	0,16671	0,14246	0,10969	0,08299	0,06477	0,04186	0,03574	0,02907	0,02614	0,02332	0,02113	0,01880	0,01785	0,01820	0,01907	0,02027	0,01913	0,01839	0,01736	0,01811	0,01795
0,02176	0,02162	0,01827	0,01952	0,01898	0,01910	0,02033	0,01863	0,02471	0,03026	0,02930	0,03189	0,03530	0,03843	0,03776	0,03114	0,02735	0,03655	0,03860	0,02910	0,05682	0,10410	0,09403	0,06597	0,11446	0,24660	0,34867	0,31226	0,26895	0,28862	0,27638	0,23029	0,16564	0,11981	0,09319	0,06151	0,04584	0,03432	0,03238	0,02701	0,02373	0,01952	0,01790	0,01721	0,01770	0,01917	0,01860	0,01805	0,01765	0,01770	0,01771
0,02225	0,02128	0,01941	0,01931	0,01888	0,01939	0,01996	0,01871	0,02536	0,03045	0,02984	0,03489	0,03913	0,03886	0,03463	0,02940	0,03479	0,04603	0,03971	0,03585	0,08158	0,11589	0,08138	0,08062	0,18808	0,33996	0,39556	0,33465	0,32599	0,40303	0,39557	0,30246	0,22912	0,16653	0,12861	0,08183	0,05844	0,04234	0,03549	0,03090	0,02728	0,02238	0,01939	0,01743	0,01732	0,01856	0,01854	0,01841	0,01832	0,01797	0,01753
0,02366	0,02122	0,01877	0,01945	0,01834	0,02014	0,02018	0,01950	0,02549	0,03130	0,03011	0,03507	0,03985	0,03898	0,03207	0,03004	0,04181	0,05065	0,03898	0,04473	0,10084	0,11328	0,07459	0,12398	0,27636	0,39841	0,39629	0,35382	0,42150	0,51923	0,51049	0,41697	0,30558	0,21835	0,17077	0,11085	0,07300	0,05054	0,04030	0,03435	0,02972	0,02434	0,02012	0,01836	0,01747	0,01862	0,01840	0,01778	0,01816	0,01856	0,01844
0,02427	0,02211	0,01999	0,01880	0,01834	0,02026	0,02117	0,02104	0,02599	0,03201	0,03144	0,03439	0,03932	0,03824	0,03170	0,03224	0,04922	0,05138	0,03750	0,06041	0,11236	0,10424	0,09011	0,20282	0,34040	0,38922	0,37131	0,40966	0,54218	0,64243	0,63006	0,51733	0,39237	0,28647	0,20474	0,13523	0,08864	0,06006	0,04353	0,03489	0,02989	0,02517	0,02094	0,01813	0,01797	0,01778	0,01773	0,01764	0,01836	0,01865	0,01810
0,02399	0,02191	0,01961	0,01976	0,01912	0,02231	0,02473	0,02281	0,02637	0,03393	0,03322	0,03272	0,03939	0,03998	0,03223	0,03346	0,04954	0,04739	0,03952	0,07322	0,11255	0,09446	0,12025	0,26480	0,35671	0,35009	0,37086	0,48932	0,62835	0,73827	0,72399	0,60559	0,47213	0,33645	0,23037	0,15491	0,09571	0,06305	0,04572	0,03572	0,02976	0,02400	0,02050	0,01800	0,01808	0,01838	0,01867	0,01839	0,01788	0,01846	0,01910
0,02404	0,02208	0,02124	0,01960	0,01947	0,02527	0,02857	0,02292	0,02681	0,03641	0,03515	0,03150	0,03925	0,04221	0,03297	0,03472	0,04469	0,04230	0,04572	0,08430	0,10387	0,09411	0,15451	0,28813	0,33524	0,32577	0,39930	0,54140	0,65937	0,74428	0,74754	0,65547	0,51551	0,36755	0,25339	0,16052	0,10530	0,06558	0,04733	0,03741	0,03104	0,02414	0,01997	0,01831	0,01858	0,01852	0,01898	0,01791	0,01745	0,01831	0,01974
0,02279	0,02283	0,02145	0,02021	0,02123	0,02791	0,03007	0,02394	0,02767	0,03767	0,03583	0,03200	0,03960	0,04315	0,03533	0,03581	0,04223	0,04257	0,05737	0,08553	0,08740	0,09359	0,17058	0,27166	0,28933	0,30367	0,38982	0,47473	0,55246	0,62736	0,65475	0,62359	0,50472	0,36089	0,24452	0,15665	0,10164	0,06462	0,04622	0,03743	0,03248	0,02512	0,02027	0,01772	0,01772	0,01834	0,01905	0,01866	0,01777	0,01818	0,02043
0,02277	0,02327	0,02290	0,02004	0,02181	0,02947	0,03062	0,02465	0,02706	0,03599	0,03632	0,03362	0,04034	0,04136	0,03521	0,03847	0,04426	0,04876	0,06595	0,08335	0,07289	0,08677	0,15552	0,23225	0,24316	0,26005	0,31503	0,31825	0,34366	0,40130	0,50300	0,54069	0,45839	0,33024	0,23158	0,14886	0,09212	0,05683	0,04179	0,03563	0,03167	0,02630	0,02161	0,01816	0,01820	0,01886	0,01903	0,01916	0,01747	0,01820	0,02027
0,02270	0,02511	0,02343	0,02054	0,02242	0,02982	0,03097	0,02642	0,02771	0,03433	0,03654	0,03795	0,04045	0,03855	0,03782	0,04281	0,05288	0,05767	0,07817	0,08727	0,07334	0,08781	0,13541	0,17923	0,18587	0,18735	0,16458	0,13545	0,14350	0,26280	0,39944	0,42349	0,36396	0,28013	0,20122	0,13342	0,08286	0,05151	0,03779	0,03296	0,03073	0,02584	0,02216	0,01993	0,01857	0,01895	0,01867	0,01852	0,01802	0,01836	0,02005
0,02202	0,02540	0,02384	0,01991	0,02143	0,02789	0,03033	0,02931	0,02784	0,03173	0,03860	0,04436	0,04069	0,03605	0,04061	0,05197	0,06516	0,07864	0,10091	0,10556	0,09180	0,10464	0,13657	0,16669	0,17447	0,15158	0,12165	0,11717	0,18019	0,27190	0,32727	0,34018	0,30271	0,22956	0,17673	0,12030	0,07929	0,04908	0,03762	0,03263	0,03048	0,02790	0,02459	0,02105	0,01935	0,01937	0,01896	0,01933	0,01847	0,01901	0,01957
0,02208	0,02419	0,02355	0,02135	0,02149	0,02555	0,03015	0,03122	0,02841	0,02873	0,03871	0,04932	0,04314	0,03603	0,04273	0,05994	0,08316	0,10246	0,12999	0,13564	0,14026	0,14440	0,17417	0,19059	0,20875	0,22755	0,21697	0,24381	0,29074	0,38243	0,35443	0,31223	0,25176	0,19250	0,13871	0,10773	0,07361	0,05036	0,04162	0,03601	0,03257	0,02938	0,02539	0,02143	0,01906	0,01875	0,01968	0,01939	0,01824	0,01864	0,01851
0,02106	0,02356	0,02298	0,02219	0,02121	0,02490	0,03061	0,03293	0,02897	0,02726	0,03534	0,04944	0,04516	0,03709	0,04471	0,06578	0,09828	0,12700	0,15941	0,18270	0,18867	0,21364	0,22705	0,24971	0,30450	0,35620	0,37382	0,43943	0,50839	0,47374	0,39900	0,29885	0,21328	0,14575	0,10385	0,08397	0,06663	0,05223	0,04351	0,03821	0,03289	0,02796	0,02437	0,02084	0,01922	0,01970	0,02147	0,02108	0,01905	0,01853	0,01795
0,02057	0,02159	0,02331	0,02461	0,02197	0,02444	0,02996	0,03189	0,02897	0,02488	0,03183	0,04855	0,04806	0,04265	0,04550	0,06873	0,10490	0,15247	0,18879	0,21533	0,23569	0,27707	0,29674	0,32216	0,36688	0,42791	0,46416	0,53013	0,55272	0,49316	0,38893	0,25777	0,17281	0,11220	0,08583	0,07123	0,06147	0,05351	0,04791	0,03909	0,03038	0,02566	0,02191	0,02011	0,01923	0,02114	0,02292	0,02262	0,02022	0,01938	0,01817
0,02033	0,02046	0,02296	0,02626	0,02417	0,02485	0,02936	0,02932	0,02775	0,02486	0,02931	0,04393	0,04902	0,04821	0,04863	0,06564	0,10705	0,15763	0,20150	0,23753	0,26551	0,31691	0,36359	0,37455	0,39282	0,44603	0,44375	0,44735	0,43244	0,39248	0,31153	0,19572	0,12387	0,08746	0,07228	0,06720	0,06310	0,05802	0,04975	0,03848	0,02888	0,02372	0,02048	0,01939	0,02081	0,02343	0,02576	0,02494	0,02188	0,02069	0,01875
0,02102	0,02004	0,02356	0,02597	0,02531	0,02624	0,02943	0,02831	0,02495	0,02379	0,02673	0,03872	0,04953	0,05554	0,05374	0,06589	0,10344	0,15034	0,19570	0,24668	0,27468	0,32890	0,38941	0,39056	0,38300	0,41442	0,38958	0,32036	0,29103	0,28854	0,22610	0,15038	0,10093	0,07730	0,07120	0,06883	0,06704	0,06313	0,05470	0,03981	0,02980	0,02352	0,02059	0,02006	0,02196	0,02556	0,02855	0,02794	0,02647	0,02121	0,02024
0,02013	0,02033	0,02314	0,02665	0,02534	0,02683	0,02826	0,02638	0,02412	0,02451	0,02671	0,03370	0,04866	0,06099	0,06230	0,06686	0,09626	0,13737	0,17909	0,23499	0,26927	0,31056	0,37564	0,38017	0,35757	0,37714	0,35854	0,26665	0,18322	0,17855	0,17261	0,13802	0,10572	0,08735	0,07548	0,06994	0,06783	0,06467	0,05502	0,04144	0,03193	0,02619	0,02362	0,02310	0,02449	0,02854	0,03182	0,03279	0,02847	0,02296	0,01973
0,02033	0,02040	0,02331	0,02541	0,02512	0,02678	0,02817	0,02585	0,02433	0,02609	0,02755	0,03117	0,04646	0,06200	0,06752	0,07299	0,08414	0,10962	0,16120	0,21391	0,24854	0,26424	0,31726	0,34402	0,32953	0,34592	0,34259	0,25497	0,16845	0,12841	0,13536	0,13970	0,12177	0,09914	0,07795	0,06386	0,06033	0,05952	0,05192	0,04130	0,03285	0,02807	0,02557	0,02573	0,02912	0,03257	0,03708	0,03578	0,03023	0,02342	0,01995
0,01966	0,01962	0,02243	0,02528	0,02586	0,02545	0,02608	0,02542	0,02595	0,02797	0,02807	0,02966	0,04223	0,06213	0,07392	0,08052	0,08426	0,09429	0,12327	0,17938	0,21905	0,22232	0,25443	0,27549	0,28882	0,28561	0,30251	0,27053	0,18556	0,11257	0,11107	0,11536	0,12171	0,10091	0,07682	0,05596	0,05123	0,04527	0,04417	0,03662	0,03248	0,02935	0,02861	0,02904	0,03174	0,03616	0,03698	0,03416	0,02890	0,02300	0,01975
0,01923	0,02007	0,02249	0,02469	0,02531	0,02510	0,02591	0,02579	0,02818	0,02873	0,02801	0,02872	0,04143	0,06017	0,07606	0,08576	0,08925	0,08407	0,09933	0,13948	0,18114	0,17778	0,18034	0,20918	0,23297	0,21524	0,23375	0,23330	0,17635	0,10470	0,08008	0,08713	0,10018	0,08329	0,06937	0,05135	0,04248	0,03960	0,03611	0,03336	0,03163	0,02978	0,03001	0,03000	0,03272	0,03503	0,03314	0,02921	0,02648	0,02279	0,02112
0,02002	0,01965	0,02154	0,02472	0,02531	0,02352	0,02419	0,02688	0,02984	0,03007	0,02770	0,02691	0,03913	0,05621	0,07565	0,08951	0,09322	0,08470	0,08428	0,11071	0,13983	0,14432	0,14431	0,13969	0,17580	0,16020	0,16390	0,18525	0,14914	0,09897	0,06593	0,05525	0,06039	0,05756	0,05592	0,04718	0,04113	0,03663	0,03364	0,03267	0,03135	0,03102	0,03070	0,03026	0,02965	0,03003	0,02714	0,02571	0,02436	0,02242	0,02147
0,02015	0,02024	0,02113	0,02406	0,02503	0,02307	0,02367	0,02788	0,03217	0,03158	0,02751	0,02669	0,03582	0,05049	0,06818	0,08575	0,09297	0,08784	0,08265	0,08746	0,10053	0,11368	0,12014	0,11432	0,13171	0,13242	0,11677	0,11788	0,10818	0,08799	0,06354	0,04643	0,04168	0,04288	0,04101	0,04413	0,04190	0,03765	0,03339	0,03183	0,03188	0,03162	0,03022	0,02917	0,02785	0,02471	0,02316	0,02328	0,02350	0,02236	0,02224
0,01986	0,01985	0,01927	0,02206	0,02511	0,02368	0,02281	0,02808	0,03364	0,03279	0,02745	0,02545	0,03400	0,04936	0,06336	0,07413	0,08871	0,08839	0,08376	0,07878	0,07263	0,08896	0,10602	0,10051	0,11233	0,11165	0,10131	0,08857	0,08448	0,07087	0,06393	0,05226	0,03792	0,03116	0,03193	0,03451	0,03685	0,03382	0,03181	0,03049	0,03120	0,03105	0,03030	0,02874	0,02570	0,02294	0,02241	0,02333	0,02356	0,02374	0,02306
0,02035	0,02004	0,01893	0,02107	0,02368	0,02555	0,02375	0,02627	0,03298	0,03361	0,02783	0,02636	0,03271	0,04522	0,05395	0,06626	0,07901	0,08203	0,08223	0,07482	0,06033	0,06190	0,08422	0,08889	0,09004	0,09668	0,09315	0,08211	0,07247	0,06270	0,05947	0,05630	0,04783	0,03682	0,03284	0,03065	0,03138	0,02993	0,02834	0,02954	0,03101	0,03185	0,03118	0,02828	0,02574	0,02418	0,02530	0,02629	0,02619	0,02594	0,02551
0,01977	0,02035	0,01897	0,02020	0,02203	0,02521	0,02479	0,02404	0,02958	0,03376	0,02988	0,02830	0,03290	0,04133	0,04721	0,05573	0,06839	0,07539	0,07590	0,07081	0,05496	0,05080	0,06796	0,07429	0,07271	0,07652	0,08292	0,08308	0,07597	0,06401	0,05492	0,05355	0,05578	0,05213	0,05181	0,04540	0,03448	0,03046	0,02867	0,02810	0,02959	0,03042	0,03079	0,02918	0,02702	0,02770	0,02982	0,03016	0,02887	0,02635	0,02508
0,01980	0,02071	0,01867	0,01910	0,02124	0,02594	0,02649	0,02523	0,02716	0,03089	0,03084	0,02982	0,03450	0,04053	0,04313	0,04558	0,05893	0,06642	0,06732	0,06432	0,05368	0,04700	0,05513	0,06386	0,06035	0,05686	0,06526	0,07861	0,08096	0,07460	0,06141	0,05242	0,05561	0,06024	0,06626	0,06324	0,05516	0,04357	0,03609	0,03108	0,03029	0,02943	0,02772	0,02730	0,02761	0,02947	0,03167	0,03106	0,02782	0,02359	0,02222
0,01900	0,01954	0,01927	0,01922	0,02107	0,02516	0,02677	0,02541	0,02627	0,02905	0,03064	0,03299	0,03493	0,03867	0,04019	0,04064	0,04937	0,06120	0,05973	0,05761	0,05173	0,04712	0,05305	0,05869	0,05233	0,04404	0,05100	0,06521	0,07755	0,07675	0,06893	0,05853	0,05225	0,05386	0,06359	0,07115	0,07002	0,05943	0,04797	0,03904	0,03280	0,02847	0,02617	0,02469	0,02427	0,02661	0,02702	0,02579	0,02368	0,02052	0,02053
0,01842	0,01858	0,01937	0,01950	0,02178	0,02497	0,02708	0,02622	0,02590	0,02836	0,03017	0,03400	0,03597	0,03847	0,03963	0,03732	0,04192	0,04990	0,05407	0,05170	0,05107	0,05170	0,05633	0,06009	0,05260	0,04215	0,04232	0,05447	0,06593	0,06551	0,06494	0,05992	0,05557	0,05113	0,05042	0,05306	0,06301	0,05860	0,05122	0,04237	0,03728	0,03098	0,02646	0,02222	0,02068	0,02193	0,02349	0,02282	0,02001	0,01960	0,02017
0,01910	0,01901	0,01907	0,01999	0,02152	0,02447	0,02577	0,02529	0,02630	0,02848	0,03093	0,03457	0,03661	0,03778	0,03761	0,03402	0,03280	0,03712	0,04342	0,04372	0,04572	0,05523	0,06183	0,06766	0,05459	0,04251	0,04217	0,05468	0,06535	0,06016	0,05143	0,05030	0,05670	0,05548	0,05029	0,04175	0,04220	0,04212	0,04140	0,04138	0,03751	0,03262	0,02732	0,02222	0,01849	0,01953	0,02195	0,02201	0,01974	0,01910	0,01969
0,01847	0,01893	0,01875	0,01991	0,02296	0,02471	0,02429	0,02361	0,02686	0,03025	0,03290	0,03465	0,03660	0,03742	0,03773	0,03154	0,02612	0,02864	0,03472	0,03431	0,04006	0,05170	0,06755	0,07463	0,06428	0,04765	0,04425	0,05841	0,07281	0,06941	0,05159	0,03981	0,04903	0,06101	0,06046	0,04864	0,03776	0,03151	0,03149	0,03360	0,03322	0,03111	0,02669	0,02241	0,02083	0,02201	0,02483	0,02345	0,02002	0,01829	0,01965
0,01799	0,01950	0,01903	0,02061	0,02287	0,02378	0,02375	0,02235	0,02599	0,03121	0,03423	0,03565	0,03692	0,03735	0,03804	0,03450	0,02466	0,02367	0,02814	0,03046	0,02937	0,04142	0,06253	0,07814	0,07920	0,06501	0,04971	0,05420	0,06848	0,07774	0,06502	0,04703	0,03850	0,04224	0,05626	0,05634	0,04616	0,04117	0,03519	0,03832	0,03791	0,03727	0,03080	0,02679	0,02251	0,02477	0,02615	0,02361	0,02055	0,01876	0,02138
0,01867	0,01912	0,01995	0,02086	0,02305	0,02439	0,02305	0,02158	0,02508	0,03180	0,03507	0,03485	0,03714	0,03692	0,03782	0,03752	0,02985	0,02257	0,02355	0,02841	0,02643	0,03015	0,05033	0,07476	0,08666	0,08019	0,06502	0,05350	0,05389	0,06418	0,07212	0,06222	0,04315	0,03357	0,03209	0,04071	0,04398	0,04834	0,05263	0,05742	0,05873	0,05100	0,04295	0,03375	0,02456	0,02136	0,02244	0,02105	0,01974	0,02082	0,02228
0,01867	0,01947	0,02001	0,02196	0,02312	0,02325	0,02276	0,02330	0,02497	0,03154	0,03496	0,03304	0,03535	0,03680	0,03740	0,03773	0,03493	0,02605	0,02251	0,02636	0,02571	0,02112	0,03986	0,06567	0,08645	0,08821	0,07333	0,06004	0,05059	0,04898	0,05767	0,06207	0,05982	0,04749	0,03746	0,02454	0,02545	0,03832	0,04898	0,06308	0,06736	0,06267	0,05256	0,03855	0,02552	0,01958	0,01830	0,01896	0,01976	0,02172	0,02245
0,01920	0,01907	0,02052	0,02157	0,02286	0,02353	0,02341	0,02485	0,02780	0,03193	0,03433	0,03211	0,03232	0,03545	0,03613	0,03432	0,03481	0,03154	0,02584	0,02612	0,03027	0,02322	0,02274	0,05295	0,08053	0,08600	0,07193	0,05660	0,04613	0,04206	0,04096	0,04424	0,05293	0,05339	0,04779	0,03583	0,02243	0,02379	0,03589	0,04793	0,05065	0,05524	0,04690	0,03683	0,02578	0,01997	0,01953	0,01985	0,02093	0,02031	0,02090
0,01925	0,01961	0,01975	0,02110	0,02342	0,02340	0,02399	0,02692	0,02997	0,03367	0,03515	0,03211	0,02981	0,03361	0,03656	0,03294	0,03145	0,03294	0,03088	0,02959	0,03482	0,03295	0,01880	0,02929	0,06187	0,08093	0,06661	0,04589	0,03227	0,03206	0,03476	0,03481	0,03940	0,04435	0,04447	0,03835	0,02799	0,02197	0,02338	0,03039	0,03154	0,03456	0,03316	0,02800	0,02344	0,02153	0,02234	0,02370	0,02173	0,02011	0,01952
0,01990	0,01964	0,01916	0,01982	0,02181	0,02301	0,02453	0,02723	0,03137	0,03518	0,03440	0,03231	0,02919	0,03154	0,03581	0,03437	0,02903	0,03112	0,03427	0,03269	0,03522	0,04086	0,02880	0,01830	0,03958	0,06783	0,06705	0,04222	0,02831	0,02198	0,02545	0,03201	0,03520	0,03816	0,03833	0,03363	0,02670	0,02194	0,02302	0,02512	0,02460	0,02432	0,02261	0,02163	0,02266	0,02394	0,02640	0,02536	0,02210	0,01951	0,01997
0,01957	0,01948	0,01874	0,01915	0,02169	0,02443	0,02484	0,02686	0,03067	0,03396	0,03233	0,03145	0,03085	0,03142	0,03463	0,03605	0,03215	0,03108	0,03574	0,03566	0,03274	0,03626	0,04086	0,02542	0,02012	0,03860	0,06344	0,05629	0,04479	0,02529	0,02018	0,02628	0,03503	0,04019	0,04030	0,03354	0,02675	0,02319	0,02390	0,02392	0,02334	0,02163	0,02278	0,02413	0,02552	0,02762	0,02893	0,02597	0,02188	0,01988	0,01970
0,01946	0,01916	0,01940	0,01926	0,02055	0,02368	0,02595	0,02669	0,02985	0,03178	0,03080	0,02785	0,03152	0,03497	0,03644	0,03622	0,03578	0,03425	0,03784	0,04009	0,03395	0,03007	0,03701	0,04003	0,02262	0,01918	0,03433	0,05412	0,05124	0,04004	0,02527	0,01931	0,02748	0,03835	0,04307	0,03887	0,02921	0,02361	0,02111	0,02020	0,01942	0,02115	0,02710	0,03256	0,03703	0,03753	0,03432	0,02872	0,02239	0,02040	0,02181
