12,50000	13,00000	13,50000	14,00000	14,50000	15,00000	15,50000	16,00000	16,50000	17,00000	17,50000	18,00000	18,50000	19,00000	19,50000	20,00000	20,50000	21,00000	21,50000	22,00000	22,50000	23,00000	23,50000	24,00000	24,50000	25,00000	25,50000	26,00000	26,50000	27,00000	27,50000	28,00000	28,50000	29,00000	29,50000	30,00000	30,50000	31,00000	31,50000	32,00000	32,50000	33,00000	33,50000	34,00000	34,50000	35,00000	35,50000	36,00000	36,50000	37,00000	37,50000
12,50000	13,00000	13,50000	14,00000	14,50000	15,00000	15,50000	16,00000	16,50000	17,00000	17,50000	18,00000	18,50000	19,00000	19,50000	20,00000	20,50000	21,00000	21,50000	22,00000	22,50000	23,00000	23,50000	24,00000	24,50000	25,00000	25,50000	26,00000	26,50000	27,00000	27,50000	28,00000	28,50000	29,00000	29,50000	30,00000	30,50000	31,00000	31,50000	32,00000	32,50000	33,00000	33,50000	34,00000	34,50000	35,00000	35,50000	36,00000	36,50000	37,00000	37,50000
0,01973	0,01997	0,02051	0,02176	0,02372	0,02188	0,02053	0,02013	0,01873	0,01808	0,01870	0,01873	0,01978	0,02038	0,02029	0,01921	0,01839	0,01980	0,02085	0,02145	0,02081	0,01860	0,01737	0,02241	0,02676	0,02670	0,02079	0,01803	0,02293	0,03425	0,03068	0,02082	0,01871	0,02644	0,03089	0,03106	0,02723	0,02064	0,01777	0,01753	0,01904	0,02012	0,01994	0,01891	0,01848	0,01888	0,01949	0,01945	0,01783	0,01786	0,01818
0,01977	0,02032	0,02197	0,02418	0,02348	0,01943	0,01876	0,01894	0,01898	0,01979	0,02042	0,02001	0,01973	0,01931	0,01915	0,01864	0,01989	0,02091	0,01924	0,01967	0,02005	0,01972	0,01989	0,02298	0,02817	0,02387	0,01853	0,02650	0,03722	0,03632	0,02697	0,01945	0,02382	0,02991	0,03002	0,02927	0,02425	0,01981	0,01841	0,01799	0,01849	0,01876	0,01785	0,01822	0,01796	0,01864	0,01905	0,01815	0,01714	0,01796	0,02017
0,02025	0,02160	0,02303	0,02424	0,02238	0,01784	0,01843	0,01854	0,01871	0,02076	0,02167	0,02161	0,01969	0,01865	0,01812	0,01937	0,02273	0,02115	0,01902	0,01951	0,02105	0,02390	0,02655	0,02812	0,02643	0,02032	0,02409	0,03923	0,04350	0,03263	0,02239	0,02442	0,02892	0,03085	0,02696	0,02522	0,02114	0,01898	0,01750	0,01763	0,01788	0,01795	0,01733	0,01836	0,01869	0,01997	0,01933	0,01803	0,01813	0,02000	0,02287
0,02147	0,02175	0,02151	0,02433	0,02095	0,01779	0,01851	0,01841	0,01906	0,02194	0,02244	0,02207	0,01956	0,01811	0,01926	0,02242	0,02592	0,02324	0,01927	0,02149	0,02588	0,03009	0,03018	0,02978	0,02479	0,02213	0,03649	0,04399	0,03644	0,02539	0,02635	0,02961	0,03116	0,02840	0,02432	0,02277	0,01979	0,01875	0,01749	0,01813	0,01833	0,01758	0,01772	0,01797	0,01952	0,02124	0,01987	0,01820	0,01793	0,02070	0,02504
0,02179	0,02128	0,02043	0,02399	0,01992	0,01776	0,01885	0,01880	0,01959	0,02148	0,02256	0,02160	0,01875	0,01867	0,02110	0,02790	0,03027	0,02435	0,02021	0,02588	0,03436	0,03278	0,03056	0,02947	0,02690	0,03148	0,04005	0,03628	0,02743	0,02755	0,03022	0,03118	0,02828	0,02445	0,02281	0,02149	0,02143	0,02003	0,01804	0,01751	0,01783	0,01828	0,01812	0,01850	0,01901	0,02125	0,02275	0,01913	0,01816	0,02006	0,02445
0,02112	0,02017	0,01946	0,02223	0,02014	0,01784	0,01876	0,01825	0,01961	0,02064	0,02238	0,02094	0,01961	0,01980	0,02409	0,03265	0,03570	0,02613	0,02129	0,03171	0,04082	0,03036	0,02975	0,03235	0,03169	0,03469	0,03440	0,02651	0,02577	0,02974	0,02940	0,02720	0,02387	0,02362	0,02523	0,02548	0,02534	0,02140	0,01993	0,01739	0,01707	0,01744	0,01746	0,01800	0,01885	0,02020	0,02259	0,02183	0,01930	0,01896	0,02074
0,02168	0,01989	0,01881	0,02206	0,01995	0,01764	0,01811	0,01836	0,01980	0,02031	0,02230	0,02045	0,02015	0,02168	0,02736	0,03972	0,03878	0,02648	0,02378	0,04027	0,04199	0,02645	0,02954	0,03426	0,03659	0,03575	0,03003	0,02569	0,02783	0,02897	0,02732	0,02478	0,02567	0,02639	0,02969	0,02953	0,02741	0,02459	0,02082	0,01788	0,01718	0,01701	0,01742	0,01787	0,01830	0,01832	0,02070	0,02157	0,01953	0,01888	0,01858
0,02169	0,01966	0,01831	0,02138	0,01961	0,01810	0,01890	0,01843	0,01818	0,02088	0,02319	0,02222	0,02243	0,02298	0,03093	0,04368	0,04082	0,02730	0,02938	0,04689	0,04005	0,02240	0,03027	0,03635	0,04027	0,03735	0,03210	0,02728	0,02788	0,02679	0,02858	0,03241	0,03213	0,02954	0,02812	0,02823	0,02465	0,02106	0,01915	0,01821	0,01725	0,01787	0,01838	0,01862	0,01854	0,01828	0,01745	0,01918	0,01872	0,01800	0,01777
0,02268	0,02042	0,01813	0,02135	0,01951	0,01869	0,01818	0,01835	0,01796	0,02250	0,02577	0,02433	0,02332	0,02403	0,03289	0,04484	0,04059	0,02715	0,03632	0,04942	0,03277	0,02148	0,03488	0,04233	0,05019	0,04426	0,03524	0,02865	0,02651	0,03162	0,04634	0,04493	0,04096	0,03090	0,02471	0,02257	0,02105	0,01931	0,01852	0,01851	0,01780	0,01795	0,01777	0,01870	0,01858	0,01791	0,01769	0,01735	0,01715	0,01812	0,01881
0,02348	0,02071	0,01892	0,01992	0,01924	0,01830	0,01820	0,01843	0,01850	0,02507	0,02835	0,02765	0,02537	0,02400	0,03352	0,04730	0,04276	0,02960	0,04055	0,04688	0,02659	0,02482	0,04782	0,05388	0,06545	0,05198	0,03572	0,02936	0,03449	0,06147	0,06960	0,05901	0,04124	0,02854	0,02340	0,02193	0,02079	0,01938	0,01895	0,01810	0,01767	0,01844	0,01860	0,01775	0,01809	0,01810	0,01743	0,01805	0,01748	0,01864	0,02020
0,02255	0,02046	0,01854	0,01935	0,01922	0,01785	0,01898	0,01895	0,01978	0,02839	0,03062	0,02866	0,02568	0,02412	0,03643	0,04969	0,04140	0,03178	0,04128	0,03972	0,02257	0,03506	0,06261	0,07248	0,07173	0,04784	0,03777	0,05210	0,07243	0,09718	0,08660	0,05846	0,03836	0,03113	0,02842	0,02425	0,02283	0,02166	0,01978	0,01893	0,01753	0,01814	0,01845	0,01867	0,01852	0,01756	0,01801	0,01749	0,01780	0,01898	0,02027
0,02204	0,02010	0,01788	0,01926	0,01857	0,01795	0,01939	0,01863	0,02132	0,03091	0,03000	0,02775	0,02599	0,02727	0,04135	0,05149	0,03845	0,03016	0,03981	0,03503	0,02264	0,05288	0,08236	0,08180	0,06587	0,04537	0,06475	0,10879	0,11718	0,11902	0,08953	0,06136	0,05003	0,03919	0,03757	0,02845	0,02514	0,02232	0,02082	0,01985	0,01857	0,01828	0,01856	0,01952	0,01949	0,01834	0,01766	0,01741	0,01818	0,01863	0,01930
0,02149	0,01989	0,01788	0,01860	0,01857	0,01851	0,02101	0,01866	0,02296	0,03143	0,02859	0,02822	0,02822	0,03164	0,04325	0,04890	0,03378	0,02897	0,03764	0,02965	0,02744	0,07396	0,09267	0,08055	0,05672	0,07469	0,14754	0,18270	0,16939	0,13561	0,11320	0,08419	0,07399	0,05509	0,04414	0,03136	0,02797	0,02348	0,02343	0,02010	0,01868	0,01775	0,01766	0,01874	0,01980	0,01912	0,01926	0,01795	0,01813	0,01797	0,01868
0,02167	0,02082	0,01787	0,01875	0,01821	0,01975	0,02121	0,01892	0,02411	0,03063	0,02733	0,02836	0,03200	0,03560	0,04487	0,04216	0,02775	0,03016	0,03777	0,02819	0,03898	0,09304	0,09515	0,06980	0,07306	0,13941	0,24799	0,24849	0,20601	0,17648	0,18089	0,14262	0,11351	0,07860	0,05748	0,03744	0,03108	0,02715	0,02535	0,02304	0,02052	0,01808	0,01776	0,01854	0,01923	0,01986	0,01938	0,01832	0,01802	0,01841	0,01821
0,02180	0,02126	0,01819	0,01935	0,01891	0,01967	0,02127	0,01873	0,02550	0,03072	0,02744	0,03121	0,03755	0,03957	0,04126	0,03278	0,02636	0,03579	0,03837	0,03086	0,05703	0,10697	0,08845	0,07142	0,12682	0,24917	0,33791	0,29497	0,24435	0,25318	0,26081	0,20172	0,14646	0,09882	0,07573	0,05186	0,03984	0,03431	0,03025	0,02760	0,02327	0,01918	0,01737	0,01749	0,01874	0,01887	0,01887	0,01774	0,01769	0,01789	0,01796
0,02324	0,02185	0,01888	0,01866	0,01811	0,02007	0,02123	0,01945	0,02692	0,03013	0,02899	0,03363	0,04103	0,04175	0,03709	0,02848	0,03120	0,04279	0,03838	0,03528	0,08012	0,11247	0,08225	0,10227	0,23129	0,35420	0,38645	0,32290	0,30279	0,34583	0,33717	0,25657	0,20219	0,14436	0,10793	0,06891	0,05540	0,04019	0,03610	0,03098	0,02612	0,02143	0,01829	0,01763	0,01744	0,01821	0,01786	0,01733	0,01801	0,01833	0,01874
0,02471	0,02157	0,01920	0,01860	0,01820	0,02076	0,02181	0,02127	0,02702	0,03060	0,03027	0,03461	0,04169	0,04118	0,03210	0,02636	0,03794	0,04776	0,03822	0,04699	0,09634	0,11155	0,09942	0,16534	0,31557	0,41651	0,38615	0,34591	0,40443	0,46776	0,44231	0,32721	0,26567	0,18279	0,14429	0,09097	0,06523	0,04719	0,03959	0,03241	0,02888	0,02329	0,01966	0,01737	0,01737	0,01860	0,01840	0,01781	0,01788	0,01846	0,01796
0,02542	0,02171	0,01923	0,01877	0,01830	0,02122	0,02471	0,02274	0,02724	0,03236	0,03140	0,03410	0,04093	0,04044	0,02973	0,02830	0,04434	0,04924	0,03763	0,05884	0,11191	0,11197	0,14131	0,25915	0,39875	0,41072	0,37725	0,41488	0,51914	0,56044	0,54438	0,42039	0,33084	0,23368	0,17476	0,11350	0,07966	0,05275	0,04098	0,03278	0,02797	0,02397	0,01968	0,01822	0,01806	0,01851	0,01834	0,01783	0,01819	0,01837	0,01825
0,02393	0,02220	0,02017	0,01928	0,01946	0,02371	0,02777	0,02323	0,02638	0,03415	0,03348	0,03272	0,03988	0,04139	0,02944	0,03082	0,04542	0,04403	0,03890	0,07388	0,11812	0,11924	0,19228	0,33920	0,41097	0,38465	0,40593	0,51425	0,61092	0,65207	0,60794	0,50122	0,39403	0,27707	0,18786	0,12002	0,08353	0,05641	0,04189	0,03234	0,02668	0,02288	0,01962	0,01861	0,01808	0,01823	0,01797	0,01816	0,01785	0,01869	0,01884
0,02279	0,02291	0,02097	0,01944	0,02013	0,02776	0,03164	0,02364	0,02590	0,03732	0,03543	0,03081	0,03993	0,04395	0,03069	0,03194	0,04306	0,04025	0,04295	0,08468	0,11605	0,12268	0,22229	0,36627	0,38958	0,36504	0,45864	0,57556	0,63027	0,65135	0,60656	0,52239	0,40331	0,28095	0,19287	0,12440	0,08065	0,05538	0,04157	0,03201	0,02723	0,02219	0,01978	0,01860	0,01837	0,01810	0,01880	0,01766	0,01844	0,01940	0,01952
0,02270	0,02397	0,02198	0,01993	0,02077	0,03130	0,03331	0,02449	0,02552	0,03764	0,03580	0,03062	0,03885	0,04357	0,03210	0,03277	0,03796	0,03860	0,05233	0,08668	0,09902	0,12181	0,21095	0,33090	0,33990	0,35494	0,44278	0,52434	0,47845	0,53373	0,51266	0,47602	0,36581	0,26233	0,17425	0,11346	0,07276	0,04999	0,03720	0,03186	0,02672	0,02173	0,01901	0,01735	0,01745	0,01889	0,01856	0,01850	0,01800	0,01869	0,01967
0,02222	0,02590	0,02357	0,02050	0,02152	0,03229	0,03420	0,02531	0,02660	0,03596	0,03574	0,03353	0,04046	0,04225	0,03278	0,03375	0,03774	0,04288	0,06323	0,08421	0,08410	0,10602	0,17597	0,27342	0,27126	0,29026	0,29845	0,29933	0,28903	0,34713	0,37223	0,38098	0,31413	0,21797	0,15283	0,09862	0,05975	0,04169	0,03380	0,03024	0,02666	0,02270	0,01937	0,01848	0,01864	0,01816	0,01869	0,01780	0,01755	0,01885	0,02016
0,02261	0,02593	0,02358	0,02041	0,02161	0,02968	0,03284	0,02671	0,02718	0,03375	0,03569	0,03887	0,04024	0,03804	0,03366	0,03739	0,04250	0,05398	0,07474	0,08192	0,07638	0,09698	0,14075	0,19684	0,19941	0,18569	0,17815	0,12352	0,13397	0,24573	0,31126	0,30255	0,25139	0,17994	0,12057	0,07978	0,05313	0,03717	0,03061	0,02793	0,02602	0,02349	0,02063	0,01943	0,02000	0,01922	0,01862	0,01815	0,01764	0,01832	0,01980
0,02184	0,02457	0,02384	0,02056	0,02149	0,02802	0,03133	0,02949	0,02876	0,03033	0,03599	0,04363	0,04061	0,03394	0,03578	0,04503	0,05297	0,07035	0,09106	0,09864	0,08973	0,11747	0,13661	0,15879	0,17177	0,15952	0,13226	0,13553	0,20728	0,29463	0,33696	0,29853	0,21837	0,14519	0,09758	0,06704	0,04921	0,03769	0,03320	0,03089	0,02732	0,02480	0,02472	0,02166	0,02110	0,01886	0,01869	0,01821	0,01782	0,01844	0,01864
0,02206	0,02190	0,02357	0,02136	0,02152	0,02545	0,03081	0,03150	0,02947	0,02710	0,03395	0,04784	0,04254	0,03216	0,03735	0,05178	0,06499	0,08733	0,11940	0,12279	0,12541	0,16547	0,18129	0,17961	0,21367	0,23551	0,24514	0,31516	0,45583	0,48187	0,44535	0,33067	0,21815	0,12766	0,08110	0,05713	0,04539	0,04043	0,03765	0,03393	0,03070	0,02767	0,02685	0,02337	0,02112	0,01943	0,01947	0,01864	0,01815	0,01817	0,01856
0,02140	0,02127	0,02369	0,02336	0,02240	0,02467	0,03040	0,03206	0,02941	0,02452	0,03072	0,04581	0,04332	0,03159	0,04059	0,05717	0,07585	0,10734	0,14596	0,16311	0,17211	0,21518	0,23227	0,23855	0,30276	0,36759	0,43601	0,53457	0,62871	0,61051	0,49729	0,33895	0,19886	0,10552	0,06303	0,04803	0,04356	0,04342	0,04180	0,03638	0,03162	0,02831	0,02658	0,02359	0,01962	0,01969	0,01983	0,01980	0,01909	0,01903	0,01821
0,02112	0,01980	0,02313	0,02574	0,02394	0,02455	0,02925	0,03214	0,02912	0,02301	0,02710	0,04277	0,04344	0,03518	0,04196	0,05675	0,08268	0,12799	0,16723	0,18512	0,20471	0,25676	0,28797	0,29423	0,35696	0,44601	0,51297	0,59717	0,62847	0,58848	0,43739	0,27438	0,14560	0,07523	0,04868	0,04500	0,04711	0,04809	0,04383	0,03554	0,02959	0,02736	0,02474	0,02147	0,02007	0,02129	0,02203	0,02175	0,02052	0,01873	0,01795
0,02053	0,01925	0,02316	0,02665	0,02534	0,02534	0,02929	0,02947	0,02609	0,02243	0,02454	0,03563	0,04288	0,04139	0,04486	0,05687	0,08590	0,13147	0,17287	0,19793	0,22002	0,26967	0,31744	0,31798	0,37799	0,44288	0,46702	0,46147	0,47644	0,39062	0,31264	0,16889	0,07715	0,04292	0,03907	0,04396	0,04925	0,05061	0,04401	0,03435	0,02725	0,02491	0,02288	0,02112	0,02121	0,02387	0,02640	0,02432	0,02250	0,02025	0,01910
0,01999	0,01970	0,02271	0,02698	0,02542	0,02602	0,02914	0,02708	0,02467	0,02220	0,02436	0,03276	0,04219	0,04687	0,04944	0,05600	0,08341	0,12343	0,16573	0,19602	0,22058	0,26165	0,31655	0,31881	0,34172	0,38220	0,38124	0,29732	0,28146	0,24681	0,16045	0,10428	0,06278	0,04837	0,05174	0,05072	0,05289	0,05162	0,04391	0,03310	0,02751	0,02435	0,02312	0,02277	0,02520	0,02793	0,03008	0,02843	0,02524	0,02155	0,01887
0,01945	0,01904	0,02222	0,02634	0,02623	0,02788	0,02841	0,02517	0,02338	0,02269	0,02463	0,03007	0,04017	0,05224	0,05504	0,05747	0,07813	0,10720	0,15207	0,18742	0,21400	0,22251	0,28688	0,30240	0,29000	0,31902	0,30872	0,21786	0,14508	0,12478	0,11069	0,09765	0,09029	0,08728	0,06923	0,06159	0,05680	0,05044	0,04183	0,03336	0,02898	0,02703	0,02582	0,02527	0,02925	0,03340	0,03552	0,03278	0,02762	0,02172	0,01884
0,01935	0,01885	0,02229	0,02493	0,02592	0,02791	0,02720	0,02444	0,02294	0,02439	0,02547	0,02678	0,03906	0,05520	0,05788	0,05984	0,07622	0,09578	0,12601	0,17412	0,19228	0,18411	0,22958	0,27428	0,25989	0,25672	0,26834	0,20614	0,12875	0,09539	0,09394	0,10553	0,11110	0,10415	0,08837	0,06749	0,05403	0,04563	0,03914	0,03346	0,03162	0,03016	0,02926	0,02921	0,03375	0,03729	0,03895	0,03438	0,02723	0,02119	0,01845
0,01946	0,01892	0,02183	0,02434	0,02582	0,02652	0,02665	0,02457	0,02373	0,02617	0,02563	0,02675	0,03749	0,05534	0,06328	0,06670	0,07352	0,08184	0,10272	0,15354	0,17289	0,15790	0,17437	0,22229	0,22472	0,20844	0,23139	0,20692	0,14229	0,09502	0,08291	0,09078	0,10411	0,10046	0,08736	0,06640	0,05164	0,04024	0,03546	0,03294	0,03294	0,03285	0,03155	0,03171	0,03484	0,03685	0,03658	0,03309	0,02510	0,02052	0,01873
0,01947	0,01899	0,02175	0,02442	0,02457	0,02518	0,02555	0,02520	0,02560	0,02733	0,02658	0,02624	0,03611	0,05524	0,06552	0,07376	0,07683	0,07550	0,08869	0,12893	0,15034	0,14088	0,13438	0,16893	0,18306	0,17579	0,19170	0,18702	0,14946	0,09592	0,07201	0,06924	0,06867	0,07120	0,07397	0,06330	0,05151	0,04128	0,03560	0,03264	0,03339	0,03244	0,03098	0,03140	0,03249	0,03303	0,03208	0,02823	0,02341	0,02094	0,01973
0,01938	0,01898	0,02039	0,02409	0,02487	0,02302	0,02460	0,02595	0,02801	0,02943	0,02637	0,02507	0,03527	0,05520	0,06941	0,08093	0,08231	0,07503	0,07731	0,10368	0,12317	0,12082	0,11743	0,12246	0,14941	0,14073	0,14963	0,14949	0,13466	0,09787	0,07059	0,05053	0,04664	0,04517	0,05208	0,05597	0,05030	0,04275	0,03702	0,03377	0,03339	0,03185	0,03085	0,03014	0,02931	0,02859	0,02518	0,02515	0,02349	0,02245	0,02063
0,01921	0,01908	0,01902	0,02255	0,02353	0,02243	0,02292	0,02748	0,03019	0,03075	0,02684	0,02511	0,03293	0,05140	0,06983	0,08312	0,08700	0,07944	0,07660	0,08300	0,09091	0,09549	0,10970	0,10634	0,11520	0,11875	0,11426	0,11663	0,10584	0,08861	0,07193	0,05423	0,03833	0,03047	0,03662	0,04402	0,04390	0,03972	0,03591	0,03458	0,03415	0,03218	0,03099	0,02844	0,02668	0,02375	0,02245	0,02411	0,02431	0,02261	0,02209
0,01902	0,01924	0,01856	0,02144	0,02356	0,02272	0,02275	0,02588	0,03010	0,03275	0,02870	0,02543	0,03179	0,04984	0,06480	0,08162	0,08625	0,08334	0,07827	0,07424	0,07010	0,07282	0,09848	0,10062	0,10257	0,10653	0,10286	0,09825	0,08925	0,07683	0,06817	0,06137	0,04691	0,03396	0,02857	0,03046	0,03396	0,03107	0,03048	0,03132	0,03300	0,03243	0,03002	0,02678	0,02395	0,02325	0,02472	0,02514	0,02662	0,02468	0,02499
0,01902	0,01936	0,01851	0,01939	0,02277	0,02350	0,02327	0,02397	0,02829	0,03272	0,03057	0,02874	0,03260	0,04726	0,05982	0,07191	0,07989	0,08053	0,07848	0,07072	0,05792	0,05481	0,07521	0,08957	0,09334	0,09615	0,09835	0,09571	0,08669	0,07110	0,06190	0,05866	0,05768	0,04883	0,04464	0,03735	0,03271	0,02996	0,02780	0,02886	0,03112	0,03115	0,02941	0,02730	0,02451	0,02595	0,02872	0,02897	0,02967	0,02655	0,02662
0,01887	0,01948	0,01811	0,01853	0,02122	0,02474	0,02446	0,02390	0,02644	0,03119	0,03189	0,03091	0,03391	0,04405	0,05109	0,05949	0,06831	0,07279	0,07342	0,06639	0,05350	0,04748	0,06229	0,07678	0,08189	0,08390	0,08882	0,09299	0,09385	0,07845	0,06493	0,05504	0,05545	0,06026	0,06245	0,05953	0,05266	0,04187	0,03321	0,03274	0,03157	0,03103	0,02954	0,02781	0,02786	0,02936	0,03312	0,03394	0,03099	0,02772	0,02638
0,01853	0,01873	0,01874	0,01799	0,02018	0,02381	0,02620	0,02410	0,02471	0,02880	0,03175	0,03425	0,03592	0,04233	0,04559	0,04805	0,05999	0,06249	0,06382	0,06090	0,05109	0,04686	0,05420	0,06768	0,06911	0,06743	0,07189	0,08784	0,09619	0,09061	0,07723	0,05966	0,05280	0,05633	0,06479	0,07363	0,07172	0,05928	0,04860	0,04255	0,03571	0,03380	0,03040	0,02829	0,02881	0,03080	0,03328	0,03391	0,02933	0,02494	0,02509
0,01884	0,01840	0,01830	0,01785	0,02006	0,02347	0,02564	0,02557	0,02537	0,02697	0,03141	0,03535	0,03762	0,04129	0,04312	0,04153	0,04636	0,05608	0,05721	0,05366	0,05034	0,04910	0,05445	0,06114	0,06216	0,05593	0,05844	0,07496	0,08674	0,09272	0,08315	0,07089	0,05716	0,05180	0,05282	0,06302	0,07130	0,06289	0,05570	0,04863	0,04136	0,03558	0,03069	0,02768	0,02605	0,02703	0,02821	0,02729	0,02366	0,02145	0,02321
0,01784	0,01874	0,01896	0,01915	0,02016	0,02356	0,02517	0,02516	0,02624	0,02798	0,03087	0,03560	0,03897	0,04101	0,03997	0,03686	0,03586	0,04342	0,04703	0,04565	0,04903	0,05405	0,05865	0,06381	0,05887	0,05098	0,05100	0,06638	0,07557	0,07859	0,06965	0,06772	0,06288	0,05648	0,04864	0,04594	0,05184	0,05114	0,04904	0,04707	0,04300	0,03651	0,03121	0,02621	0,02193	0,02087	0,02223	0,02213	0,01953	0,01922	0,02308
0,01800	0,01873	0,01811	0,01981	0,02092	0,02312	0,02407	0,02404	0,02582	0,02939	0,03169	0,03522	0,03816	0,04045	0,03905	0,03151	0,02861	0,03149	0,03843	0,03901	0,04397	0,05502	0,06763	0,07293	0,06131	0,05011	0,04977	0,06605	0,07656	0,06998	0,05595	0,05240	0,06103	0,06519	0,05715	0,04401	0,03552	0,03295	0,03466	0,03911	0,04131	0,03560	0,03035	0,02401	0,01947	0,01999	0,02208	0,02142	0,01867	0,01860	0,02249
0,01806	0,01856	0,01792	0,02000	0,02172	0,02366	0,02314	0,02212	0,02515	0,03027	0,03270	0,03446	0,03729	0,03894	0,03721	0,02867	0,02213	0,02434	0,02859	0,03156	0,03504	0,04715	0,07066	0,08019	0,07272	0,05624	0,05162	0,06629	0,08160	0,07912	0,06096	0,04341	0,04680	0,05666	0,06467	0,05797	0,04403	0,03322	0,03028	0,03263	0,03461	0,03361	0,02903	0,02320	0,02056	0,02262	0,02449	0,02343	0,01946	0,01872	0,02100
0,01794	0,01840	0,01902	0,01934	0,02177	0,02323	0,02182	0,02195	0,02482	0,03053	0,03384	0,03417	0,03441	0,03688	0,03578	0,02932	0,02127	0,02085	0,02561	0,02723	0,02977	0,03597	0,06343	0,08389	0,08929	0,06992	0,05808	0,05827	0,07185	0,08518	0,07902	0,05459	0,03955	0,03938	0,04916	0,05428	0,05089	0,04799	0,04191	0,04275	0,04006	0,03748	0,03265	0,02697	0,02509	0,02521	0,02675	0,02510	0,02104	0,02005	0,02262
0,01870	0,01823	0,01945	0,01973	0,02150	0,02305	0,02225	0,02161	0,02426	0,03070	0,03239	0,03191	0,03328	0,03290	0,03497	0,03155	0,02488	0,02065	0,02287	0,02589	0,02526	0,02518	0,05040	0,08042	0,09753	0,08655	0,07302	0,05681	0,06029	0,07097	0,07469	0,06808	0,05369	0,04118	0,03118	0,03247	0,03954	0,04713	0,05590	0,06285	0,05893	0,05270	0,04387	0,03428	0,02677	0,02283	0,02370	0,02285	0,02031	0,02094	0,02310
0,01881	0,01860	0,01857	0,02021	0,02153	0,02245	0,02234	0,02343	0,02619	0,03123	0,03264	0,02973	0,03088	0,03210	0,03259	0,03325	0,03062	0,02231	0,02025	0,02430	0,02666	0,02147	0,03074	0,06604	0,09905	0,09477	0,07936	0,06289	0,05279	0,05102	0,05163	0,06194	0,06037	0,05405	0,04335	0,02860	0,02388	0,02900	0,04774	0,05872	0,07087	0,06851	0,05740	0,04167	0,02824	0,02144	0,01988	0,02015	0,02041	0,02165	0,02324
0,01858	0,01915	0,01888	0,01975	0,02188	0,02221	0,02249	0,02466	0,02848	0,03102	0,03230	0,02859	0,02831	0,03112	0,03120	0,03071	0,03039	0,02897	0,02391	0,02577	0,03309	0,03005	0,01890	0,04580	0,09242	0,09478	0,07518	0,05660	0,04644	0,04468	0,04279	0,04291	0,04526	0,04875	0,04863	0,03991	0,02856	0,02538	0,02902	0,04110	0,05425	0,05666	0,05055	0,03926	0,02629	0,02063	0,01957	0,02081	0,02093	0,02104	0,02094
0,01872	0,01924	0,01832	0,01913	0,02142	0,02246	0,02241	0,02636	0,03067	0,03299	0,03265	0,02992	0,02692	0,02885	0,03089	0,02895	0,02885	0,03108	0,02979	0,02923	0,03819	0,04205	0,02279	0,02449	0,07220	0,08883	0,06900	0,04264	0,03088	0,03619	0,03689	0,03778	0,03923	0,04201	0,04185	0,03764	0,02797	0,02340	0,02360	0,02602	0,03682	0,03997	0,03478	0,03004	0,02367	0,02214	0,02329	0,02505	0,02376	0,02130	0,02038
0,01835	0,01920	0,01884	0,01856	0,02039	0,02165	0,02333	0,02557	0,02993	0,03264	0,03206	0,02926	0,02663	0,02771	0,03109	0,02972	0,02768	0,03082	0,03337	0,03371	0,03812	0,04555	0,03491	0,01865	0,03895	0,06998	0,07180	0,04809	0,02806	0,02327	0,02490	0,03353	0,03881	0,04197	0,04117	0,03551	0,02777	0,02354	0,02365	0,02473	0,02618	0,02451	0,02512	0,02374	0,02210	0,02385	0,02656	0,02738	0,02464	0,02115	0,01953
0,01871	0,01836	0,01826	0,01898	0,01974	0,02185	0,02350	0,02493	0,02773	0,03015	0,02962	0,02866	0,02767	0,02820	0,03068	0,03194	0,03030	0,03061	0,03533	0,03583	0,03542	0,03802	0,04306	0,03296	0,01823	0,03851	0,06400	0,06222	0,04444	0,02441	0,01920	0,02539	0,03724	0,04535	0,04566	0,03782	0,02801	0,02269	0,02205	0,02157	0,02263	0,02290	0,02340	0,02420	0,02696	0,02949	0,02837	0,02672	0,02274	0,02045	0,02056
0,01813	0,01805	0,01865	0,01811	0,01970	0,02203	0,02467	0,02553	0,02639	0,02719	0,02533	0,02373	0,02862	0,03013	0,03145	0,03334	0,03494	0,03381	0,03680	0,04018	0,03518	0,02932	0,03719	0,04341	0,02602	0,01844	0,03862	0,05403	0,05271	0,03967	0,02617	0,01936	0,02563	0,03934	0,04740	0,04542	0,03594	0,02659	0,02176	0,01852	0,02025	0,02186	0,02765	0,03100	0,03861	0,03896	0,03239	0,02831	0,02310	0,02159	0,02417
