12,50000	13,00000	13,50000	14,00000	14,50000	15,00000	15,50000	16,00000	16,50000	17,00000	17,50000	18,00000	18,50000	19,00000	19,50000	20,00000	20,50000	21,00000	21,50000	22,00000	22,50000	23,00000	23,50000	24,00000	24,50000	25,00000	25,50000	26,00000	26,50000	27,00000	27,50000	28,00000	28,50000	29,00000	29,50000	30,00000	30,50000	31,00000	31,50000	32,00000	32,50000	33,00000	33,50000	34,00000	34,50000	35,00000	35,50000	36,00000	36,50000	37,00000	37,50000
12,50000	13,00000	13,50000	14,00000	14,50000	15,00000	15,50000	16,00000	16,50000	17,00000	17,50000	18,00000	18,50000	19,00000	19,50000	20,00000	20,50000	21,00000	21,50000	22,00000	22,50000	23,00000	23,50000	24,00000	24,50000	25,00000	25,50000	26,00000	26,50000	27,00000	27,50000	28,00000	28,50000	29,00000	29,50000	30,00000	30,50000	31,00000	31,50000	32,00000	32,50000	33,00000	33,50000	34,00000	34,50000	35,00000	35,50000	36,00000	36,50000	37,00000	37,50000
0,01942	0,01897	0,01903	0,01973	0,02180	0,02162	0,02026	0,01865	0,01869	0,01753	0,01876	0,01854	0,01816	0,01842	0,01852	0,01802	0,01726	0,01816	0,01928	0,02041	0,01946	0,01897	0,01740	0,01949	0,02259	0,02375	0,01946	0,01846	0,02021	0,02457	0,02469	0,02002	0,01812	0,01976	0,02346	0,02404	0,02294	0,01977	0,01826	0,01725	0,01896	0,01938	0,01909	0,01759	0,01815	0,01805	0,01880	0,01882	0,01817	0,01723	0,01818
0,01975	0,01880	0,01935	0,02080	0,02236	0,02028	0,01788	0,01843	0,01838	0,01808	0,01864	0,01877	0,01849	0,01778	0,01815	0,01786	0,01835	0,01918	0,01867	0,01940	0,02005	0,01818	0,01775	0,02054	0,02325	0,02115	0,01799	0,02063	0,02702	0,02802	0,02341	0,01816	0,01951	0,02309	0,02494	0,02467	0,02167	0,01938	0,01801	0,01715	0,01740	0,01833	0,01779	0,01724	0,01840	0,01837	0,01872	0,01857	0,01788	0,01738	0,01862
0,01893	0,01983	0,02037	0,02151	0,02119	0,01918	0,01799	0,01827	0,01864	0,01887	0,01985	0,01922	0,01847	0,01784	0,01795	0,01764	0,01884	0,01923	0,01933	0,01914	0,01995	0,01941	0,01824	0,02320	0,02332	0,01857	0,02115	0,02859	0,03080	0,02684	0,02050	0,01972	0,02234	0,02488	0,02554	0,02390	0,02122	0,01865	0,01800	0,01803	0,01809	0,01778	0,01728	0,01734	0,01874	0,01892	0,01869	0,01825	0,01737	0,01855	0,02012
0,02028	0,02021	0,02078	0,02221	0,02102	0,01783	0,01791	0,01836	0,01895	0,01998	0,01939	0,01888	0,01808	0,01752	0,01865	0,01971	0,02184	0,02062	0,01853	0,01884	0,02111	0,02078	0,02219	0,02436	0,02110	0,02046	0,02584	0,03119	0,02878	0,02232	0,02045	0,02274	0,02569	0,02574	0,02416	0,02222	0,02025	0,01811	0,01792	0,01790	0,01823	0,01803	0,01727	0,01822	0,01922	0,01968	0,01939	0,01781	0,01820	0,01933	0,02133
0,02011	0,02025	0,02011	0,02130	0,01921	0,01807	0,01861	0,01814	0,01898	0,02001	0,02012	0,01869	0,01864	0,01887	0,01945	0,02155	0,02499	0,02164	0,01852	0,02064	0,02471	0,02460	0,02432	0,02349	0,02156	0,02416	0,02927	0,02701	0,02276	0,02266	0,02488	0,02646	0,02567	0,02431	0,02212	0,02096	0,01892	0,01863	0,01731	0,01767	0,01724	0,01784	0,01783	0,01793	0,01894	0,01970	0,01968	0,01936	0,01802	0,01874	0,02047
0,02014	0,02024	0,01967	0,02057	0,01881	0,01745	0,01792	0,01869	0,01919	0,01927	0,01964	0,01931	0,01826	0,01903	0,02135	0,02598	0,02716	0,02240	0,01926	0,02406	0,02869	0,02624	0,02385	0,02431	0,02520	0,02702	0,02597	0,02303	0,02242	0,02434	0,02516	0,02454	0,02288	0,02159	0,02236	0,02204	0,02128	0,01969	0,01876	0,01794	0,01711	0,01782	0,01699	0,01753	0,01757	0,01887	0,02045	0,02028	0,01852	0,01866	0,01948
0,02050	0,01942	0,01886	0,02001	0,01878	0,01830	0,01832	0,01879	0,01949	0,01891	0,01959	0,01946	0,01986	0,02019	0,02328	0,02794	0,02854	0,02282	0,02048	0,02699	0,03135	0,02502	0,02385	0,02669	0,02804	0,02703	0,02472	0,02239	0,02414	0,02513	0,02451	0,02333	0,02245	0,02366	0,02479	0,02502	0,02385	0,02126	0,01878	0,01802	0,01772	0,01772	0,01785	0,01705	0,01698	0,01800	0,01974	0,01935	0,01865	0,01836	0,01781
0,02014	0,01889	0,01851	0,01971	0,01947	0,01823	0,01795	0,01894	0,01917	0,01883	0,02078	0,02123	0,02103	0,02042	0,02425	0,03033	0,02970	0,02174	0,02144	0,03150	0,03089	0,02266	0,02392	0,02945	0,03080	0,02924	0,02585	0,02391	0,02424	0,02430	0,02393	0,02582	0,02507	0,02514	0,02599	0,02587	0,02402	0,02132	0,01882	0,01866	0,01813	0,01748	0,01812	0,01812	0,01804	0,01719	0,01824	0,01772	0,01842	0,01815	0,01839
0,02009	0,01919	0,01771	0,01988	0,01935	0,01856	0,01807	0,01888	0,01936	0,02002	0,02254	0,02301	0,02147	0,02022	0,02616	0,03165	0,02882	0,02151	0,02456	0,03277	0,02830	0,02036	0,02485	0,03301	0,03658	0,03398	0,02853	0,02507	0,02454	0,02640	0,03035	0,03350	0,02987	0,02671	0,02425	0,02340	0,02164	0,01975	0,01901	0,01861	0,01810	0,01809	0,01819	0,01751	0,01824	0,01735	0,01753	0,01794	0,01771	0,01815	0,01815
0,01968	0,01900	0,01820	0,01917	0,01924	0,01821	0,01840	0,01860	0,01916	0,02213	0,02495	0,02447	0,02248	0,02123	0,02838	0,03280	0,02981	0,02256	0,02683	0,03262	0,02467	0,02071	0,02998	0,04102	0,04445	0,03769	0,02916	0,02633	0,03096	0,03778	0,04491	0,03985	0,03167	0,02536	0,02257	0,02108	0,01953	0,01848	0,01875	0,01787	0,01776	0,01823	0,01796	0,01809	0,01737	0,01817	0,01729	0,01793	0,01805	0,01785	0,01917
0,01993	0,01901	0,01804	0,01889	0,01965	0,01865	0,01800	0,01843	0,01951	0,02378	0,02672	0,02526	0,02256	0,02200	0,03052	0,03589	0,03024	0,02304	0,02711	0,03061	0,02107	0,02287	0,03704	0,05262	0,05140	0,03754	0,03309	0,03711	0,05567	0,05969	0,05704	0,04533	0,03339	0,02534	0,02347	0,02145	0,02042	0,01951	0,01833	0,01852	0,01797	0,01848	0,01861	0,01800	0,01793	0,01763	0,01785	0,01777	0,01729	0,01778	0,01888
0,02033	0,01995	0,01773	0,01868	0,01921	0,01777	0,01751	0,01787	0,01984	0,02531	0,02699	0,02430	0,02295	0,02389	0,03331	0,03721	0,02990	0,02338	0,02738	0,02887	0,02060	0,02930	0,05037	0,06001	0,04948	0,03806	0,05433	0,07562	0,08454	0,08158	0,06587	0,04724	0,03656	0,03248	0,02970	0,02621	0,02366	0,02137	0,01977	0,01869	0,01840	0,01827	0,01876	0,01939	0,01915	0,01860	0,01810	0,01714	0,01792	0,01830	0,01862
0,02054	0,02044	0,01828	0,01890	0,01853	0,01789	0,01839	0,01822	0,02008	0,02544	0,02531	0,02450	0,02263	0,02503	0,03432	0,03686	0,02733	0,02369	0,02826	0,02554	0,02179	0,03961	0,06462	0,06227	0,04600	0,05637	0,10705	0,12534	0,11693	0,09866	0,07651	0,06410	0,05493	0,04294	0,03777	0,02916	0,02504	0,02153	0,02089	0,01862	0,01813	0,01782	0,01873	0,01929	0,01972	0,01927	0,01882	0,01806	0,01767	0,01764	0,01808
0,02000	0,02043	0,01752	0,01873	0,01811	0,01720	0,01892	0,01886	0,02064	0,02595	0,02543	0,02470	0,02472	0,02777	0,03302	0,03291	0,02497	0,02470	0,02993	0,02401	0,02871	0,05717	0,07266	0,05807	0,05474	0,10111	0,18935	0,17821	0,14578	0,12352	0,11994	0,10801	0,08839	0,06298	0,05005	0,03694	0,02914	0,02486	0,02250	0,02047	0,01954	0,01768	0,01832	0,01814	0,01945	0,01983	0,01931	0,01840	0,01751	0,01816	0,01803
0,01988	0,02043	0,01838	0,01870	0,01779	0,01843	0,01912	0,01875	0,02126	0,02476	0,02473	0,02538	0,02762	0,02846	0,03066	0,02909	0,02345	0,02856	0,03167	0,02426	0,04024	0,07545	0,07495	0,05236	0,08579	0,16421	0,24396	0,21865	0,18149	0,17194	0,19056	0,15901	0,13008	0,08528	0,06503	0,04526	0,03532	0,02927	0,02501	0,02333	0,02035	0,01903	0,01815	0,01732	0,01861	0,01900	0,01887	0,01857	0,01824	0,01801	0,01810
0,02032	0,02003	0,01781	0,01872	0,01820	0,01830	0,01859	0,01856	0,02185	0,02586	0,02541	0,02709	0,02928	0,02993	0,02938	0,02616	0,02640	0,03283	0,03289	0,02777	0,05125	0,08584	0,06712	0,05678	0,13221	0,23637	0,27540	0,23059	0,23420	0,25869	0,25861	0,23498	0,16750	0,12223	0,09318	0,06776	0,04695	0,03406	0,02939	0,02613	0,02378	0,02060	0,01793	0,01784	0,01723	0,01835	0,01856	0,01796	0,01859	0,01805	0,01758
0,01978	0,02001	0,01795	0,01844	0,01856	0,01847	0,01845	0,01874	0,02228	0,02604	0,02580	0,02752	0,03124	0,03065	0,02859	0,02722	0,03222	0,03852	0,03160	0,03460	0,06737	0,08609	0,05768	0,08192	0,19232	0,26437	0,27041	0,25214	0,29869	0,34786	0,33969	0,29102	0,22959	0,16209	0,12657	0,08132	0,05628	0,04026	0,03288	0,02808	0,02590	0,02185	0,01907	0,01800	0,01735	0,01800	0,01727	0,01783	0,01858	0,01850	0,01819
0,02053	0,02085	0,01828	0,01894	0,01865	0,01865	0,01930	0,01932	0,02300	0,02670	0,02637	0,02769	0,03040	0,03012	0,02690	0,02814	0,03659	0,04028	0,03100	0,04202	0,07700	0,07766	0,05613	0,11381	0,22003	0,25814	0,25016	0,28356	0,35720	0,43628	0,44115	0,38152	0,28317	0,21651	0,15167	0,10579	0,06899	0,04641	0,03563	0,03059	0,02632	0,02324	0,02018	0,01757	0,01816	0,01798	0,01811	0,01731	0,01854	0,01818	0,01859
0,02138	0,02066	0,01869	0,01828	0,01888	0,01995	0,01985	0,02028	0,02327	0,02803	0,02693	0,02724	0,03089	0,03086	0,02757	0,02944	0,03894	0,03937	0,03149	0,05373	0,07947	0,06783	0,06773	0,15041	0,21680	0,22995	0,24296	0,32179	0,43117	0,52185	0,52329	0,44449	0,35463	0,26346	0,18867	0,12146	0,08204	0,05198	0,03878	0,03217	0,02696	0,02343	0,02033	0,01837	0,01750	0,01795	0,01753	0,01812	0,01791	0,01834	0,01899
0,02180	0,02076	0,01899	0,01917	0,01880	0,02058	0,02229	0,02065	0,02367	0,02909	0,02746	0,02684	0,03121	0,03300	0,02892	0,03053	0,03789	0,03624	0,03470	0,06002	0,07367	0,06153	0,08639	0,16622	0,20134	0,20418	0,24947	0,34951	0,44115	0,53643	0,55363	0,49651	0,39777	0,28202	0,20321	0,12920	0,08551	0,05647	0,04051	0,03352	0,02745	0,02371	0,01967	0,01829	0,01842	0,01856	0,01798	0,01804	0,01759	0,01782	0,01878
0,02135	0,02082	0,01954	0,01891	0,01939	0,02266	0,02381	0,02132	0,02398	0,02969	0,02812	0,02667	0,03183	0,03403	0,02878	0,02943	0,03618	0,03550	0,04115	0,06293	0,06508	0,05848	0,09571	0,16111	0,17674	0,18335	0,23046	0,31044	0,38667	0,47272	0,50779	0,49096	0,39588	0,29446	0,20615	0,13552	0,08756	0,05676	0,04106	0,03407	0,02847	0,02449	0,01950	0,01813	0,01749	0,01796	0,01862	0,01833	0,01751	0,01831	0,01946
0,02096	0,02089	0,02106	0,01972	0,02008	0,02463	0,02493	0,02194	0,02392	0,02925	0,02914	0,02767	0,03263	0,03348	0,02979	0,03020	0,03493	0,03857	0,05057	0,06284	0,05577	0,05745	0,09570	0,13372	0,14455	0,14791	0,15228	0,19632	0,24110	0,34372	0,43728	0,41751	0,36598	0,28324	0,20121	0,12895	0,08216	0,05394	0,03947	0,03278	0,02956	0,02447	0,02023	0,01836	0,01777	0,01899	0,01910	0,01820	0,01806	0,01827	0,01921
0,02046	0,02125	0,02112	0,01935	0,02100	0,02461	0,02497	0,02269	0,02405	0,02774	0,02991	0,02960	0,03253	0,03277	0,03131	0,03267	0,03922	0,04564	0,06014	0,06662	0,05347	0,05970	0,09000	0,11764	0,12423	0,11035	0,08770	0,08295	0,12462	0,23741	0,30275	0,35262	0,30702	0,25658	0,18860	0,12396	0,07745	0,04840	0,03629	0,03129	0,02802	0,02483	0,02071	0,01876	0,01852	0,01892	0,01937	0,01888	0,01823	0,01812	0,01927
0,02062	0,02159	0,02098	0,01897	0,02058	0,02465	0,02518	0,02457	0,02424	0,02658	0,03166	0,03386	0,03344	0,03152	0,03291	0,03861	0,04736	0,05871	0,07284	0,07686	0,06822	0,07403	0,09430	0,11572	0,12423	0,11455	0,09341	0,08730	0,10863	0,17348	0,23868	0,26822	0,26397	0,21736	0,17061	0,11516	0,07500	0,04727	0,03465	0,02971	0,02831	0,02541	0,02214	0,01964	0,01844	0,01886	0,01944	0,01894	0,01836	0,01846	0,01926
0,02033	0,02164	0,02101	0,01963	0,02027	0,02356	0,02565	0,02614	0,02479	0,02529	0,03194	0,03800	0,03473	0,03106	0,03454	0,04578	0,05824	0,07611	0,09415	0,10099	0,09859	0,10295	0,11129	0,14009	0,16002	0,16186	0,18514	0,19003	0,19010	0,19498	0,22830	0,22901	0,20657	0,18200	0,14368	0,10635	0,07388	0,04898	0,03543	0,03147	0,02890	0,02607	0,02305	0,01972	0,01894	0,01914	0,01977	0,01899	0,01801	0,01822	0,01891
0,02022	0,02178	0,02103	0,01919	0,01967	0,02251	0,02527	0,02707	0,02523	0,02439	0,03232	0,03936	0,03757	0,03205	0,03656	0,05200	0,07233	0,09734	0,11770	0,12921	0,13442	0,15552	0,16474	0,18942	0,20431	0,23405	0,26188	0,27805	0,29311	0,26191	0,24216	0,21345	0,17358	0,14847	0,11574	0,09312	0,06674	0,04860	0,03813	0,03311	0,02909	0,02572	0,02231	0,02007	0,01883	0,01945	0,02065	0,02000	0,01829	0,01803	0,01854
0,02042	0,02038	0,02052	0,02114	0,02025	0,02268	0,02518	0,02696	0,02525	0,02298	0,02941	0,03971	0,03862	0,03431	0,03756	0,05768	0,08468	0,11224	0,13908	0,16128	0,17319	0,19127	0,21941	0,23425	0,25442	0,28023	0,30012	0,32647	0,33811	0,31245	0,25426	0,19654	0,14564	0,11716	0,09566	0,07726	0,06074	0,04780	0,04011	0,03501	0,02817	0,02469	0,02080	0,01907	0,01895	0,02037	0,02107	0,02044	0,01962	0,01802	0,01810
0,02030	0,01995	0,02095	0,02192	0,02086	0,02179	0,02540	0,02636	0,02445	0,02246	0,02773	0,03699	0,04112	0,03936	0,03991	0,05718	0,08930	0,12535	0,15773	0,18456	0,20049	0,23868	0,26374	0,28043	0,28007	0,29950	0,28866	0,28291	0,30341	0,29819	0,23826	0,17305	0,12095	0,09451	0,08138	0,06867	0,05849	0,04902	0,04245	0,03422	0,02738	0,02193	0,02013	0,01852	0,01955	0,02149	0,02209	0,02212	0,02110	0,01897	0,01888
0,01918	0,01882	0,02015	0,02315	0,02240	0,02304	0,02537	0,02437	0,02362	0,02322	0,02526	0,03354	0,04175	0,04452	0,04337	0,05562	0,08876	0,12691	0,16081	0,19358	0,21535	0,25349	0,29551	0,29627	0,28285	0,29301	0,27096	0,21940	0,23111	0,23508	0,20571	0,14308	0,10333	0,08296	0,07198	0,06559	0,05895	0,05195	0,04445	0,03632	0,02768	0,02252	0,01950	0,01901	0,02040	0,02244	0,02375	0,02399	0,02236	0,02027	0,01908
0,01968	0,01942	0,02048	0,02305	0,02297	0,02330	0,02528	0,02330	0,02250	0,02394	0,02526	0,02980	0,04073	0,04801	0,04915	0,05523	0,07871	0,11703	0,14849	0,19254	0,21530	0,24392	0,28832	0,29415	0,27980	0,28566	0,26645	0,19503	0,16045	0,15647	0,16774	0,13134	0,09789	0,07577	0,06590	0,06199	0,05900	0,05564	0,04876	0,03919	0,02861	0,02303	0,02066	0,01915	0,02052	0,02404	0,02541	0,02707	0,02488	0,02225	0,02021
0,01959	0,01896	0,02114	0,02326	0,02271	0,02415	0,02509	0,02351	0,02353	0,02507	0,02469	0,02851	0,03835	0,04940	0,05486	0,05757	0,07290	0,10174	0,12896	0,17857	0,20088	0,21778	0,25252	0,27279	0,25065	0,25085	0,25809	0,20574	0,13858	0,12217	0,13009	0,12316	0,10232	0,07752	0,06070	0,05153	0,05326	0,05178	0,04760	0,03758	0,02963	0,02410	0,02104	0,02146	0,02335	0,02502	0,02927	0,02920	0,02657	0,02316	0,02001
0,01947	0,01935	0,02109	0,02265	0,02336	0,02436	0,02388	0,02358	0,02412	0,02569	0,02594	0,02782	0,03730	0,04904	0,05904	0,06280	0,06750	0,08111	0,10024	0,15070	0,17516	0,17540	0,19397	0,22113	0,22030	0,21382	0,23216	0,20928	0,14628	0,09561	0,09561	0,10297	0,10001	0,07807	0,05595	0,04281	0,04079	0,04386	0,04058	0,03362	0,02786	0,02428	0,02251	0,02323	0,02524	0,02863	0,03048	0,02997	0,02620	0,02295	0,02015
0,01903	0,01883	0,02054	0,02279	0,02315	0,02360	0,02382	0,02323	0,02529	0,02663	0,02560	0,02593	0,03371	0,04741	0,05997	0,06756	0,06877	0,06889	0,07912	0,12243	0,14509	0,14906	0,15494	0,16325	0,17446	0,16212	0,16365	0,17416	0,13877	0,08740	0,07238	0,07228	0,08448	0,06973	0,05073	0,03763	0,03325	0,03400	0,03231	0,02900	0,02719	0,02545	0,02458	0,02575	0,02700	0,02888	0,02937	0,02777	0,02498	0,02187	0,02012
0,01893	0,01934	0,02028	0,02270	0,02264	0,02205	0,02332	0,02466	0,02674	0,02690	0,02477	0,02556	0,03256	0,04467	0,05656	0,06914	0,06998	0,06598	0,06660	0,08990	0,11008	0,11947	0,11004	0,12024	0,12963	0,12151	0,10719	0,12479	0,11571	0,07844	0,05283	0,04910	0,05542	0,05332	0,04425	0,03548	0,03087	0,02908	0,02808	0,02759	0,02595	0,02533	0,02605	0,02629	0,02661	0,02670	0,02680	0,02529	0,02330	0,02150	0,02021
0,01959	0,01879	0,02044	0,02193	0,02308	0,02244	0,02237	0,02487	0,02776	0,02799	0,02462	0,02463	0,03119	0,04158	0,05410	0,06583	0,07065	0,06696	0,06326	0,06912	0,08073	0,08869	0,09071	0,08630	0,10186	0,09399	0,08168	0,08217	0,08876	0,07000	0,04824	0,03814	0,03592	0,03871	0,03765	0,03429	0,03123	0,02814	0,02688	0,02657	0,02620	0,02641	0,02632	0,02659	0,02512	0,02406	0,02276	0,02244	0,02144	0,02046	0,02064
0,01943	0,01958	0,01896	0,02154	0,02234	0,02220	0,02225	0,02542	0,02979	0,02838	0,02373	0,02301	0,02968	0,03803	0,04795	0,06076	0,06877	0,06705	0,06353	0,06041	0,06020	0,07006	0,07711	0,07138	0,08041	0,07797	0,06892	0,06009	0,05923	0,05881	0,04807	0,03766	0,03098	0,02947	0,02901	0,03012	0,03042	0,02844	0,02649	0,02529	0,02615	0,02609	0,02646	0,02569	0,02429	0,02190	0,02087	0,02107	0,02099	0,02101	0,02190
0,01978	0,01914	0,01934	0,01947	0,02266	0,02303	0,02193	0,02467	0,02930	0,02893	0,02393	0,02279	0,02688	0,03613	0,04200	0,05161	0,06124	0,06444	0,06224	0,05664	0,04834	0,05152	0,06029	0,06072	0,06000	0,06596	0,06398	0,05571	0,04959	0,04754	0,04563	0,04191	0,03600	0,02891	0,02614	0,02600	0,02750	0,02635	0,02501	0,02562	0,02640	0,02692	0,02610	0,02544	0,02377	0,02141	0,02072	0,02172	0,02190	0,02180	0,02271
0,01991	0,01926	0,01897	0,01920	0,02173	0,02355	0,02253	0,02318	0,02761	0,02962	0,02568	0,02407	0,02698	0,03306	0,03765	0,04493	0,05507	0,05711	0,05577	0,05447	0,04360	0,04061	0,05003	0,05077	0,04985	0,04693	0,05496	0,05584	0,04939	0,04203	0,04021	0,04253	0,04158	0,03701	0,03122	0,03121	0,02588	0,02405	0,02339	0,02444	0,02569	0,02705	0,02702	0,02496	0,02399	0,02337	0,02303	0,02371	0,02402	0,02341	0,02248
0,01955	0,01970	0,01885	0,01843	0,02017	0,02364	0,02394	0,02285	0,02504	0,02827	0,02596	0,02487	0,02748	0,03218	0,03392	0,03835	0,04635	0,05213	0,05149	0,04807	0,04180	0,03747	0,04327	0,04579	0,04041	0,03712	0,04136	0,05298	0,05358	0,04615	0,03945	0,03849	0,04221	0,04553	0,04582	0,04133	0,03421	0,02706	0,02519	0,02411	0,02417	0,02451	0,02511	0,02478	0,02387	0,02433	0,02570	0,02549	0,02336	0,02187	0,02072
0,01854	0,01963	0,01837	0,01816	0,02031	0,02265	0,02346	0,02339	0,02359	0,02602	0,02697	0,02574	0,02783	0,02962	0,03193	0,03418	0,04146	0,04841	0,04535	0,04453	0,04009	0,03694	0,04149	0,04377	0,03867	0,03095	0,03312	0,04398	0,05220	0,05111	0,04429	0,03903	0,03935	0,04389	0,05039	0,05189	0,04656	0,03762	0,03327	0,02731	0,02461	0,02313	0,02225	0,02180	0,02329	0,02332	0,02456	0,02432	0,02100	0,01926	0,01891
0,01831	0,01921	0,01898	0,01851	0,01989	0,02248	0,02373	0,02339	0,02370	0,02456	0,02695	0,02688	0,02800	0,02981	0,03086	0,03104	0,03516	0,04142	0,04241	0,04149	0,03890	0,03822	0,04219	0,04497	0,03865	0,03065	0,02999	0,03694	0,04552	0,04613	0,04484	0,04115	0,03897	0,03872	0,04178	0,04587	0,04838	0,04389	0,03746	0,03215	0,02735	0,02384	0,02132	0,02079	0,02022	0,02115	0,02195	0,02145	0,01965	0,01897	0,01938
0,01785	0,01921	0,01845	0,01814	0,02034	0,02181	0,02312	0,02294	0,02323	0,02556	0,02622	0,02771	0,02774	0,02952	0,02958	0,02911	0,03110	0,03543	0,03709	0,03615	0,03707	0,04080	0,04420	0,04693	0,04113	0,03186	0,03059	0,03935	0,04311	0,04068	0,03661	0,03827	0,03969	0,03874	0,03642	0,03563	0,03691	0,03751	0,03584	0,03285	0,02889	0,02532	0,02189	0,01990	0,01800	0,01876	0,02057	0,02059	0,01939	0,01893	0,01860
0,01823	0,01881	0,01841	0,01835	0,02085	0,02231	0,02251	0,02250	0,02347	0,02672	0,02756	0,02894	0,02929	0,02980	0,02919	0,02699	0,02469	0,02725	0,02919	0,03082	0,03330	0,03925	0,04674	0,05130	0,04776	0,03558	0,03206	0,04018	0,04692	0,04341	0,03447	0,03204	0,03735	0,04311	0,04153	0,03578	0,03003	0,02888	0,02887	0,02937	0,02910	0,02618	0,02313	0,01967	0,01803	0,01994	0,02115	0,02162	0,01959	0,01848	0,01911
0,01826	0,01874	0,01834	0,01846	0,02080	0,02216	0,02192	0,02103	0,02279	0,02665	0,02875	0,02954	0,03031	0,03072	0,02973	0,02715	0,02245	0,02166	0,02442	0,02686	0,02754	0,03486	0,04641	0,05264	0,05144	0,04557	0,03687	0,03873	0,04836	0,05103	0,04248	0,03230	0,03169	0,03905	0,04352	0,04151	0,03414	0,02859	0,02795	0,02914	0,02831	0,02612	0,02397	0,02057	0,02050	0,02156	0,02268	0,02139	0,01904	0,01864	0,01920
0,01778	0,01811	0,01840	0,01936	0,02050	0,02138	0,02089	0,02054	0,02257	0,02653	0,02968	0,02919	0,03083	0,03114	0,03149	0,02820	0,02249	0,02051	0,02227	0,02480	0,02357	0,02767	0,03917	0,05058	0,05685	0,05371	0,04795	0,03931	0,04216	0,04874	0,05045	0,04390	0,03302	0,02848	0,02922	0,03232	0,03785	0,03616	0,03616	0,03796	0,03639	0,03318	0,02901	0,02355	0,02094	0,02076	0,02041	0,01961	0,01919	0,01864	0,02073
0,01777	0,01841	0,01846	0,01966	0,02089	0,02212	0,02109	0,02069	0,02244	0,02705	0,02907	0,02835	0,03002	0,03115	0,03148	0,03133	0,02682	0,02183	0,02113	0,02296	0,02271	0,02203	0,02948	0,04489	0,05731	0,05802	0,05264	0,04396	0,03730	0,03631	0,04536	0,04595	0,04291	0,03221	0,02666	0,02155	0,02734	0,03364	0,03990	0,04588	0,04765	0,04175	0,03476	0,02687	0,02216	0,01925	0,01863	0,01826	0,01870	0,02003	0,02043
0,01833	0,01819	0,01951	0,02039	0,02062	0,02128	0,02121	0,02207	0,02323	0,02681	0,02895	0,02807	0,02874	0,03136	0,03153	0,02995	0,02927	0,02509	0,02140	0,02235	0,02439	0,01987	0,02055	0,03604	0,05390	0,05635	0,04929	0,04114	0,03656	0,03289	0,03400	0,03900	0,04208	0,04117	0,03563	0,02570	0,02022	0,02266	0,02964	0,04001	0,04345	0,04209	0,03718	0,02871	0,02350	0,01897	0,01877	0,01927	0,01933	0,01987	0,02014
0,01835	0,01811	0,01918	0,01958	0,02142	0,02141	0,02156	0,02384	0,02538	0,02669	0,02852	0,02790	0,02681	0,02933	0,03119	0,02834	0,02801	0,02704	0,02514	0,02311	0,02718	0,02582	0,01902	0,02263	0,04176	0,05344	0,04611	0,03287	0,02926	0,02841	0,02933	0,02933	0,03267	0,03698	0,03693	0,03120	0,02267	0,02064	0,02412	0,02936	0,03383	0,03410	0,03034	0,02682	0,02198	0,02053	0,02060	0,02065	0,02013	0,01869	0,01949
0,01889	0,01874	0,01841	0,01963	0,02048	0,02163	0,02198	0,02430	0,02745	0,02906	0,02860	0,02836	0,02627	0,02759	0,03114	0,02850	0,02575	0,02622	0,02695	0,02606	0,02751	0,02986	0,02498	0,01796	0,02568	0,04643	0,04633	0,03504	0,02414	0,02144	0,02378	0,02589	0,02884	0,03095	0,03108	0,02858	0,02356	0,02013	0,02069	0,02316	0,02522	0,02503	0,02405	0,02188	0,02130	0,02151	0,02305	0,02245	0,02040	0,01925	0,01903
0,01903	0,01923	0,01855	0,01875	0,02033	0,02119	0,02284	0,02367	0,02758	0,02941	0,02925	0,02710	0,02675	0,02694	0,02917	0,02974	0,02557	0,02572	0,02817	0,02830	0,02665	0,03038	0,03050	0,02242	0,01757	0,03050	0,03611	0,04192	0,03110	0,02104	0,01969	0,02407	0,02762	0,03073	0,03114	0,02798	0,02303	0,02136	0,02198	0,02245	0,02099	0,02001	0,01976	0,01987	0,02162	0,02343	0,02430	0,02271	0,01994	0,01845	0,01844
0,01854	0,01896	0,01867	0,01839	0,01948	0,02168	0,02322	0,02437	0,02585	0,02853	0,02751	0,02656	0,02755	0,02883	0,02920	0,03054	0,02821	0,02627	0,02889	0,03085	0,02649	0,02535	0,02989	0,03207	0,02198	0,01750	0,02487	0,03413	0,03863	0,03114	0,02123	0,01903	0,02479	0,03053	0,03349	0,02962	0,02417	0,02153	0,02118	0,02066	0,01997	0,02002	0,02138	0,02321	0,02579	0,02776	0,02699	0,02392	0,02110	0,01927	0,01923
