12,50000	13,00000	13,50000	14,00000	14,50000	15,00000	15,50000	16,00000	16,50000	17,00000	17,50000	18,00000	18,50000	19,00000	19,50000	20,00000	20,50000	21,00000	21,50000	22,00000	22,50000	23,00000	23,50000	24,00000	24,50000	25,00000	25,50000	26,00000	26,50000	27,00000	27,50000	28,00000	28,50000	29,00000	29,50000	30,00000	30,50000	31,00000	31,50000	32,00000	32,50000	33,00000	33,50000	34,00000	34,50000	35,00000	35,50000	36,00000	36,50000	37,00000	37,50000
12,50000	13,00000	13,50000	14,00000	14,50000	15,00000	15,50000	16,00000	16,50000	17,00000	17,50000	18,00000	18,50000	19,00000	19,50000	20,00000	20,50000	21,00000	21,50000	22,00000	22,50000	23,00000	23,50000	24,00000	24,50000	25,00000	25,50000	26,00000	26,50000	27,00000	27,50000	28,00000	28,50000	29,00000	29,50000	30,00000	30,50000	31,00000	31,50000	32,00000	32,50000	33,00000	33,50000	34,00000	34,50000	35,00000	35,50000	36,00000	36,50000	37,00000	37,50000
0,02155	0,02046	0,02027	0,02003	0,02106	0,02125	0,02179	0,02130	0,01903	0,01806	0,01725	0,01774	0,01946	0,02130	0,02194	0,02040	0,01843	0,01783	0,01993	0,02074	0,01988	0,01896	0,01828	0,01806	0,02070	0,02306	0,02253	0,01899	0,01748	0,01921	0,02003	0,02023	0,01832	0,01829	0,01941	0,01961	0,01945	0,01791	0,01852	0,01860	0,01989	0,01907	0,01918	0,01843	0,01888	0,01807	0,01935	0,01899	0,01805	0,01803	0,01891
0,02079	0,01984	0,02055	0,02144	0,02213	0,02130	0,02085	0,01976	0,01793	0,01784	0,01792	0,01845	0,01929	0,02075	0,02109	0,01846	0,01766	0,01955	0,02054	0,02090	0,02014	0,01933	0,01860	0,01892	0,02202	0,02383	0,02037	0,01847	0,01976	0,02163	0,02108	0,01899	0,01792	0,01941	0,02090	0,02194	0,01968	0,01871	0,01792	0,01874	0,01874	0,01982	0,01896	0,01761	0,01795	0,01767	0,01784	0,01732	0,01809	0,01823	0,01904
0,02001	0,02004	0,02192	0,02314	0,02307	0,02033	0,01852	0,01806	0,01859	0,01836	0,01874	0,01832	0,01919	0,02044	0,01910	0,01811	0,01861	0,01949	0,01942	0,01985	0,02052	0,01857	0,01797	0,02013	0,02362	0,02157	0,01840	0,01966	0,02291	0,02337	0,02125	0,01875	0,01889	0,02094	0,02315	0,02232	0,01968	0,01776	0,01772	0,01751	0,01801	0,01780	0,01787	0,01813	0,01738	0,01778	0,01752	0,01778	0,01788	0,01750	0,01868
0,01975	0,02060	0,02320	0,02402	0,02212	0,01840	0,01821	0,01846	0,01914	0,01959	0,01981	0,01852	0,01896	0,01857	0,01763	0,01823	0,01942	0,01896	0,01863	0,01900	0,01961	0,01743	0,01800	0,02242	0,02302	0,01870	0,01992	0,02425	0,02590	0,02326	0,01961	0,01841	0,02063	0,02189	0,02231	0,02059	0,01917	0,01808	0,01784	0,01765	0,01732	0,01797	0,01797	0,01737	0,01816	0,01868	0,01734	0,01764	0,01791	0,01867	0,02037
0,01996	0,02181	0,02418	0,02371	0,02036	0,01774	0,01890	0,01897	0,01953	0,02097	0,01994	0,01852	0,01734	0,01795	0,01847	0,01899	0,02084	0,02026	0,01834	0,01890	0,01829	0,01808	0,02164	0,02363	0,02040	0,01846	0,02401	0,02804	0,02404	0,02031	0,01971	0,02098	0,02201	0,02155	0,02110	0,02022	0,01917	0,01824	0,01803	0,01747	0,01740	0,01767	0,01816	0,01820	0,01838	0,01862	0,01809	0,01735	0,01811	0,01950	0,02014
0,02061	0,02248	0,02348	0,02262	0,01971	0,01793	0,01891	0,01988	0,01989	0,02092	0,01957	0,01806	0,01800	0,01798	0,01909	0,02271	0,02327	0,02068	0,01821	0,01906	0,01973	0,02116	0,02313	0,02174	0,01901	0,02276	0,02725	0,02526	0,02082	0,02008	0,02203	0,02247	0,02273	0,02103	0,02027	0,01974	0,01896	0,01766	0,01820	0,01811	0,01713	0,01754	0,01823	0,01873	0,01940	0,01979	0,01990	0,01830	0,01834	0,01837	0,01921
0,02069	0,02241	0,02148	0,02144	0,01837	0,01880	0,01934	0,01918	0,01950	0,02000	0,01859	0,01799	0,01896	0,01932	0,02318	0,02663	0,02550	0,02059	0,01871	0,02163	0,02324	0,02308	0,02272	0,02040	0,02109	0,02693	0,02567	0,02080	0,01961	0,02225	0,02356	0,02337	0,02187	0,02057	0,01974	0,02001	0,01989	0,01785	0,01753	0,01721	0,01715	0,01696	0,01704	0,01785	0,01915	0,01993	0,02024	0,01939	0,01833	0,01852	0,01839
0,02101	0,02111	0,01966	0,02030	0,01914	0,01934	0,01950	0,01915	0,01855	0,01906	0,01890	0,01875	0,01975	0,02116	0,02637	0,02909	0,02599	0,01997	0,02087	0,02336	0,02515	0,02335	0,02144	0,02080	0,02542	0,02769	0,02346	0,01964	0,02097	0,02169	0,02211	0,02136	0,02071	0,02030	0,02179	0,02239	0,02156	0,01976	0,01870	0,01756	0,01696	0,01795	0,01721	0,01777	0,01787	0,01851	0,01968	0,01902	0,01850	0,01788	0,01780
0,02112	0,01945	0,01869	0,02003	0,01887	0,01924	0,01961	0,01824	0,01801	0,01858	0,01985	0,02051	0,02139	0,02297	0,02754	0,02958	0,02478	0,02063	0,02268	0,02584	0,02495	0,02157	0,02030	0,02384	0,02839	0,02832	0,02318	0,02071	0,02100	0,02087	0,02224	0,02215	0,02246	0,02333	0,02387	0,02429	0,02206	0,01965	0,01885	0,01799	0,01713	0,01784	0,01806	0,01796	0,01783	0,01806	0,01864	0,01811	0,01820	0,01746	0,01790
0,01938	0,01853	0,01863	0,01949	0,01924	0,01891	0,01882	0,01855	0,01819	0,01969	0,02244	0,02362	0,02345	0,02393	0,02794	0,02786	0,02410	0,02231	0,02448	0,02717	0,02472	0,01996	0,02121	0,02766	0,03220	0,03012	0,02394	0,02078	0,02108	0,02161	0,02502	0,02510	0,02517	0,02612	0,02472	0,02391	0,02119	0,01956	0,01838	0,01819	0,01803	0,01733	0,01786	0,01757	0,01816	0,01762	0,01747	0,01800	0,01727	0,01816	0,01793
0,01867	0,01824	0,01911	0,01960	0,01865	0,01915	0,01821	0,01833	0,02021	0,02288	0,02510	0,02581	0,02319	0,02287	0,02751	0,02745	0,02424	0,02275	0,02542	0,02727	0,02300	0,01872	0,02346	0,03192	0,03677	0,03174	0,02349	0,02005	0,02443	0,03006	0,03542	0,03325	0,03005	0,02724	0,02373	0,02219	0,02054	0,01911	0,01848	0,01741	0,01729	0,01753	0,01774	0,01834	0,01811	0,01723	0,01790	0,01709	0,01731	0,01789	0,01922
0,01794	0,01820	0,01816	0,01972	0,01943	0,01854	0,01768	0,01915	0,02207	0,02444	0,02755	0,02657	0,02188	0,02196	0,02948	0,03052	0,02574	0,02319	0,02577	0,02657	0,02143	0,02056	0,02823	0,03924	0,03896	0,02856	0,02210	0,02498	0,03590	0,04578	0,04832	0,04010	0,03166	0,02665	0,02338	0,02197	0,02029	0,01973	0,01888	0,01821	0,01780	0,01775	0,01725	0,01808	0,01737	0,01750	0,01736	0,01751	0,01752	0,01823	0,01933
0,01805	0,01848	0,01840	0,01908	0,01817	0,01797	0,01757	0,01956	0,02283	0,02661	0,02872	0,02554	0,02083	0,02448	0,03306	0,03269	0,02677	0,02290	0,02551	0,02507	0,02050	0,02529	0,03607	0,04349	0,03746	0,02551	0,02934	0,04513	0,06339	0,06338	0,05472	0,04178	0,03249	0,02767	0,02659	0,02319	0,02196	0,02060	0,01952	0,01820	0,01785	0,01801	0,01764	0,01794	0,01737	0,01773	0,01713	0,01717	0,01712	0,01752	0,01863
0,01849	0,01863	0,01838	0,01832	0,01835	0,01753	0,01834	0,02088	0,02320	0,02751	0,02692	0,02316	0,02040	0,02744	0,03629	0,03363	0,02534	0,02178	0,02396	0,02320	0,02113	0,03057	0,04282	0,04235	0,03020	0,03140	0,06012	0,08350	0,08207	0,06961	0,05518	0,04253	0,03529	0,03199	0,02873	0,02602	0,02360	0,02167	0,02061	0,01954	0,01841	0,01807	0,01821	0,01840	0,01800	0,01812	0,01794	0,01808	0,01800	0,01811	0,01805
0,01897	0,01877	0,01787	0,01788	0,01826	0,01770	0,01942	0,02051	0,02284	0,02647	0,02420	0,02207	0,02317	0,03072	0,03664	0,02960	0,02231	0,02141	0,02467	0,02192	0,02376	0,03813	0,04507	0,03468	0,02859	0,06347	0,11003	0,10872	0,09498	0,07734	0,06393	0,05493	0,04375	0,03882	0,03368	0,02761	0,02467	0,02287	0,02149	0,01970	0,01810	0,01766	0,01787	0,01800	0,01821	0,01850	0,01806	0,01799	0,01777	0,01790	0,01771
0,01893	0,01862	0,01752	0,01788	0,01817	0,01883	0,01894	0,01911	0,02261	0,02469	0,02305	0,02447	0,02814	0,03229	0,03282	0,02547	0,02082	0,02290	0,02612	0,02248	0,02840	0,04433	0,04293	0,02831	0,04098	0,11224	0,14743	0,13214	0,10526	0,09611	0,09309	0,07001	0,06031	0,04791	0,03868	0,03007	0,02793	0,02493	0,02275	0,02120	0,01941	0,01758	0,01735	0,01791	0,01843	0,01798	0,01823	0,01760	0,01736	0,01697	0,01794
0,01906	0,01868	0,01748	0,01742	0,01819	0,01872	0,01853	0,01919	0,02236	0,02389	0,02333	0,02820	0,03087	0,03151	0,02838	0,02348	0,02361	0,02850	0,02725	0,02477	0,03737	0,04888	0,03478	0,03088	0,07660	0,15517	0,17371	0,13911	0,12681	0,13588	0,12979	0,09613	0,07454	0,06136	0,04864	0,03691	0,03233	0,02767	0,02539	0,02236	0,02004	0,01844	0,01774	0,01702	0,01836	0,01737	0,01795	0,01742	0,01782	0,01721	0,01746
0,01873	0,01789	0,01780	0,01819	0,01782	0,01917	0,01835	0,01977	0,02277	0,02437	0,02575	0,03099	0,03251	0,02937	0,02706	0,02570	0,03019	0,03314	0,02740	0,02857	0,04691	0,04676	0,02888	0,05428	0,12592	0,17727	0,16909	0,14360	0,17024	0,18267	0,16897	0,12571	0,09432	0,07284	0,05978	0,04478	0,03559	0,03061	0,02721	0,02417	0,02137	0,01833	0,01807	0,01733	0,01721	0,01778	0,01716	0,01773	0,01855	0,01798	0,01734
0,01961	0,01845	0,01795	0,01822	0,01914	0,01891	0,01912	0,01953	0,02363	0,02522	0,02761	0,03196	0,03118	0,02899	0,02719	0,03110	0,03757	0,03581	0,02722	0,03618	0,05826	0,04386	0,03762	0,08850	0,15100	0,16933	0,15257	0,16651	0,23609	0,24958	0,23211	0,16888	0,11878	0,08922	0,06907	0,04965	0,03792	0,03148	0,02738	0,02337	0,02094	0,01974	0,01799	0,01756	0,01769	0,01765	0,01721	0,01810	0,01801	0,01812	0,01740
0,02015	0,01788	0,01764	0,01816	0,01957	0,02071	0,01965	0,02063	0,02397	0,02810	0,02863	0,03032	0,03059	0,02890	0,03093	0,03581	0,03927	0,03260	0,02850	0,05054	0,06639	0,04433	0,05881	0,12426	0,15702	0,14574	0,15583	0,21704	0,30404	0,33541	0,29378	0,20804	0,13988	0,10211	0,07230	0,05068	0,03893	0,03138	0,02632	0,02352	0,02148	0,01987	0,01866	0,01783	0,01823	0,01769	0,01746	0,01802	0,01806	0,01846	0,01844
0,01968	0,01803	0,01741	0,01784	0,01997	0,02170	0,02099	0,02094	0,02568	0,02950	0,02834	0,02923	0,03117	0,03194	0,03418	0,03689	0,03698	0,03009	0,03614	0,06835	0,07223	0,05237	0,09305	0,14799	0,14095	0,12783	0,18489	0,28709	0,39575	0,43136	0,35252	0,24770	0,16148	0,10546	0,07118	0,04836	0,03713	0,03170	0,02687	0,02345	0,02184	0,01923	0,01857	0,01794	0,01802	0,01820	0,01824	0,01784	0,01827	0,01850	0,01896
0,02013	0,01806	0,01794	0,01784	0,02122	0,02451	0,02219	0,02197	0,02651	0,03160	0,02865	0,02918	0,03412	0,03598	0,03550	0,03410	0,03077	0,02958	0,04815	0,07642	0,07210	0,06718	0,11878	0,15027	0,12322	0,12526	0,19901	0,30604	0,41743	0,46424	0,40376	0,27390	0,17822	0,10865	0,06937	0,04785	0,03693	0,03347	0,02925	0,02553	0,02220	0,01977	0,01841	0,01776	0,01796	0,01806	0,01872	0,01774	0,01762	0,01813	0,01888
0,01995	0,01887	0,01816	0,01798	0,02214	0,02490	0,02336	0,02216	0,02762	0,03239	0,02925	0,03068	0,03609	0,03759	0,03531	0,03018	0,02716	0,03551	0,05736	0,07755	0,06850	0,08092	0,12796	0,14326	0,11232	0,11659	0,15084	0,23640	0,35298	0,43755	0,40841	0,28481	0,18329	0,11367	0,07112	0,04871	0,03884	0,03491	0,03237	0,02772	0,02401	0,01997	0,01809	0,01806	0,01886	0,01928	0,01828	0,01833	0,01775	0,01836	0,01880
0,01993	0,01967	0,01836	0,01902	0,02274	0,02486	0,02351	0,02258	0,02738	0,03236	0,03089	0,03376	0,03731	0,03811	0,03524	0,02760	0,02616	0,04081	0,05946	0,06857	0,06609	0,09048	0,13400	0,13911	0,10609	0,08749	0,07796	0,13807	0,26615	0,36680	0,38250	0,29329	0,19885	0,11970	0,07627	0,05263	0,04057	0,03583	0,03266	0,02775	0,02354	0,02086	0,01870	0,01744	0,01865	0,01838	0,01894	0,01791	0,01774	0,01798	0,01884
0,01969	0,02053	0,01928	0,01880	0,02151	0,02441	0,02388	0,02467	0,02675	0,03201	0,03519	0,03769	0,03768	0,03816	0,03400	0,02792	0,02870	0,04220	0,05467	0,06236	0,06867	0,10401	0,14184	0,14547	0,11794	0,08364	0,04841	0,07684	0,15434	0,25938	0,32437	0,27694	0,19981	0,12828	0,08560	0,05576	0,04351	0,03680	0,03190	0,02648	0,02278	0,02079	0,02001	0,01853	0,01779	0,01853	0,01894	0,01861	0,01720	0,01856	0,01896
0,02023	0,02082	0,02012	0,01921	0,02083	0,02367	0,02501	0,02522	0,02609	0,03117	0,03826	0,04181	0,03959	0,03735	0,03463	0,02987	0,03315	0,04013	0,04944	0,06239	0,08194	0,11809	0,15322	0,17124	0,14720	0,12703	0,12212	0,09325	0,13297	0,19681	0,25589	0,23774	0,18529	0,12917	0,09007	0,06198	0,04558	0,03850	0,03191	0,02595	0,02415	0,02315	0,02099	0,01886	0,01847	0,01858	0,01929	0,01822	0,01743	0,01899	0,01878
0,02030	0,02080	0,02060	0,02047	0,02069	0,02360	0,02771	0,02728	0,02526	0,03015	0,04141	0,04613	0,04091	0,03674	0,03544	0,03492	0,04039	0,04229	0,04920	0,06874	0,09581	0,13344	0,17362	0,20616	0,21516	0,22129	0,21343	0,20724	0,17428	0,17555	0,18468	0,18574	0,14428	0,10524	0,08547	0,06441	0,05044	0,04046	0,03312	0,02718	0,02557	0,02444	0,02204	0,01943	0,01856	0,01919	0,01984	0,01922	0,01775	0,01844	0,01825
0,02005	0,02034	0,02132	0,02136	0,02077	0,02322	0,02902	0,02952	0,02504	0,02934	0,04300	0,04849	0,04356	0,03676	0,03652	0,04177	0,04699	0,04678	0,05382	0,07904	0,10924	0,14906	0,19103	0,23432	0,26186	0,27815	0,28812	0,28060	0,24415	0,18110	0,15875	0,14439	0,10437	0,08219	0,06759	0,05894	0,05141	0,04317	0,03569	0,02836	0,02573	0,02394	0,02104	0,01939	0,01927	0,02042	0,02079	0,01971	0,01870	0,01897	0,01870
0,01926	0,01932	0,02202	0,02414	0,02182	0,02396	0,02930	0,02934	0,02593	0,02899	0,04063	0,05004	0,04711	0,03846	0,03656	0,04595	0,05663	0,05544	0,06005	0,08636	0,11647	0,15931	0,19946	0,23952	0,27923	0,28852	0,26977	0,26881	0,25018	0,18449	0,14036	0,10996	0,08284	0,06077	0,05271	0,05095	0,04819	0,04308	0,03585	0,02802	0,02484	0,02229	0,02124	0,01963	0,02093	0,02218	0,02149	0,02104	0,01972	0,01963	0,01880
0,01880	0,01857	0,02177	0,02515	0,02267	0,02496	0,02860	0,02845	0,02602	0,02795	0,03747	0,05001	0,05034	0,04249	0,03745	0,04835	0,06103	0,06247	0,06657	0,08923	0,11220	0,15923	0,20121	0,22834	0,25847	0,26694	0,22621	0,21471	0,19110	0,16635	0,12568	0,09375	0,07356	0,05714	0,04823	0,04623	0,04464	0,04108	0,03514	0,02873	0,02546	0,02295	0,02067	0,02058	0,02155	0,02289	0,02327	0,02296	0,02238	0,02139	0,01946
0,01813	0,01787	0,02229	0,02635	0,02421	0,02559	0,02909	0,02807	0,02637	0,02856	0,03605	0,04870	0,05447	0,04649	0,03979	0,04741	0,06209	0,06417	0,06934	0,08667	0,10492	0,14159	0,18264	0,20454	0,22646	0,22984	0,19122	0,14822	0,11990	0,12503	0,10838	0,09060	0,07606	0,06028	0,04845	0,04273	0,04158	0,03946	0,03455	0,02958	0,02691	0,02357	0,02169	0,02111	0,02233	0,02374	0,02551	0,02751	0,02630	0,02264	0,02059
0,01851	0,01834	0,02250	0,02573	0,02537	0,02678	0,02745	0,02684	0,02813	0,03035	0,03410	0,04420	0,05472	0,05108	0,04345	0,04567	0,05679	0,06329	0,07230	0,08758	0,09504	0,11324	0,15082	0,17288	0,18769	0,19138	0,18086	0,12923	0,08504	0,07778	0,08986	0,09186	0,08263	0,06543	0,04696	0,03850	0,03656	0,03668	0,03410	0,02997	0,02714	0,02405	0,02203	0,02196	0,02408	0,02602	0,03040	0,03240	0,02802	0,02224	0,02077
0,01902	0,01821	0,02237	0,02656	0,02590	0,02693	0,02701	0,02735	0,03035	0,03263	0,03203	0,04111	0,05397	0,05514	0,05042	0,04803	0,05273	0,05835	0,06882	0,08611	0,08940	0,08918	0,12423	0,14083	0,13572	0,14335	0,16391	0,13216	0,08221	0,05247	0,05871	0,08500	0,08683	0,07123	0,04990	0,03414	0,03057	0,03038	0,02921	0,02762	0,02679	0,02479	0,02458	0,02482	0,02845	0,03258	0,03666	0,03402	0,02742	0,02239	0,02012
0,01901	0,01838	0,02164	0,02613	0,02637	0,02589	0,02504	0,02741	0,03290	0,03360	0,03091	0,03637	0,05120	0,05883	0,05864	0,05460	0,05142	0,05057	0,06394	0,08241	0,08562	0,07533	0,09526	0,10930	0,10580	0,09575	0,12184	0,11999	0,09173	0,04930	0,04214	0,06433	0,07411	0,06649	0,04846	0,03333	0,02626	0,02566	0,02587	0,02609	0,02677	0,02799	0,02833	0,03049	0,03479	0,03725	0,03665	0,03107	0,02397	0,02094	0,02053
0,01919	0,01912	0,02129	0,02477	0,02682	0,02571	0,02437	0,02874	0,03406	0,03329	0,02922	0,03290	0,04814	0,05881	0,06407	0,06132	0,05516	0,04982	0,05739	0,07346	0,08059	0,07350	0,06966	0,08235	0,08161	0,06128	0,06760	0,09445	0,08255	0,05636	0,03133	0,03693	0,05079	0,05211	0,04774	0,03622	0,02739	0,02435	0,02478	0,02608	0,02783	0,02978	0,03216	0,03541	0,03812	0,03782	0,03072	0,02535	0,02124	0,01957	0,02068
0,01958	0,01979	0,02078	0,02470	0,02760	0,02593	0,02378	0,02898	0,03556	0,03176	0,02633	0,03056	0,04205	0,05654	0,06561	0,06688	0,06045	0,05153	0,05459	0,06489	0,07304	0,07127	0,06505	0,06728	0,07004	0,05146	0,04152	0,06061	0,06617	0,05713	0,03327	0,02543	0,03185	0,04238	0,04397	0,03861	0,03159	0,02562	0,02509	0,02528	0,02652	0,02914	0,03325	0,03581	0,03576	0,03183	0,02350	0,02117	0,01892	0,01928	0,02177
0,02010	0,02023	0,02007	0,02293	0,02710	0,02541	0,02304	0,02951	0,03430	0,02976	0,02406	0,02678	0,03732	0,05092	0,06179	0,06788	0,06453	0,05661	0,05672	0,05703	0,05677	0,06576	0,06376	0,05755	0,06324	0,05268	0,03604	0,03651	0,04896	0,05106	0,04161	0,02754	0,02430	0,02979	0,03426	0,03648	0,03320	0,02868	0,02554	0,02440	0,02454	0,02749	0,03041	0,03181	0,02903	0,02411	0,02023	0,01948	0,01989	0,02035	0,02369
0,02079	0,02081	0,01978	0,02218	0,02685	0,02619	0,02360	0,02728	0,03258	0,02886	0,02295	0,02472	0,03236	0,04287	0,05017	0,06258	0,06466	0,06132	0,05979	0,05468	0,04854	0,05277	0,05939	0,05228	0,05098	0,05300	0,03908	0,02821	0,03169	0,03634	0,04359	0,03653	0,02606	0,02179	0,02547	0,02830	0,02878	0,02676	0,02457	0,02397	0,02513	0,02636	0,02726	0,02708	0,02355	0,02161	0,02265	0,02373	0,02223	0,02350	0,02338
0,02055	0,02061	0,01948	0,02052	0,02598	0,02737	0,02385	0,02488	0,02983	0,02750	0,02174	0,02361	0,03193	0,03791	0,04227	0,05393	0,06085	0,06141	0,06024	0,05377	0,04161	0,04378	0,05469	0,04551	0,04030	0,04505	0,04448	0,03315	0,02752	0,02858	0,03665	0,03827	0,03564	0,03174	0,03004	0,02896	0,02792	0,02537	0,02571	0,02527	0,02640	0,02655	0,02556	0,02561	0,02437	0,02556	0,02981	0,02822	0,02591	0,02313	0,02260
0,02084	0,01991	0,01863	0,01963	0,02484	0,02756	0,02525	0,02417	0,02727	0,02681	0,02204	0,02303	0,02963	0,03425	0,03722	0,04684	0,05558	0,05984	0,05939	0,05265	0,04046	0,03638	0,04767	0,04164	0,03067	0,03151	0,04247	0,04184	0,03438	0,02828	0,02704	0,03207	0,03822	0,04226	0,04591	0,04931	0,03972	0,03371	0,02958	0,02727	0,02731	0,02633	0,02616	0,02743	0,02896	0,03132	0,03253	0,02902	0,02380	0,02029	0,01932
0,02036	0,01979	0,01848	0,01959	0,02326	0,02709	0,02547	0,02375	0,02448	0,02502	0,02324	0,02320	0,02861	0,03303	0,03320	0,03924	0,05150	0,05650	0,05638	0,05180	0,04196	0,03572	0,04111	0,04071	0,02788	0,02471	0,03549	0,04404	0,04296	0,03631	0,02925	0,02785	0,03302	0,03918	0,05271	0,06014	0,05837	0,04760	0,03940	0,03434	0,03113	0,02806	0,02762	0,02927	0,03146	0,03369	0,03134	0,02561	0,02039	0,01872	0,01845
0,01983	0,01865	0,01877	0,01982	0,02287	0,02566	0,02496	0,02407	0,02332	0,02407	0,02246	0,02418	0,02794	0,03162	0,03195	0,03427	0,04442	0,05251	0,05123	0,05014	0,04470	0,03777	0,03933	0,03925	0,02854	0,02220	0,02856	0,03815	0,04187	0,03821	0,03296	0,02803	0,02598	0,02984	0,03707	0,04731	0,05588	0,05336	0,04771	0,04128	0,03545	0,03179	0,02831	0,02811	0,02915	0,02873	0,02601	0,02203	0,01924	0,01881	0,01903
0,01906	0,01923	0,01823	0,02040	0,02190	0,02410	0,02357	0,02349	0,02442	0,02356	0,02274	0,02432	0,02676	0,03009	0,03206	0,03124	0,03664	0,04603	0,04554	0,04544	0,04649	0,04382	0,04054	0,03864	0,03006	0,02417	0,02690	0,03540	0,03821	0,03357	0,03120	0,03064	0,02911	0,02772	0,02615	0,02913	0,03501	0,03863	0,04222	0,04237	0,03948	0,03411	0,02915	0,02573	0,02376	0,02402	0,02166	0,02013	0,01844	0,01936	0,02005
0,01902	0,01909	0,01890	0,02093	0,02221	0,02285	0,02147	0,02256	0,02525	0,02426	0,02385	0,02478	0,02627	0,02893	0,03112	0,02984	0,02999	0,03882	0,03989	0,03958	0,04299	0,04826	0,04553	0,03980	0,03310	0,02542	0,02887	0,03771	0,04123	0,03647	0,02845	0,03107	0,03826	0,04098	0,03533	0,02974	0,02426	0,02738	0,03181	0,03544	0,03667	0,03263	0,02748	0,02382	0,02227	0,02273	0,02161	0,02025	0,01862	0,01942	0,02073
0,01970	0,01848	0,01921	0,02100	0,02098	0,02047	0,02015	0,02109	0,02582	0,02735	0,02596	0,02534	0,02663	0,02786	0,03143	0,02928	0,02676	0,03067	0,03487	0,03317	0,03565	0,04536	0,05115	0,04707	0,03925	0,03068	0,02761	0,03622	0,04595	0,04507	0,03299	0,02563	0,03232	0,04572	0,04926	0,04331	0,02950	0,02466	0,02720	0,03036	0,03273	0,03097	0,02748	0,02484	0,02478	0,02381	0,02213	0,01966	0,01789	0,01974	0,02121
0,01936	0,01975	0,01970	0,02078	0,02085	0,02012	0,01954	0,01995	0,02494	0,02959	0,02703	0,02689	0,02752	0,02804	0,03036	0,03155	0,02706	0,02543	0,03204	0,03029	0,02800	0,03576	0,04963	0,05006	0,04676	0,03980	0,03230	0,03063	0,03670	0,04733	0,04437	0,03182	0,02537	0,02815	0,03498	0,04243	0,04032	0,03786	0,03903	0,04300	0,04421	0,03613	0,03172	0,02814	0,02501	0,02321	0,01927	0,01840	0,01915	0,02149	0,02312
0,01881	0,01985	0,02021	0,02128	0,02114	0,01899	0,01834	0,01948	0,02405	0,02996	0,02924	0,02655	0,02826	0,02807	0,03009	0,03399	0,03068	0,02536	0,02801	0,02931	0,02296	0,02645	0,04189	0,05240	0,05172	0,04631	0,04095	0,03220	0,02853	0,03201	0,04725	0,04647	0,03906	0,02745	0,02359	0,02347	0,03052	0,03965	0,04914	0,05494	0,05485	0,04927	0,03891	0,02896	0,02376	0,01966	0,01755	0,01767	0,02014	0,02209	0,02387
0,01916	0,01979	0,01991	0,02174	0,02105	0,01946	0,01887	0,01995	0,02405	0,02930	0,02888	0,02661	0,02812	0,03016	0,02915	0,03273	0,03392	0,02620	0,02480	0,02889	0,02475	0,01777	0,02875	0,05017	0,05385	0,04906	0,04093	0,03564	0,02990	0,02717	0,03142	0,04397	0,04719	0,04421	0,03458	0,02492	0,02210	0,03089	0,04142	0,04917	0,05290	0,05070	0,04265	0,03261	0,02353	0,01947	0,01816	0,01900	0,02006	0,02157	0,02281
0,01864	0,01895	0,01947	0,02179	0,02161	0,01948	0,01924	0,02089	0,02424	0,02765	0,02895	0,02626	0,02695	0,03112	0,03031	0,02974	0,03278	0,02988	0,02603	0,02794	0,02928	0,01960	0,01923	0,03861	0,05357	0,05118	0,03855	0,02919	0,02596	0,02754	0,02647	0,02696	0,03439	0,03855	0,03910	0,03198	0,02249	0,02246	0,02747	0,03310	0,03618	0,03758	0,03812	0,03100	0,02474	0,02141	0,02173	0,02098	0,01966	0,01960	0,02103
0,01871	0,01862	0,01918	0,02107	0,02224	0,02050	0,01991	0,02253	0,02462	0,02708	0,02880	0,02611	0,02621	0,03109	0,03080	0,02803	0,02862	0,03149	0,02886	0,02667	0,03069	0,02787	0,01972	0,02170	0,04348	0,05148	0,04519	0,02815	0,02060	0,02323	0,02797	0,02677	0,02731	0,02888	0,03227	0,02948	0,02468	0,02185	0,02183	0,02335	0,02388	0,02575	0,02604	0,02540	0,02398	0,02246	0,02365	0,02223	0,02008	0,01933	0,01954
0,01915	0,01942	0,01931	0,01983	0,02204	0,02237	0,02231	0,02206	0,02470	0,02663	0,02671	0,02595	0,02733	0,03062	0,03116	0,02847	0,02664	0,03118	0,03223	0,02831	0,02797	0,03159	0,02786	0,01935	0,02408	0,03861	0,04767	0,04144	0,02737	0,01829	0,02468	0,02969	0,03246	0,03145	0,02910	0,02714	0,02671	0,02663	0,02635	0,02457	0,02210	0,02141	0,02220	0,02249	0,02222	0,02369	0,02569	0,02370	0,02089	0,02032	0,02028
