12,50000	13,00000	13,50000	14,00000	14,50000	15,00000	15,50000	16,00000	16,50000	17,00000	17,50000	18,00000	18,50000	19,00000	19,50000	20,00000	20,50000	21,00000	21,50000	22,00000	22,50000	23,00000	23,50000	24,00000	24,50000	25,00000	25,50000	26,00000	26,50000	27,00000	27,50000	28,00000	28,50000	29,00000	29,50000	30,00000	30,50000	31,00000	31,50000	32,00000	32,50000	33,00000	33,50000	34,00000	34,50000	35,00000	35,50000	36,00000	36,50000	37,00000	37,50000
12,50000	13,00000	13,50000	14,00000	14,50000	15,00000	15,50000	16,00000	16,50000	17,00000	17,50000	18,00000	18,50000	19,00000	19,50000	20,00000	20,50000	21,00000	21,50000	22,00000	22,50000	23,00000	23,50000	24,00000	24,50000	25,00000	25,50000	26,00000	26,50000	27,00000	27,50000	28,00000	28,50000	29,00000	29,50000	30,00000	30,50000	31,00000	31,50000	32,00000	32,50000	33,00000	33,50000	34,00000	34,50000	35,00000	35,50000	36,00000	36,50000	37,00000	37,50000
0,02345	0,02211	0,02115	0,02120	0,02318	0,02541	0,02511	0,02557	0,02134	0,01901	0,01778	0,01869	0,01898	0,02188	0,02518	0,02324	0,01901	0,01826	0,02296	0,02538	0,02383	0,01950	0,01770	0,02168	0,02869	0,03087	0,02721	0,02177	0,01767	0,02058	0,02248	0,02174	0,01892	0,01839	0,02083	0,02294	0,02244	0,02001	0,01854	0,01984	0,02031	0,02026	0,01947	0,01897	0,01875	0,02050	0,02172	0,02001	0,01918	0,01941	0,01996
0,02350	0,02109	0,02059	0,02331	0,02638	0,02478	0,02412	0,02254	0,01947	0,01850	0,01889	0,01849	0,02001	0,02170	0,02280	0,02087	0,01782	0,02057	0,02452	0,02426	0,02200	0,01895	0,01928	0,02404	0,02986	0,02967	0,02196	0,01928	0,02125	0,02648	0,02572	0,02067	0,01847	0,02227	0,02590	0,02818	0,02375	0,01977	0,01803	0,02033	0,02122	0,02060	0,01991	0,01870	0,01802	0,01909	0,01969	0,01908	0,01819	0,01833	0,01992
0,02185	0,01967	0,02222	0,02599	0,02695	0,02327	0,02077	0,02040	0,01858	0,01938	0,02000	0,01967	0,01957	0,02144	0,02079	0,01891	0,01866	0,02223	0,02191	0,02203	0,02143	0,01890	0,01945	0,02552	0,02929	0,02339	0,01892	0,02166	0,02746	0,03136	0,02453	0,01906	0,02130	0,02708	0,03062	0,02750	0,02251	0,01879	0,01803	0,01888	0,01909	0,01950	0,01830	0,01848	0,01845	0,01848	0,01856	0,01841	0,01725	0,01910	0,02129
0,02129	0,02113	0,02459	0,02838	0,02528	0,01990	0,01945	0,01954	0,01898	0,02022	0,02166	0,02094	0,02006	0,01983	0,01883	0,01896	0,02096	0,02133	0,02080	0,02129	0,02086	0,01809	0,02089	0,02911	0,02713	0,01953	0,02362	0,02894	0,03705	0,03101	0,02165	0,02074	0,02533	0,02853	0,02930	0,02441	0,02084	0,01868	0,01730	0,01755	0,01856	0,01743	0,01795	0,01825	0,01932	0,01871	0,01863	0,01719	0,01808	0,02015	0,02351
0,02180	0,02255	0,02659	0,02715	0,02199	0,01792	0,01946	0,01910	0,01989	0,02206	0,02306	0,02070	0,01892	0,01872	0,01937	0,02211	0,02401	0,02135	0,01988	0,02134	0,02143	0,02107	0,02728	0,02984	0,02289	0,02128	0,03552	0,04114	0,03709	0,02540	0,02177	0,02538	0,02840	0,02748	0,02519	0,02165	0,02022	0,01859	0,01763	0,01857	0,01847	0,01751	0,01859	0,01926	0,01989	0,02048	0,01866	0,01755	0,01886	0,02275	0,02565
0,02208	0,02448	0,02724	0,02620	0,02070	0,01864	0,02023	0,01968	0,02091	0,02300	0,02356	0,02036	0,01814	0,01923	0,02323	0,02743	0,02887	0,02293	0,01965	0,02257	0,02664	0,02813	0,03070	0,02799	0,02298	0,03138	0,03946	0,03847	0,02891	0,02339	0,02559	0,02852	0,02746	0,02467	0,02325	0,02035	0,01988	0,01808	0,01833	0,01855	0,01808	0,01762	0,01785	0,01944	0,02078	0,02174	0,02054	0,01881	0,01915	0,02268	0,02457
0,02311	0,02492	0,02617	0,02378	0,01911	0,01862	0,01981	0,01957	0,02097	0,02244	0,02252	0,01969	0,01879	0,02206	0,02896	0,03570	0,03262	0,02355	0,02090	0,03026	0,03249	0,03056	0,03061	0,02732	0,03052	0,03632	0,03391	0,02843	0,02324	0,02673	0,02940	0,02789	0,02508	0,02218	0,02207	0,02227	0,02162	0,01891	0,01752	0,01756	0,01759	0,01774	0,01785	0,01812	0,01947	0,02228	0,02247	0,02068	0,01943	0,02069	0,02123
0,02397	0,02417	0,02349	0,02263	0,01917	0,01860	0,02024	0,01980	0,02035	0,02127	0,02115	0,01948	0,02043	0,02513	0,03349	0,04047	0,03463	0,02242	0,02465	0,03565	0,03597	0,02916	0,02943	0,03263	0,03665	0,03603	0,02783	0,02264	0,02475	0,02804	0,02819	0,02482	0,02275	0,02366	0,02466	0,02569	0,02509	0,02136	0,01822	0,01802	0,01729	0,01733	0,01794	0,01751	0,01872	0,02025	0,02168	0,02059	0,01915	0,01901	0,01858
0,02381	0,02171	0,02197	0,02203	0,01968	0,01882	0,02026	0,01908	0,01891	0,02074	0,02252	0,02161	0,02443	0,02795	0,03916	0,04440	0,03363	0,02262	0,03174	0,04155	0,03533	0,02624	0,03061	0,03692	0,04122	0,03513	0,02504	0,02237	0,02600	0,02725	0,02646	0,02624	0,02704	0,02758	0,02925	0,02862	0,02588	0,02182	0,01893	0,01780	0,01737	0,01803	0,01841	0,01765	0,01836	0,01876	0,01885	0,01874	0,01831	0,01802	0,01825
0,02214	0,02024	0,02005	0,02116	0,01962	0,01972	0,02001	0,01907	0,01884	0,02258	0,02515	0,02605	0,02690	0,02898	0,03987	0,04406	0,03191	0,02570	0,03708	0,04375	0,02972	0,02416	0,03263	0,04383	0,04616	0,03806	0,02711	0,02457	0,02615	0,02814	0,03109	0,03497	0,03271	0,03009	0,02928	0,02645	0,02217	0,02072	0,01929	0,01823	0,01853	0,01784	0,01882	0,01832	0,01826	0,01787	0,01804	0,01751	0,01748	0,01927	0,01886
0,02163	0,01886	0,01930	0,02121	0,01971	0,01956	0,01978	0,01792	0,01920	0,02609	0,03046	0,02998	0,02746	0,02829	0,04109	0,04377	0,03221	0,02812	0,04167	0,04110	0,02330	0,02457	0,04047	0,05173	0,05621	0,04036	0,02890	0,02586	0,02971	0,04262	0,05189	0,04668	0,03869	0,03023	0,02594	0,02197	0,02004	0,01908	0,01890	0,01792	0,01865	0,01787	0,01779	0,01790	0,01786	0,01773	0,01804	0,01729	0,01761	0,01943	0,02107
0,02118	0,01891	0,01944	0,02118	0,02035	0,01961	0,01936	0,01843	0,02206	0,03080	0,03440	0,03254	0,02655	0,02839	0,04418	0,04537	0,03354	0,03106	0,04189	0,03551	0,02005	0,03130	0,05119	0,06596	0,06049	0,03915	0,03069	0,03108	0,05588	0,07220	0,07538	0,05738	0,03693	0,02830	0,02373	0,02267	0,02143	0,01960	0,01915	0,01783	0,01784	0,01781	0,01877	0,01862	0,01829	0,01751	0,01729	0,01815	0,01816	0,01950	0,02212
0,02162	0,01940	0,01831	0,02009	0,01986	0,01927	0,01932	0,01944	0,02455	0,03577	0,03709	0,03207	0,02437	0,03095	0,04890	0,04731	0,03323	0,03257	0,03794	0,02879	0,02199	0,04204	0,06804	0,07292	0,05296	0,03658	0,05767	0,06655	0,09930	0,09971	0,08025	0,05324	0,03550	0,02914	0,02658	0,02530	0,02365	0,02106	0,01992	0,01813	0,01754	0,01876	0,01826	0,01864	0,01815	0,01756	0,01725	0,01831	0,01819	0,01966	0,02055
0,02188	0,01988	0,01859	0,01902	0,01882	0,01879	0,02004	0,02006	0,02866	0,03758	0,03616	0,02983	0,02503	0,03714	0,05235	0,04635	0,03029	0,03057	0,03440	0,02430	0,02792	0,05990	0,07898	0,06714	0,04526	0,06140	0,13845	0,12813	0,12738	0,10839	0,07799	0,05188	0,04551	0,03760	0,03238	0,02841	0,02542	0,02320	0,02114	0,01874	0,01860	0,01855	0,01831	0,01951	0,01937	0,01852	0,01807	0,01823	0,01791	0,01874	0,01978
0,02224	0,01996	0,01838	0,01872	0,01891	0,01966	0,02079	0,01960	0,02881	0,03669	0,03208	0,02968	0,02936	0,04188	0,05160	0,04067	0,02628	0,02979	0,03212	0,02399	0,04069	0,07758	0,07854	0,05462	0,06124	0,14036	0,22357	0,19660	0,15537	0,11749	0,10048	0,08173	0,06161	0,05093	0,04070	0,03232	0,02676	0,02408	0,02180	0,02007	0,01836	0,01828	0,01787	0,01921	0,01965	0,01910	0,01807	0,01746	0,01781	0,01855	0,01918
0,02298	0,01996	0,01795	0,01895	0,01897	0,02079	0,02049	0,02034	0,03058	0,03407	0,03071	0,03268	0,03521	0,04308	0,04406	0,03138	0,02384	0,03177	0,03217	0,02943	0,05883	0,08953	0,06879	0,05447	0,12953	0,26085	0,31032	0,23040	0,18148	0,16570	0,13996	0,12419	0,09192	0,06358	0,04955	0,04025	0,03347	0,02807	0,02525	0,02129	0,01899	0,01756	0,01721	0,01786	0,01927	0,01870	0,01816	0,01794	0,01813	0,01792	0,01784
0,02238	0,02033	0,01855	0,01851	0,01857	0,02138	0,02072	0,02019	0,03006	0,03258	0,03121	0,03835	0,04111	0,04284	0,03667	0,02676	0,02925	0,04101	0,03447	0,03824	0,08076	0,09080	0,05845	0,08920	0,24440	0,36065	0,34194	0,25354	0,22239	0,25748	0,22560	0,16528	0,12262	0,08412	0,06924	0,05189	0,04248	0,03402	0,02915	0,02485	0,02075	0,01833	0,01742	0,01722	0,01785	0,01816	0,01767	0,01843	0,01815	0,01761	0,01775
0,02258	0,02044	0,01851	0,01877	0,01877	0,02098	0,02078	0,02139	0,03077	0,03239	0,03406	0,04187	0,04425	0,04075	0,03133	0,02757	0,04068	0,04678	0,03549	0,05123	0,09800	0,08443	0,06062	0,17154	0,33815	0,39315	0,33561	0,27650	0,31906	0,35056	0,31996	0,22084	0,16824	0,12507	0,09145	0,06909	0,04983	0,03840	0,03276	0,02765	0,02309	0,01999	0,01801	0,01780	0,01756	0,01792	0,01823	0,01886	0,01876	0,01798	0,01760
0,02279	0,02045	0,01812	0,01918	0,01910	0,02247	0,02178	0,02341	0,03035	0,03446	0,03639	0,04259	0,04422	0,03860	0,03066	0,03387	0,05061	0,05026	0,03577	0,06813	0,11175	0,07787	0,09372	0,26416	0,37938	0,36455	0,32626	0,34300	0,43388	0,46882	0,41162	0,29697	0,21809	0,15214	0,11221	0,07671	0,05638	0,04070	0,03304	0,02737	0,02421	0,02103	0,01863	0,01802	0,01764	0,01761	0,01787	0,01863	0,01907	0,01832	0,01807
0,02270	0,02081	0,01867	0,01926	0,01930	0,02435	0,02479	0,02357	0,03151	0,03695	0,03698	0,03927	0,04276	0,03889	0,03209	0,04107	0,05539	0,04558	0,03901	0,09095	0,12052	0,08761	0,15439	0,33278	0,36719	0,33313	0,37236	0,43345	0,56106	0,58834	0,49655	0,38356	0,27477	0,18621	0,12312	0,08353	0,05593	0,04135	0,03136	0,02644	0,02354	0,02059	0,01876	0,01813	0,01770	0,01818	0,01833	0,01861	0,01873	0,01872	0,01836
0,02308	0,02074	0,01941	0,01926	0,02115	0,02660	0,02857	0,02442	0,03273	0,04156	0,03777	0,03685	0,04344	0,04015	0,03370	0,04174	0,05055	0,03795	0,04773	0,10662	0,11995	0,10973	0,22790	0,35389	0,32564	0,33116	0,46517	0,57093	0,69508	0,69267	0,60741	0,44968	0,31484	0,19673	0,12980	0,08226	0,05587	0,04098	0,03269	0,02677	0,02283	0,02071	0,01829	0,01782	0,01798	0,01796	0,01799	0,01798	0,01815	0,02012	0,01931
0,02375	0,02071	0,01980	0,01945	0,02320	0,03167	0,03071	0,02500	0,03396	0,04535	0,03771	0,03677	0,04650	0,04337	0,03512	0,04006	0,04064	0,03555	0,06357	0,11484	0,11442	0,13653	0,25605	0,32971	0,28887	0,34848	0,49171	0,63056	0,70835	0,73022	0,63537	0,47537	0,31518	0,20285	0,12958	0,07807	0,05416	0,04189	0,03439	0,02793	0,02390	0,02011	0,01831	0,01798	0,01880	0,01896	0,01839	0,01768	0,01808	0,02012	0,01956
0,02326	0,02121	0,02054	0,01937	0,02366	0,03397	0,03181	0,02481	0,03576	0,04508	0,03699	0,03715	0,04856	0,04566	0,03616	0,03642	0,03503	0,03914	0,07250	0,10238	0,09957	0,14903	0,23830	0,28240	0,24830	0,30635	0,36182	0,50643	0,61392	0,62290	0,58499	0,45455	0,30810	0,19871	0,12058	0,07247	0,05069	0,04071	0,03510	0,03046	0,02581	0,02128	0,01882	0,01756	0,01806	0,01856	0,01873	0,01828	0,01794	0,01948	0,01983
0,02286	0,02190	0,02163	0,01922	0,02492	0,03354	0,03136	0,02568	0,03380	0,04337	0,03863	0,04067	0,04814	0,04266	0,03699	0,03554	0,03466	0,04647	0,07399	0,08714	0,08344	0,14317	0,20412	0,22129	0,20227	0,18666	0,17216	0,31288	0,35628	0,44662	0,50068	0,39106	0,27097	0,17618	0,10993	0,06604	0,04523	0,03713	0,03357	0,03020	0,02617	0,02257	0,01887	0,01839	0,01835	0,01856	0,01911	0,01855	0,01780	0,01944	0,02012
0,02235	0,02395	0,02208	0,01940	0,02461	0,03234	0,03088	0,02776	0,03291	0,04104	0,04177	0,04543	0,04478	0,04073	0,03995	0,03787	0,04087	0,05182	0,07238	0,07419	0,07859	0,12717	0,18034	0,19625	0,17980	0,13252	0,08547	0,10087	0,21647	0,34001	0,39875	0,33845	0,23074	0,15475	0,09705	0,06002	0,04318	0,03518	0,03202	0,02923	0,02660	0,02330	0,02072	0,01954	0,01822	0,01906	0,01920	0,01885	0,01804	0,01931	0,02012
0,02247	0,02503	0,02298	0,02045	0,02278	0,02956	0,03181	0,03063	0,03076	0,03728	0,04626	0,05141	0,04395	0,03960	0,04262	0,04418	0,04802	0,06311	0,07712	0,08144	0,09151	0,13756	0,18340	0,21854	0,23361	0,21173	0,16147	0,14449	0,23194	0,31050	0,32966	0,27279	0,19604	0,12667	0,08449	0,05723	0,04561	0,03802	0,03419	0,02954	0,02833	0,02563	0,02281	0,01971	0,01841	0,01914	0,01980	0,01838	0,01843	0,01918	0,01866
0,02302	0,02578	0,02340	0,02148	0,02237	0,02736	0,03280	0,03338	0,02967	0,03333	0,04770	0,05546	0,04316	0,03931	0,04586	0,05167	0,06511	0,07755	0,09520	0,10547	0,12498	0,17140	0,21133	0,26294	0,32555	0,37474	0,40449	0,41140	0,38520	0,37721	0,32243	0,23959	0,15115	0,09421	0,06957	0,05402	0,04760	0,04386	0,03756	0,03244	0,02947	0,02696	0,02348	0,01995	0,01889	0,02004	0,02027	0,01902	0,01839	0,01937	0,01886
0,02283	0,02401	0,02388	0,02420	0,02231	0,02656	0,03391	0,03496	0,02835	0,03054	0,04790	0,05645	0,04642	0,04118	0,04676	0,05910	0,07843	0,10101	0,11815	0,13979	0,16426	0,21658	0,26483	0,33007	0,41828	0,49463	0,53663	0,57987	0,54036	0,42837	0,31151	0,20929	0,11875	0,07392	0,05379	0,05070	0,05048	0,04732	0,04206	0,03394	0,02847	0,02514	0,02190	0,02003	0,02029	0,02111	0,02199	0,02095	0,01981	0,01886	0,01836
0,02157	0,02241	0,02513	0,02637	0,02291	0,02617	0,03292	0,03293	0,02772	0,02806	0,04196	0,05421	0,04953	0,04626	0,04682	0,06251	0,09150	0,11540	0,13441	0,16227	0,19113	0,25377	0,29957	0,35230	0,43255	0,49189	0,51490	0,56964	0,54988	0,41376	0,27201	0,15672	0,08083	0,05198	0,04679	0,05169	0,05410	0,05182	0,04217	0,03190	0,02529	0,02220	0,01982	0,01989	0,02162	0,02382	0,02433	0,02273	0,02117	0,01950	0,01881
0,02027	0,02041	0,02531	0,02736	0,02397	0,02702	0,03176	0,03091	0,02607	0,02578	0,03649	0,05172	0,05409	0,05192	0,04848	0,06269	0,09773	0,12395	0,14483	0,17352	0,20348	0,27628	0,32222	0,34144	0,38202	0,43666	0,41149	0,40675	0,42263	0,31896	0,20063	0,10659	0,06656	0,05203	0,04998	0,05478	0,05670	0,05357	0,04117	0,03093	0,02389	0,02165	0,01974	0,02059	0,02329	0,02682	0,02791	0,02666	0,02428	0,02100	0,01952
0,01976	0,02081	0,02609	0,02902	0,02566	0,02750	0,03068	0,02858	0,02559	0,02546	0,03259	0,04822	0,05776	0,05925	0,05097	0,06103	0,09671	0,12103	0,14323	0,17728	0,19942	0,25509	0,31342	0,31945	0,32212	0,35912	0,31461	0,24439	0,20968	0,20737	0,14192	0,09476	0,07644	0,06864	0,06289	0,05999	0,05818	0,05317	0,04155	0,02982	0,02475	0,02250	0,02090	0,02203	0,02668	0,03071	0,03275	0,03113	0,02677	0,02142	0,02031
0,01985	0,02051	0,02598	0,02852	0,02584	0,02715	0,02888	0,02695	0,02609	0,02689	0,03077	0,04329	0,06043	0,06673	0,05851	0,06202	0,08585	0,11248	0,13904	0,17342	0,19043	0,22987	0,27863	0,27344	0,26815	0,29869	0,28146	0,17456	0,12524	0,11448	0,11870	0,11099	0,10623	0,09060	0,07327	0,06213	0,05536	0,05107	0,04078	0,03256	0,02728	0,02402	0,02428	0,02524	0,03145	0,03714	0,04028	0,03598	0,02773	0,02138	0,02020
0,01963	0,02017	0,02546	0,02784	0,02562	0,02695	0,02680	0,02565	0,02822	0,02926	0,02948	0,04008	0,05843	0,06889	0,06835	0,06505	0,07745	0,08956	0,12293	0,15967	0,17237	0,17546	0,22887	0,23686	0,20793	0,22067	0,25102	0,17536	0,10458	0,08714	0,10895	0,12119	0,12321	0,10417	0,07614	0,05594	0,04798	0,04286	0,03769	0,03333	0,03075	0,02803	0,02831	0,03094	0,03736	0,04212	0,04296	0,03576	0,02668	0,02112	0,01994
0,01950	0,01962	0,02463	0,02743	0,02635	0,02555	0,02466	0,02648	0,03091	0,03156	0,02844	0,03483	0,05566	0,07225	0,07703	0,07557	0,07463	0,07992	0,10725	0,14289	0,15792	0,14086	0,17643	0,18810	0,16546	0,15856	0,20756	0,18338	0,11131	0,07139	0,08107	0,09516	0,11243	0,10043	0,07293	0,05152	0,04226	0,03652	0,03441	0,03246	0,03209	0,03310	0,03325	0,03744	0,04244	0,04422	0,03975	0,03016	0,02379	0,02029	0,01973
0,01908	0,01973	0,02380	0,02606	0,02627	0,02350	0,02454	0,02806	0,03290	0,03215	0,02835	0,03323	0,05265	0,07403	0,08507	0,08594	0,07852	0,07329	0,08985	0,12676	0,14458	0,12881	0,12570	0,14933	0,13891	0,12234	0,15845	0,16653	0,11667	0,06694	0,05395	0,05839	0,08281	0,07977	0,06726	0,05210	0,04173	0,03596	0,03292	0,03318	0,03383	0,03540	0,03668	0,03930	0,04026	0,04022	0,03233	0,02678	0,02277	0,02122	0,02099
0,01921	0,01920	0,02321	0,02616	0,02687	0,02309	0,02330	0,02927	0,03568	0,03364	0,02702	0,03047	0,04897	0,07005	0,08674	0,09405	0,08282	0,07549	0,08133	0,10171	0,12111	0,11944	0,10940	0,11754	0,11624	0,10188	0,09464	0,11776	0,10712	0,06689	0,04164	0,03965	0,04731	0,05478	0,05824	0,05189	0,04489	0,03789	0,03383	0,03362	0,03473	0,03615	0,03684	0,03759	0,03490	0,02959	0,02434	0,02306	0,02226	0,02217	0,02273
0,01964	0,02016	0,02120	0,02486	0,02717	0,02396	0,02280	0,03057	0,03708	0,03354	0,02644	0,02826	0,04398	0,06526	0,08530	0,09510	0,09151	0,08286	0,08075	0,08062	0,09905	0,10924	0,10768	0,10048	0,10143	0,09518	0,08139	0,08173	0,08561	0,06900	0,04767	0,03234	0,02976	0,04064	0,04516	0,04487	0,04271	0,03769	0,03387	0,03314	0,03418	0,03379	0,03494	0,03312	0,02655	0,02307	0,02210	0,02399	0,02447	0,02432	0,02559
0,02091	0,02029	0,02019	0,02304	0,02658	0,02445	0,02319	0,02952	0,03706	0,03384	0,02641	0,02777	0,04135	0,05581	0,07234	0,08855	0,09203	0,08719	0,08429	0,07335	0,07111	0,08260	0,09915	0,08998	0,08796	0,09246	0,07972	0,06855	0,06553	0,06251	0,05562	0,04315	0,03152	0,02956	0,03324	0,03649	0,03672	0,03294	0,03103	0,03115	0,03241	0,03160	0,03113	0,02993	0,02527	0,02357	0,02717	0,02674	0,02685	0,02797	0,02814
0,02135	0,02058	0,01918	0,02177	0,02634	0,02662	0,02356	0,02660	0,03553	0,03357	0,02716	0,02807	0,03887	0,04986	0,06053	0,07557	0,08678	0,08767	0,08311	0,06874	0,05459	0,06503	0,08570	0,07839	0,07072	0,08082	0,08281	0,07013	0,05968	0,05306	0,05379	0,05223	0,04766	0,04566	0,04632	0,04276	0,04024	0,03319	0,03104	0,03109	0,03189	0,03189	0,03166	0,02928	0,02894	0,03088	0,03486	0,03409	0,03115	0,02845	0,02771
0,02054	0,02070	0,01909	0,02101	0,02502	0,02853	0,02584	0,02520	0,03045	0,03225	0,02883	0,03157	0,03927	0,04748	0,05016	0,06278	0,07983	0,08318	0,07871	0,06774	0,04959	0,05258	0,07092	0,06720	0,05423	0,06060	0,07650	0,08004	0,07017	0,05720	0,04797	0,05028	0,05652	0,06525	0,07376	0,07089	0,06449	0,04465	0,03666	0,03327	0,03279	0,03217	0,03060	0,02996	0,03422	0,03855	0,04031	0,03561	0,02891	0,02459	0,02535
0,02031	0,02040	0,01831	0,02016	0,02383	0,02926	0,02778	0,02526	0,02737	0,02964	0,02989	0,03378	0,04023	0,04486	0,04495	0,05456	0,07008	0,07708	0,07299	0,06589	0,05091	0,04738	0,06162	0,06148	0,04893	0,04537	0,06124	0,08127	0,08391	0,07166	0,05374	0,04776	0,05154	0,06606	0,08025	0,08770	0,08179	0,06600	0,05201	0,04057	0,03625	0,03207	0,02999	0,03090	0,03368	0,03861	0,03594	0,03083	0,02330	0,02109	0,02291
0,01966	0,02005	0,01907	0,01972	0,02439	0,02870	0,02798	0,02636	0,02695	0,02840	0,02998	0,03540	0,04046	0,04440	0,04326	0,04511	0,06236	0,06842	0,06714	0,06330	0,05604	0,05295	0,05807	0,06007	0,04772	0,04035	0,05039	0,07273	0,08325	0,07803	0,06505	0,05392	0,04696	0,04991	0,05841	0,06237	0,07118	0,06903	0,05837	0,04677	0,04008	0,03312	0,02889	0,02688	0,02835	0,02938	0,02848	0,02446	0,01937	0,02028	0,02232
0,01963	0,01940	0,01875	0,02142	0,02430	0,02783	0,02737	0,02632	0,02666	0,02803	0,03149	0,03577	0,04059	0,04289	0,04088	0,03751	0,04763	0,05629	0,05859	0,05885	0,06070	0,06224	0,06518	0,06422	0,05324	0,04119	0,04982	0,06831	0,07399	0,06780	0,06161	0,05916	0,05345	0,04586	0,04148	0,04136	0,04944	0,04799	0,05098	0,04799	0,04279	0,03481	0,02816	0,02337	0,02195	0,02353	0,02464	0,02168	0,01918	0,02013	0,02306
0,01966	0,01898	0,01873	0,02224	0,02458	0,02637	0,02505	0,02456	0,02906	0,03064	0,03233	0,03675	0,03870	0,04154	0,03990	0,03344	0,03550	0,04333	0,04911	0,04850	0,06047	0,07267	0,07698	0,07607	0,06144	0,04545	0,05173	0,07501	0,07827	0,06061	0,04928	0,05322	0,06424	0,06420	0,05831	0,04153	0,03152	0,03273	0,03582	0,04167	0,04076	0,03526	0,02735	0,02235	0,02260	0,02552	0,02593	0,02125	0,01929	0,02093	0,02363
0,01954	0,01907	0,01944	0,02256	0,02442	0,02401	0,02299	0,02350	0,02946	0,03267	0,03452	0,03678	0,03731	0,03928	0,03973	0,03238	0,02736	0,03276	0,04015	0,03817	0,05119	0,06943	0,08691	0,08965	0,07900	0,05594	0,04909	0,07329	0,08975	0,07621	0,04873	0,03893	0,05033	0,06633	0,07025	0,06142	0,04509	0,03504	0,03383	0,03778	0,03869	0,03609	0,02975	0,02425	0,02622	0,02849	0,02646	0,02176	0,01954	0,02176	0,02417
0,01883	0,01971	0,01985	0,02251	0,02453	0,02376	0,02135	0,02259	0,02957	0,03532	0,03568	0,03650	0,03655	0,03634	0,03932	0,03667	0,02664	0,02655	0,03288	0,03421	0,03623	0,05357	0,08227	0,09718	0,09437	0,07318	0,05296	0,05652	0,07872	0,08904	0,07353	0,04317	0,03466	0,04643	0,05076	0,04987	0,05437	0,05492	0,05814	0,05901	0,05679	0,04898	0,04189	0,03043	0,02598	0,02580	0,02285	0,02015	0,02054	0,02359	0,02626
0,01865	0,01953	0,02101	0,02251	0,02355	0,02308	0,02169	0,02353	0,02898	0,03598	0,03564	0,03504	0,03680	0,03637	0,03816	0,04048	0,03101	0,02483	0,02840	0,03212	0,02659	0,03294	0,06524	0,09639	0,10095	0,08665	0,06868	0,05226	0,05293	0,07037	0,08023	0,06747	0,05003	0,03696	0,02843	0,02882	0,03521	0,05277	0,07281	0,08020	0,08123	0,06800	0,05129	0,03422	0,02389	0,01920	0,01878	0,02010	0,02158	0,02386	0,02635
0,01885	0,01980	0,02157	0,02329	0,02304	0,02195	0,02235	0,02454	0,02966	0,03610	0,03555	0,03203	0,03558	0,03726	0,03679	0,03956	0,03815	0,03011	0,02570	0,03220	0,02695	0,02169	0,04673	0,08312	0,10175	0,08746	0,06952	0,05552	0,04622	0,04538	0,04888	0,06055	0,06579	0,05485	0,04491	0,02734	0,02332	0,03398	0,05497	0,07906	0,07561	0,06900	0,05285	0,03710	0,02407	0,01874	0,01972	0,02005	0,02043	0,02241	0,02388
0,01884	0,02030	0,02052	0,02356	0,02307	0,02202	0,02278	0,02642	0,03051	0,03632	0,03587	0,03117	0,03307	0,03778	0,03679	0,03510	0,03925	0,03718	0,03027	0,03393	0,03719	0,02493	0,02083	0,06328	0,08758	0,08954	0,06312	0,04587	0,03919	0,04069	0,03839	0,04413	0,04743	0,05659	0,04937	0,03461	0,02396	0,02212	0,03370	0,04670	0,04998	0,05340	0,04241	0,03308	0,02415	0,02226	0,02382	0,02334	0,02114	0,02044	0,02196
0,01913	0,01977	0,02020	0,02247	0,02352	0,02327	0,02363	0,02706	0,03187	0,03598	0,03558	0,03176	0,03051	0,03537	0,03795	0,03271	0,03444	0,03818	0,03709	0,03533	0,04418	0,03872	0,01879	0,03214	0,05186	0,08434	0,06479	0,03481	0,02863	0,03476	0,03762	0,03682	0,03936	0,04318	0,04029	0,03184	0,02474	0,02181	0,02388	0,02921	0,03288	0,03034	0,02898	0,02595	0,02318	0,02435	0,02610	0,02418	0,02077	0,01928	0,02022
0,01971	0,02007	0,01920	0,02124	0,02341	0,02361	0,02403	0,02685	0,03178	0,03379	0,03413	0,03199	0,03134	0,03336	0,03660	0,03460	0,03093	0,03590	0,04116	0,03754	0,04068	0,04709	0,03564	0,01848	0,02608	0,05465	0,07529	0,05722	0,02624	0,02100	0,02905	0,03783	0,04453	0,04353	0,04069	0,03320	0,02765	0,02628	0,02674	0,02668	0,02587	0,02478	0,02425	0,02396	0,02590	0,02737	0,02745	0,02415	0,02043	0,01982	0,02029
