15,57843	15,73529	15,89216	16,04902	16,20588	16,36275	16,51961	16,67647	16,83333	16,99020	17,14706	17,30392	17,46078	17,61765	17,77451	17,93137	18,08824	18,24510	18,40196	18,55882	18,71569	18,87255	19,02941	19,18627	19,34314	19,50000	19,65686	19,81373	19,97059	20,12745	20,28431	20,44118	20,59804	20,75490	20,91176	21,06863	21,22549	21,38235	21,53922	21,69608	21,85294	22,00980	22,16667	22,32353	22,48039	22,63725	22,79412	22,95098	23,10784	23,26471	23,42157
25,47843	25,63529	25,79216	25,94902	26,10588	26,26275	26,41961	26,57647	26,73333	26,89020	27,04706	27,20392	27,36078	27,51765	27,67451	27,83137	27,98824	28,14510	28,30196	28,45882	28,61569	28,77255	28,92941	29,08627	29,24314	29,40000	29,55686	29,71373	29,87059	30,02745	30,18431	30,34118	30,49804	30,65490	30,81176	30,96863	31,12549	31,28235	31,43922	31,59608	31,75294	31,90980	32,06667	32,22353	32,38039	32,53725	32,69412	32,85098	33,00784	33,16471	33,32157
0,00189	0,00622	0,00840	0,01198	0,01441	0,01881	0,02157	0,02304	0,02332	0,02134	0,02007	0,01596	0,01476	0,01089	0,00890	0,00759	0,00627	0,00543	0,00546	0,00717	0,00803	0,01009	0,01167	0,01664	0,01793	0,02117	0,02395	0,02695	0,02910	0,03213	0,03222	0,03207	0,03190	0,03070	0,02941	0,02410	0,02207	0,01681	0,01465	0,01240	0,01079	0,00911	0,00785	0,00741	0,00638	0,00532	0,00492	0,00386	0,00332	0,00288	0,00254
0,00384	0,00863	0,01092	0,01418	0,01812	0,02054	0,02220	0,02207	0,02170	0,01798	0,01602	0,01228	0,01088	0,00877	0,00773	0,00692	0,00666	0,00682	0,00775	0,01052	0,01115	0,01515	0,01683	0,02045	0,02333	0,02637	0,02959	0,03201	0,03387	0,03548	0,03631	0,03539	0,03380	0,03318	0,03095	0,02637	0,02402	0,01875	0,01684	0,01403	0,01206	0,01044	0,00888	0,00842	0,00706	0,00630	0,00534	0,00432	0,00380	0,00337	0,00262
0,00542	0,01086	0,01278	0,01680	0,01877	0,02089	0,02146	0,01998	0,01893	0,01523	0,01364	0,01035	0,00911	0,00785	0,00773	0,00799	0,00887	0,00980	0,01065	0,01442	0,01563	0,01938	0,02125	0,02579	0,02760	0,02962	0,03327	0,03567	0,03654	0,03853	0,03890	0,03797	0,03707	0,03547	0,03363	0,02910	0,02523	0,02071	0,01869	0,01532	0,01372	0,01135	0,01019	0,00899	0,00836	0,00685	0,00596	0,00491	0,00408	0,00373	0,00311
0,00662	0,01184	0,01609	0,01772	0,01956	0,02019	0,01943	0,01756	0,01622	0,01231	0,01065	0,00912	0,00871	0,00870	0,00955	0,01066	0,01187	0,01362	0,01496	0,01853	0,02037	0,02268	0,02583	0,02852	0,03176	0,03370	0,03597	0,03798	0,03958	0,04073	0,04080	0,03977	0,03902	0,03722	0,03507	0,03109	0,02838	0,02291	0,02026	0,01734	0,01494	0,01238	0,01093	0,01007	0,00895	0,00764	0,00663	0,00504	0,00475	0,00411	0,00323
0,00876	0,01239	0,01644	0,01756	0,01905	0,01848	0,01714	0,01479	0,01332	0,01061	0,00961	0,00987	0,01056	0,01114	0,01339	0,01559	0,01731	0,01835	0,02088	0,02318	0,02532	0,02818	0,02958	0,03195	0,03422	0,03625	0,03862	0,03947	0,04105	0,04164	0,04153	0,04129	0,04046	0,03904	0,03737	0,03374	0,03046	0,02493	0,02224	0,01945	0,01669	0,01407	0,01261	0,01068	0,00969	0,00826	0,00681	0,00561	0,00474	0,00447	0,00343
0,01008	0,01468	0,01670	0,01753	0,01773	0,01683	0,01491	0,01233	0,01065	0,00964	0,01019	0,01119	0,01341	0,01618	0,01822	0,02018	0,02205	0,02424	0,02582	0,02851	0,02940	0,03154	0,03312	0,03497	0,03648	0,03834	0,03926	0,04038	0,04096	0,04182	0,04240	0,04205	0,04170	0,04102	0,04029	0,03604	0,03322	0,02710	0,02493	0,02088	0,01883	0,01573	0,01321	0,01194	0,01040	0,00868	0,00742	0,00629	0,00523	0,00455	0,00384
0,01176	0,01426	0,01645	0,01674	0,01621	0,01472	0,01280	0,01076	0,01026	0,01042	0,01255	0,01495	0,01831	0,02059	0,02461	0,02513	0,02741	0,02928	0,03098	0,03220	0,03321	0,03495	0,03550	0,03653	0,03802	0,03868	0,03945	0,03970	0,04125	0,04197	0,04290	0,04356	0,04406	0,04421	0,04388	0,03987	0,03753	0,03104	0,02770	0,02364	0,02010	0,01745	0,01485	0,01332	0,01184	0,00940	0,00787	0,00650	0,00575	0,00478	0,00431
0,01160	0,01449	0,01549	0,01505	0,01439	0,01283	0,01074	0,01029	0,01068	0,01370	0,01664	0,02125	0,02491	0,02608	0,02978	0,03177	0,03305	0,03362	0,03514	0,03601	0,03650	0,03691	0,03741	0,03736	0,03772	0,03822	0,03841	0,03942	0,04067	0,04206	0,04370	0,04534	0,04678	0,04762	0,04850	0,04445	0,04171	0,03516	0,03149	0,02653	0,02298	0,01911	0,01675	0,01469	0,01311	0,01052	0,00879	0,00746	0,00629	0,00529	0,00459
0,01194	0,01428	0,01437	0,01372	0,01210	0,01079	0,01029	0,01110	0,01352	0,01712	0,02051	0,02654	0,03044	0,03351	0,03589	0,03659	0,03810	0,03861	0,03924	0,03912	0,03920	0,03866	0,03782	0,03726	0,03704	0,03707	0,03724	0,03832	0,03978	0,04200	0,04447	0,04710	0,04978	0,05187	0,05312	0,04980	0,04821	0,04000	0,03803	0,03186	0,02709	0,02260	0,01989	0,01697	0,01447	0,01144	0,00983	0,00789	0,00687	0,00587	0,00525
0,01219	0,01364	0,01371	0,01240	0,01136	0,01060	0,01118	0,01336	0,01771	0,02376	0,02743	0,03324	0,03780	0,03811	0,04072	0,04178	0,04241	0,04238	0,04274	0,04168	0,04093	0,03979	0,03788	0,03660	0,03585	0,03555	0,03581	0,03692	0,03874	0,04246	0,04627	0,04851	0,05149	0,05441	0,05753	0,05567	0,05371	0,04584	0,04230	0,03676	0,03268	0,02578	0,02353	0,02064	0,01725	0,01380	0,01140	0,00852	0,00813	0,00660	0,00619
0,01195	0,01267	0,01194	0,01148	0,01103	0,01071	0,01261	0,01617	0,02153	0,02774	0,03207	0,03821	0,04225	0,04361	0,04564	0,04599	0,04642	0,04546	0,04571	0,04337	0,04232	0,03893	0,03741	0,03491	0,03358	0,03344	0,03356	0,03494	0,03660	0,04131	0,04414	0,04992	0,05427	0,05757	0,05985	0,06034	0,05950	0,05162	0,04857	0,04127	0,03776	0,02955	0,02743	0,02338	0,02026	0,01541	0,01410	0,01053	0,00904	0,00768	0,00717
0,01182	0,01205	0,01132	0,01090	0,01147	0,01258	0,01667	0,01979	0,02654	0,03527	0,03917	0,04321	0,04816	0,04838	0,04953	0,04921	0,04947	0,04830	0,04790	0,04510	0,04324	0,03954	0,03657	0,03425	0,03180	0,03084	0,03097	0,03242	0,03423	0,03846	0,04364	0,04935	0,05258	0,05822	0,06159	0,06406	0,06447	0,05882	0,05630	0,04835	0,04273	0,03448	0,03218	0,02636	0,02350	0,01876	0,01657	0,01191	0,01068	0,00903	0,00805
0,01126	0,01138	0,01120	0,01117	0,01263	0,01404	0,02038	0,02540	0,03140	0,04114	0,04665	0,04863	0,05192	0,05231	0,05278	0,05225	0,05189	0,05064	0,05002	0,04629	0,04239	0,03773	0,03454	0,03269	0,02981	0,02831	0,02759	0,02925	0,03008	0,03545	0,03997	0,04604	0,05169	0,05603	0,06145	0,06642	0,06805	0,06388	0,06192	0,05534	0,05042	0,03992	0,03685	0,03127	0,02910	0,02223	0,01901	0,01399	0,01220	0,01048	0,00935
0,01096	0,01129	0,01146	0,01254	0,01439	0,01769	0,02326	0,03166	0,03889	0,04727	0,04985	0,05287	0,05577	0,05504	0,05530	0,05456	0,05413	0,05306	0,05148	0,04709	0,04212	0,03746	0,03266	0,03033	0,02698	0,02539	0,02382	0,02486	0,02710	0,03202	0,03436	0,04243	0,04648	0,05346	0,05869	0,06700	0,06957	0,06822	0,06754	0,06096	0,05584	0,04711	0,04284	0,03779	0,03199	0,02595	0,02234	0,01638	0,01454	0,01167	0,01048
0,01124	0,01168	0,01250	0,01369	0,01680	0,02175	0,03073	0,03603	0,04158	0,05013	0,05590	0,05730	0,05825	0,05767	0,05715	0,05668	0,05617	0,05429	0,05214	0,04728	0,04253	0,03830	0,03260	0,02837	0,02474	0,02303	0,02073	0,02122	0,02134	0,02619	0,02883	0,03637	0,04380	0,04869	0,05560	0,06467	0,07112	0,07149	0,07036	0,06520	0,06183	0,05046	0,04847	0,04086	0,03828	0,02932	0,02628	0,01924	0,01609	0,01321	0,01238
0,01139	0,01256	0,01452	0,01649	0,02098	0,02466	0,03227	0,04021	0,04992	0,05434	0,05811	0,05996	0,06038	0,05952	0,05939	0,05844	0,05844	0,05641	0,05390	0,04825	0,04579	0,03657	0,03404	0,02904	0,02365	0,02081	0,01751	0,01742	0,01728	0,02124	0,02435	0,03425	0,03907	0,04845	0,05411	0,06591	0,07020	0,07333	0,07343	0,06880	0,06447	0,05749	0,05339	0,04738	0,04299	0,03390	0,02938	0,02233	0,01827	0,01546	0,01294
0,01228	0,01327	0,01673	0,01928	0,02213	0,02893	0,03597	0,04497	0,05157	0,05873	0,06142	0,06189	0,06249	0,06128	0,06107	0,06038	0,06023	0,05848	0,05689	0,05009	0,04691	0,03838	0,03352	0,02729	0,02410	0,01835	0,01602	0,01426	0,01390	0,01735	0,02106	0,02926	0,03446	0,04437	0,05075	0,06330	0,07012	0,07354	0,07457	0,07192	0,06864	0,06122	0,05662	0,05042	0,04596	0,03683	0,03258	0,02497	0,02171	0,01749	0,01400
0,01301	0,01559	0,01819	0,02114	0,02598	0,03450	0,04141	0,04957	0,05502	0,06212	0,06293	0,06403	0,06393	0,06334	0,06302	0,06240	0,06254	0,06043	0,05975	0,05367	0,05050	0,04310	0,03640	0,02972	0,02420	0,01749	0,01552	0,01275	0,01248	0,01599	0,01912	0,02686	0,03477	0,04509	0,05138	0,06302	0,06848	0,07418	0,07520	0,07425	0,07208	0,06508	0,06156	0,05654	0,05253	0,04224	0,03483	0,02808	0,02345	0,01819	0,01687
0,01431	0,01610	0,02085	0,02416	0,02867	0,03545	0,04470	0,05117	0,05726	0,06386	0,06554	0,06555	0,06563	0,06483	0,06528	0,06467	0,06520	0,06398	0,06271	0,05750	0,05147	0,04451	0,03781	0,03186	0,02627	0,01896	0,01577	0,01227	0,01213	0,01561	0,02011	0,02703	0,03703	0,04231	0,05111	0,06123	0,06744	0,07264	0,07527	0,07597	0,07563	0,07011	0,06596	0,06110	0,05385	0,04605	0,03895	0,02981	0,02567	0,02105	0,01710
0,01484	0,01878	0,02145	0,02740	0,03143	0,04018	0,04927	0,05345	0,06020	0,06468	0,06702	0,06681	0,06722	0,06691	0,06753	0,06745	0,06885	0,06771	0,06679	0,06106	0,05754	0,04798	0,04261	0,03396	0,03054	0,02203	0,01626	0,01355	0,01379	0,01613	0,02349	0,02943	0,03731	0,04632	0,05084	0,06056	0,06541	0,07144	0,07574	0,07726	0,07814	0,07324	0,06941	0,06255	0,05894	0,04655	0,04061	0,03235	0,02653	0,02167	0,01877
0,01579	0,02029	0,02401	0,03017	0,03544	0,04039	0,05062	0,05765	0,06188	0,06678	0,06756	0,06810	0,06882	0,06887	0,07007	0,07009	0,07216	0,07108	0,07072	0,06418	0,06041	0,05234	0,04742	0,03851	0,03282	0,02224	0,01955	0,01592	0,01641	0,01808	0,02618	0,03048	0,03813	0,04465	0,05045	0,05792	0,06315	0,07024	0,07622	0,07892	0,08027	0,07568	0,07315	0,06379	0,05933	0,04606	0,03840	0,03307	0,02745	0,02099	0,01869
0,01736	0,02157	0,02533	0,03096	0,03518	0,04283	0,05241	0,05645	0,06343	0,06714	0,06803	0,06911	0,07002	0,07074	0,07218	0,07281	0,07472	0,07458	0,07465	0,06891	0,06631	0,05633	0,05011	0,03887	0,03568	0,02708	0,02383	0,01958	0,02029	0,02252	0,02715	0,03265	0,03754	0,04296	0,04781	0,05361	0,06139	0,06881	0,07472	0,08004	0,08117	0,07644	0,07256	0,06534	0,05807	0,04850	0,03790	0,03249	0,02577	0,02130	0,01719
0,01770	0,02264	0,02698	0,03320	0,03744	0,04433	0,05181	0,05765	0,06230	0,06742	0,06853	0,06973	0,07107	0,07285	0,07457	0,07558	0,07742	0,07777	0,07804	0,07202	0,06865	0,05949	0,05291	0,04330	0,03893	0,03057	0,02954	0,02489	0,02674	0,02711	0,03217	0,03415	0,03852	0,04324	0,04608	0,05067	0,05665	0,06618	0,07132	0,07791	0,07876	0,07536	0,06725	0,06089	0,05154	0,04187	0,03369	0,03023	0,02412	0,02027	0,01703
0,01917	0,02347	0,02792	0,03200	0,03999	0,04696	0,05104	0,05783	0,06186	0,06679	0,06808	0,07014	0,07228	0,07311	0,07518	0,07709	0,07984	0,08017	0,07986	0,07572	0,07248	0,06368	0,05759	0,05038	0,04600	0,03847	0,03791	0,03239	0,03475	0,03266	0,03766	0,03736	0,04139	0,04266	0,04607	0,04747	0,05317	0,06124	0,06726	0,07442	0,07320	0,07236	0,06309	0,05864	0,04454	0,03631	0,03161	0,02387	0,02093	0,01776	0,01511
0,01997	0,02412	0,03064	0,03504	0,03794	0,04657	0,05000	0,05680	0,06065	0,06483	0,06670	0,06985	0,07143	0,07421	0,07646	0,07801	0,08057	0,08178	0,08225	0,07837	0,07527	0,06671	0,06376	0,05574	0,05450	0,04774	0,04774	0,04181	0,04504	0,04121	0,04668	0,04429	0,04718	0,04626	0,05201	0,04922	0,04998	0,05503	0,05950	0,06586	0,06399	0,06423	0,05510	0,05034	0,03908	0,03266	0,02552	0,02090	0,01609	0,01401	0,01218
0,01919	0,02640	0,02926	0,03521	0,03776	0,04336	0,04914	0,05641	0,05896	0,06386	0,06476	0,06830	0,07041	0,07362	0,07588	0,07855	0,08158	0,08260	0,08402	0,08104	0,08014	0,07395	0,07116	0,06527	0,06407	0,05865	0,05977	0,05486	0,05711	0,05258	0,05888	0,05415	0,06013	0,05828	0,06709	0,05817	0,05318	0,05148	0,05217	0,05707	0,05390	0,05471	0,04741	0,04404	0,03584	0,02708	0,02253	0,01652	0,01382	0,01166	0,00997
0,01942	0,02563	0,02962	0,03503	0,03817	0,04302	0,04954	0,05355	0,05722	0,06003	0,06248	0,06650	0,06898	0,07256	0,07332	0,07776	0,08042	0,08357	0,08587	0,08549	0,08564	0,08202	0,08280	0,07634	0,07820	0,07192	0,07352	0,06714	0,06892	0,06488	0,07087	0,06830	0,07418	0,07714	0,08811	0,07916	0,06333	0,05317	0,05059	0,04904	0,04487	0,04379	0,03925	0,03566	0,03103	0,02471	0,01848	0,01324	0,01073	0,00968	0,00767
0,01924	0,02461	0,02902	0,03330	0,03621	0,04144	0,04529	0,05041	0,05356	0,05735	0,05882	0,06285	0,06485	0,06922	0,07225	0,07541	0,07879	0,08369	0,08847	0,09090	0,09449	0,09175	0,09672	0,09093	0,09376	0,08777	0,08995	0,08072	0,08369	0,07966	0,08471	0,08357	0,09354	0,09895	0,11257	0,10417	0,08530	0,06378	0,05509	0,04561	0,04088	0,03838	0,03232	0,02851	0,02515	0,02011	0,01556	0,01210	0,01095	0,00822	0,00660
0,01806	0,02484	0,02646	0,03255	0,03528	0,04045	0,04221	0,04704	0,05021	0,05325	0,05494	0,05967	0,06139	0,06545	0,06750	0,07333	0,07879	0,08267	0,09093	0,09565	0,10289	0,10455	0,11285	0,10902	0,11182	0,10438	0,10651	0,09620	0,09670	0,09145	0,09654	0,09657	0,10547	0,11556	0,12655	0,12301	0,10683	0,07975	0,06313	0,04600	0,03822	0,03095	0,02765	0,02540	0,02328	0,01972	0,01539	0,01167	0,00905	0,00737	0,00646
0,01642	0,02238	0,02591	0,02971	0,03112	0,03686	0,03951	0,04466	0,04510	0,04880	0,05015	0,05516	0,05810	0,06271	0,06520	0,06979	0,07457	0,08362	0,09175	0,10567	0,11473	0,11907	0,13028	0,12735	0,13082	0,12267	0,12293	0,11219	0,11041	0,10348	0,10605	0,10479	0,11280	0,12142	0,12487	0,12775	0,11876	0,09074	0,07221	0,04983	0,03540	0,02874	0,02315	0,02233	0,01963	0,01731	0,01476	0,01258	0,00990	0,00737	0,00625
0,01489	0,02092	0,02463	0,02786	0,03028	0,03460	0,03626	0,04065	0,04206	0,04484	0,04568	0,05046	0,05272	0,05760	0,06056	0,06779	0,07315	0,08421	0,09302	0,10828	0,12095	0,13770	0,14482	0,14565	0,15059	0,13991	0,14427	0,12823	0,12707	0,11371	0,11154	0,10853	0,10896	0,11476	0,11011	0,11415	0,10889	0,09573	0,06745	0,05302	0,03226	0,02435	0,01956	0,01875	0,01674	0,01623	0,01343	0,01170	0,00925	0,00647	0,00573
0,01397	0,01924	0,02211	0,02474	0,02711	0,03179	0,03327	0,03728	0,03767	0,04002	0,04112	0,04478	0,04676	0,05168	0,05552	0,06221	0,06755	0,07859	0,09238	0,11201	0,13161	0,14718	0,15674	0,16159	0,16620	0,15861	0,15881	0,14426	0,14064	0,12474	0,11414	0,10735	0,10167	0,10113	0,09010	0,09167	0,09218	0,07879	0,06404	0,04330	0,02630	0,02002	0,01740	0,01563	0,01401	0,01376	0,01241	0,01021	0,00820	0,00678	0,00512
0,01197	0,01676	0,01991	0,02262	0,02396	0,02898	0,02989	0,03286	0,03405	0,03570	0,03664	0,04049	0,04203	0,04765	0,05033	0,05944	0,06158	0,07438	0,08893	0,11130	0,13464	0,15125	0,16095	0,17062	0,17533	0,17047	0,16932	0,15892	0,14933	0,12829	0,11458	0,09792	0,08760	0,08411	0,06758	0,06873	0,06586	0,06418	0,04790	0,03409	0,02273	0,01541	0,01236	0,01160	0,01023	0,01042	0,00976	0,00909	0,00692	0,00556	0,00461
0,00968	0,01506	0,01668	0,02097	0,02202	0,02521	0,02655	0,02938	0,03018	0,03233	0,03230	0,03640	0,03796	0,04284	0,04339	0,05381	0,05572	0,07042	0,08648	0,11322	0,12307	0,14981	0,15656	0,16892	0,17433	0,17479	0,17306	0,16404	0,15156	0,13206	0,11326	0,09316	0,07774	0,06885	0,04927	0,04517	0,04157	0,04089	0,02994	0,02530	0,01361	0,01072	0,00848	0,00840	0,00764	0,00813	0,00729	0,00732	0,00562	0,00463	0,00385
0,00809	0,01346	0,01504	0,01725	0,01844	0,02284	0,02363	0,02596	0,02679	0,02861	0,02933	0,03219	0,03408	0,03733	0,03908	0,04868	0,05229	0,06401	0,08101	0,09758	0,11228	0,13687	0,14417	0,16216	0,15999	0,16590	0,16084	0,15870	0,14352	0,12944	0,10557	0,08466	0,06886	0,05405	0,03531	0,02790	0,02275	0,02167	0,01551	0,01342	0,00787	0,00783	0,00556	0,00571	0,00543	0,00579	0,00553	0,00587	0,00434	0,00389	0,00343
0,00685	0,01029	0,01220	0,01570	0,01584	0,01951	0,02042	0,02347	0,02379	0,02582	0,02641	0,02858	0,03081	0,03404	0,03586	0,04263	0,04715	0,05853	0,06545	0,08771	0,10292	0,12128	0,12221	0,14184	0,13798	0,14685	0,13762	0,13726	0,12379	0,11328	0,09083	0,08062	0,05781	0,04129	0,03012	0,01984	0,01282	0,01040	0,00803	0,00689	0,00450	0,00453	0,00358	0,00397	0,00394	0,00393	0,00367	0,00383	0,00349	0,00309	0,00290
0,00566	0,00880	0,01031	0,01307	0,01414	0,01681	0,01798	0,02058	0,02115	0,02312	0,02386	0,02593	0,02719	0,03104	0,03185	0,03610	0,04047	0,04865	0,05527	0,07383	0,08072	0,10245	0,10288	0,11794	0,11136	0,12032	0,11065	0,11604	0,09782	0,09838	0,07562	0,06590	0,05023	0,03947	0,02126	0,01476	0,00888	0,00589	0,00398	0,00333	0,00268	0,00298	0,00280	0,00307	0,00294	0,00295	0,00281	0,00286	0,00256	0,00228	0,00214
0,00433	0,00720	0,00840	0,01013	0,01104	0,01409	0,01578	0,01750	0,01881	0,02069	0,02141	0,02405	0,02554	0,02823	0,02924	0,03391	0,03568	0,04200	0,04676	0,06019	0,06568	0,08171	0,07528	0,09013	0,08395	0,09326	0,08125	0,08606	0,07514	0,06749	0,05216	0,04570	0,03570	0,02681	0,01936	0,01036	0,00572	0,00383	0,00272	0,00218	0,00217	0,00259	0,00258	0,00265	0,00243	0,00239	0,00220	0,00187	0,00196	0,00203	0,00202
0,00360	0,00519	0,00638	0,00855	0,00888	0,01155	0,01289	0,01522	0,01666	0,01868	0,01938	0,02204	0,02290	0,02592	0,02611	0,02940	0,03048	0,03613	0,03807	0,04811	0,04832	0,06052	0,05520	0,06436	0,05651	0,06368	0,05580	0,05883	0,04639	0,04748	0,03267	0,02974	0,02251	0,02019	0,01043	0,00732	0,00526	0,00317	0,00260	0,00215	0,00245	0,00253	0,00234	0,00232	0,00219	0,00212	0,00202	0,00192	0,00169	0,00177	0,00168
0,00296	0,00416	0,00541	0,00685	0,00779	0,00986	0,01112	0,01327	0,01446	0,01653	0,01774	0,02000	0,02087	0,02330	0,02379	0,02669	0,02678	0,03086	0,03224	0,03786	0,03711	0,04322	0,03807	0,04446	0,03710	0,04113	0,03246	0,03591	0,02732	0,02564	0,01706	0,01822	0,01344	0,01213	0,00662	0,00507	0,00397	0,00324	0,00267	0,00249	0,00243	0,00248	0,00227	0,00216	0,00213	0,00181	0,00187	0,00193	0,00198	0,00199	0,00197
0,00243	0,00338	0,00378	0,00547	0,00578	0,00837	0,00923	0,01082	0,01223	0,01397	0,01496	0,01792	0,01907	0,02078	0,02096	0,02381	0,02330	0,02604	0,02615	0,02923	0,02744	0,03074	0,02555	0,02829	0,02259	0,02482	0,01802	0,01779	0,01323	0,01236	0,00633	0,00763	0,00520	0,00528	0,00252	0,00285	0,00298	0,00277	0,00230	0,00255	0,00238	0,00219	0,00226	0,00204	0,00225	0,00241	0,00220	0,00235	0,00230	0,00211	0,00238
0,00215	0,00257	0,00320	0,00446	0,00478	0,00685	0,00725	0,00943	0,01047	0,01219	0,01311	0,01513	0,01649	0,01873	0,01857	0,02065	0,01994	0,02205	0,02137	0,02266	0,02180	0,02242	0,01831	0,01753	0,01465	0,01318	0,00935	0,00853	0,00474	0,00458	0,00206	0,00181	0,00148	0,00139	0,00143	0,00186	0,00213	0,00221	0,00230	0,00225	0,00246	0,00234	0,00220	0,00246	0,00256	0,00272	0,00287	0,00287	0,00282	0,00278	0,00286
0,00207	0,00235	0,00281	0,00385	0,00378	0,00522	0,00588	0,00780	0,00876	0,01006	0,01116	0,01323	0,01393	0,01552	0,01516	0,01755	0,01666	0,01844	0,01693	0,01762	0,01557	0,01564	0,01219	0,01151	0,00894	0,00785	0,00518	0,00438	0,00259	0,00156	0,00071	0,00041	0,00094	0,00122	0,00184	0,00252	0,00233	0,00227	0,00242	0,00252	0,00248	0,00260	0,00298	0,00309	0,00339	0,00348	0,00347	0,00354	0,00362	0,00336	0,00338
0,00211	0,00211	0,00229	0,00309	0,00310	0,00450	0,00489	0,00604	0,00731	0,00849	0,00936	0,01104	0,01151	0,01310	0,01214	0,01390	0,01338	0,01473	0,01337	0,01364	0,01217	0,01168	0,00843	0,00860	0,00597	0,00569	0,00359	0,00284	0,00211	0,00131	0,00135	0,00104	0,00139	0,00233	0,00311	0,00377	0,00338	0,00311	0,00327	0,00325	0,00344	0,00335	0,00345	0,00373	0,00398	0,00426	0,00436	0,00420	0,00439	0,00395	0,00391
0,00206	0,00230	0,00248	0,00268	0,00284	0,00356	0,00401	0,00514	0,00576	0,00707	0,00736	0,00890	0,00922	0,01038	0,01010	0,01115	0,01040	0,01135	0,00996	0,01014	0,00894	0,00821	0,00625	0,00595	0,00479	0,00341	0,00307	0,00251	0,00194	0,00176	0,00203	0,00250	0,00249	0,00345	0,00381	0,00449	0,00432	0,00442	0,00420	0,00387	0,00417	0,00433	0,00444	0,00440	0,00484	0,00505	0,00489	0,00502	0,00476	0,00444	0,00419
0,00243	0,00231	0,00226	0,00241	0,00242	0,00292	0,00325	0,00395	0,00464	0,00564	0,00619	0,00725	0,00760	0,00833	0,00795	0,00869	0,00810	0,00843	0,00730	0,00758	0,00610	0,00584	0,00463	0,00410	0,00331	0,00275	0,00238	0,00241	0,00193	0,00202	0,00227	0,00265	0,00309	0,00351	0,00400	0,00435	0,00486	0,00492	0,00485	0,00473	0,00477	0,00502	0,00492	0,00545	0,00524	0,00561	0,00553	0,00544	0,00523	0,00474	0,00435
0,00263	0,00242	0,00268	0,00264	0,00250	0,00272	0,00279	0,00334	0,00372	0,00459	0,00510	0,00602	0,00635	0,00680	0,00643	0,00671	0,00654	0,00639	0,00558	0,00520	0,00441	0,00407	0,00319	0,00263	0,00238	0,00218	0,00199	0,00192	0,00181	0,00206	0,00199	0,00254	0,00275	0,00298	0,00328	0,00396	0,00455	0,00487	0,00482	0,00482	0,00510	0,00515	0,00510	0,00568	0,00569	0,00564	0,00561	0,00560	0,00530	0,00470	0,00462
0,00293	0,00274	0,00284	0,00265	0,00251	0,00259	0,00271	0,00285	0,00322	0,00398	0,00438	0,00496	0,00506	0,00553	0,00526	0,00569	0,00529	0,00536	0,00450	0,00437	0,00359	0,00291	0,00247	0,00222	0,00200	0,00186	0,00164	0,00166	0,00154	0,00181	0,00199	0,00210	0,00249	0,00255	0,00277	0,00311	0,00417	0,00428	0,00469	0,00478	0,00478	0,00528	0,00533	0,00547	0,00559	0,00541	0,00572	0,00563	0,00533	0,00494	0,00457
0,00324	0,00289	0,00288	0,00288	0,00274	0,00258	0,00256	0,00273	0,00282	0,00320	0,00348	0,00414	0,00422	0,00483	0,00453	0,00480	0,00453	0,00445	0,00419	0,00356	0,00320	0,00276	0,00250	0,00225	0,00192	0,00189	0,00193	0,00188	0,00209	0,00212	0,00232	0,00232	0,00245	0,00260	0,00286	0,00304	0,00356	0,00385	0,00424	0,00445	0,00483	0,00494	0,00495	0,00517	0,00539	0,00544	0,00548	0,00521	0,00510	0,00494	0,00441
0,00308	0,00320	0,00306	0,00305	0,00299	0,00279	0,00267	0,00261	0,00259	0,00285	0,00298	0,00341	0,00375	0,00398	0,00409	0,00417	0,00411	0,00401	0,00379	0,00351	0,00333	0,00293	0,00289	0,00256	0,00256	0,00257	0,00252	0,00242	0,00263	0,00267	0,00308	0,00310	0,00309	0,00321	0,00341	0,00351	0,00352	0,00381	0,00392	0,00426	0,00442	0,00464	0,00473	0,00503	0,00504	0,00518	0,00516	0,00489	0,00466	0,00454	0,00427
0,00303	0,00326	0,00320	0,00301	0,00307	0,00291	0,00285	0,00268	0,00254	0,00252	0,00250	0,00284	0,00315	0,00347	0,00338	0,00366	0,00366	0,00371	0,00375	0,00362	0,00342	0,00329	0,00336	0,00307	0,00310	0,00314	0,00321	0,00335	0,00356	0,00359	0,00407	0,00393	0,00398	0,00402	0,00434	0,00435	0,00378	0,00407	0,00407	0,00429	0,00455	0,00452	0,00463	0,00454	0,00471	0,00482	0,00511	0,00479	0,00447	0,00422	0,00371
