15,57843	15,73529	15,89216	16,04902	16,20588	16,36275	16,51961	16,67647	16,83333	16,99020	17,14706	17,30392	17,46078	17,61765	17,77451	17,93137	18,08824	18,24510	18,40196	18,55882	18,71569	18,87255	19,02941	19,18627	19,34314	19,50000	19,65686	19,81373	19,97059	20,12745	20,28431	20,44118	20,59804	20,75490	20,91176	21,06863	21,22549	21,38235	21,53922	21,69608	21,85294	22,00980	22,16667	22,32353	22,48039	22,63725	22,79412	22,95098	23,10784	23,26471	23,42157
25,47843	25,63529	25,79216	25,94902	26,10588	26,26275	26,41961	26,57647	26,73333	26,89020	27,04706	27,20392	27,36078	27,51765	27,67451	27,83137	27,98824	28,14510	28,30196	28,45882	28,61569	28,77255	28,92941	29,08627	29,24314	29,40000	29,55686	29,71373	29,87059	30,02745	30,18431	30,34118	30,49804	30,65490	30,81176	30,96863	31,12549	31,28235	31,43922	31,59608	31,75294	31,90980	32,06667	32,22353	32,38039	32,53725	32,69412	32,85098	33,00784	33,16471	33,32157
0,03820	0,06065	0,07162	0,09195	0,10090	0,11294	0,12144	0,12580	0,13048	0,13479	0,14316	0,15236	0,16598	0,18926	0,19834	0,20476	0,22081	0,22902	0,22720	0,21596	0,20727	0,17887	0,16557	0,13477	0,11411	0,09901	0,08691	0,07386	0,06996	0,06144	0,05813	0,05267	0,05015	0,04663	0,04255	0,03761	0,03469	0,03093	0,02833	0,02281	0,02122	0,01834	0,01521	0,01220	0,01091	0,00915	0,00733	0,00632	0,00503	0,00414	0,00348
0,05450	0,07031	0,08520	0,10140	0,10927	0,12091	0,12932	0,13283	0,13911	0,14593	0,15698	0,16916	0,18404	0,19839	0,21530	0,22293	0,23014	0,23813	0,23121	0,21440	0,20293	0,17696	0,15435	0,12794	0,10905	0,09229	0,08178	0,07522	0,06717	0,06143	0,05743	0,05460	0,04987	0,04546	0,04153	0,03766	0,03370	0,02915	0,02606	0,02289	0,02033	0,01772	0,01488	0,01285	0,01053	0,00853	0,00711	0,00616	0,00495	0,00431	0,00338
0,06528	0,07963	0,09574	0,10522	0,11890	0,13017	0,13557	0,13903	0,14410	0,15400	0,16792	0,17571	0,19766	0,21816	0,23314	0,23358	0,24277	0,24076	0,23083	0,21072	0,19475	0,17254	0,15258	0,12575	0,11211	0,09529	0,08548	0,07456	0,06967	0,06413	0,06003	0,05607	0,05235	0,04561	0,04271	0,03644	0,03362	0,02921	0,02559	0,02183	0,01844	0,01632	0,01459	0,01176	0,01011	0,00855	0,00676	0,00566	0,00479	0,00390	0,00308
0,07352	0,08713	0,10031	0,11467	0,12344	0,13448	0,14048	0,14453	0,15223	0,15777	0,17837	0,18696	0,20695	0,22555	0,23851	0,24231	0,24760	0,24083	0,23250	0,21203	0,19121	0,17265	0,15172	0,12663	0,11362	0,09767	0,08931	0,08017	0,07616	0,06889	0,06607	0,06017	0,05528	0,04715	0,04235	0,03675	0,03288	0,02832	0,02554	0,02015	0,01821	0,01569	0,01390	0,01168	0,00992	0,00799	0,00659	0,00566	0,00493	0,00404	0,00330
0,07882	0,09780	0,10988	0,12002	0,12724	0,13676	0,14330	0,14995	0,15560	0,16673	0,18429	0,19932	0,20948	0,22787	0,24214	0,24615	0,24783	0,23957	0,22251	0,20053	0,18063	0,16440	0,15376	0,12877	0,12027	0,10495	0,09836	0,08720	0,08288	0,07610	0,06951	0,06634	0,06054	0,05077	0,04481	0,03605	0,03241	0,02822	0,02377	0,01956	0,01777	0,01532	0,01287	0,01123	0,00891	0,00788	0,00672	0,00582	0,00474	0,00392	0,00308
0,08501	0,10315	0,11215	0,12235	0,13053	0,14099	0,14510	0,14923	0,15827	0,17356	0,18353	0,19870	0,21530	0,23158	0,24294	0,24572	0,24419	0,23274	0,21723	0,19812	0,18455	0,16922	0,15819	0,14441	0,13500	0,11769	0,11237	0,09834	0,09421	0,08630	0,08065	0,07163	0,06606	0,05452	0,04682	0,03739	0,03332	0,02826	0,02458	0,02009	0,01767	0,01509	0,01299	0,01042	0,00934	0,00762	0,00634	0,00524	0,00464	0,00384	0,00336
0,09091	0,10515	0,11600	0,12647	0,13227	0,14050	0,14630	0,15186	0,16623	0,17504	0,18723	0,20508	0,21869	0,23417	0,24117	0,24289	0,24262	0,23001	0,21864	0,20530	0,19430	0,18448	0,17598	0,16468	0,15693	0,13531	0,13041	0,11322	0,10645	0,09773	0,09151	0,08044	0,07416	0,05948	0,05025	0,04056	0,03387	0,02905	0,02641	0,02106	0,01828	0,01567	0,01329	0,01054	0,00938	0,00757	0,00598	0,00526	0,00443	0,00375	0,00328
0,09377	0,10811	0,11666	0,12591	0,13433	0,14051	0,14892	0,15343	0,16444	0,18119	0,19512	0,20815	0,22359	0,23298	0,23937	0,24054	0,23869	0,22975	0,22528	0,21310	0,21092	0,20554	0,20249	0,19200	0,18317	0,15845	0,15138	0,12806	0,12373	0,10888	0,10154	0,08696	0,08016	0,06647	0,05423	0,04180	0,03715	0,03179	0,02781	0,02178	0,01955	0,01631	0,01428	0,01131	0,00938	0,00771	0,00660	0,00577	0,00500	0,00383	0,00320
0,09926	0,11305	0,12045	0,12726	0,13251	0,14170	0,15086	0,15815	0,17042	0,18196	0,19381	0,20664	0,22070	0,23579	0,24111	0,24130	0,24170	0,23805	0,23910	0,23424	0,23857	0,23595	0,23578	0,22220	0,21475	0,18555	0,17372	0,14675	0,13803	0,12173	0,11149	0,09526	0,08802	0,07210	0,05801	0,04532	0,04062	0,03370	0,02968	0,02325	0,02120	0,01810	0,01623	0,01232	0,01088	0,00851	0,00720	0,00619	0,00530	0,00389	0,00346
0,09871	0,11153	0,11948	0,12676	0,13153	0,14067	0,15056	0,15961	0,17296	0,18399	0,19538	0,21030	0,22752	0,23696	0,24687	0,24707	0,25025	0,25480	0,26210	0,26157	0,27387	0,27522	0,27846	0,25937	0,24627	0,21366	0,19985	0,16722	0,15556	0,13150	0,11932	0,10781	0,09775	0,08164	0,06804	0,05209	0,04549	0,03864	0,03436	0,02617	0,02460	0,02007	0,01793	0,01353	0,01199	0,00952	0,00846	0,00696	0,00610	0,00425	0,00367
0,09990	0,10998	0,11837	0,12532	0,13063	0,13999	0,15103	0,15896	0,17431	0,18721	0,20450	0,21284	0,23066	0,24056	0,25638	0,25623	0,26522	0,27389	0,29582	0,29898	0,32036	0,31664	0,31888	0,30163	0,28042	0,24103	0,21628	0,18144	0,17000	0,14428	0,13196	0,11603	0,10833	0,08807	0,07585	0,05902	0,05275	0,04294	0,03956	0,02947	0,02784	0,02353	0,02167	0,01663	0,01439	0,01129	0,00987	0,00779	0,00722	0,00516	0,00401
0,10067	0,11123	0,11802	0,12307	0,13226	0,14047	0,15286	0,15784	0,17645	0,18681	0,20662	0,21811	0,23610	0,25026	0,27131	0,27256	0,28557	0,30723	0,32847	0,33745	0,36723	0,36278	0,36606	0,33601	0,31268	0,26544	0,23774	0,19755	0,18430	0,15356	0,13510	0,12266	0,11577	0,09699	0,08596	0,06710	0,06014	0,05097	0,04654	0,03417	0,03249	0,02719	0,02462	0,01911	0,01662	0,01352	0,01152	0,00934	0,00836	0,00597	0,00431
0,10186	0,10928	0,11612	0,12184	0,13028	0,13994	0,15514	0,16635	0,17548	0,19725	0,20889	0,23084	0,25237	0,27141	0,29181	0,29967	0,32093	0,34466	0,37701	0,40040	0,42071	0,41543	0,41294	0,37272	0,35394	0,29212	0,25662	0,20978	0,19276	0,15738	0,14846	0,12967	0,12598	0,10991	0,09761	0,07796	0,07117	0,05979	0,05344	0,04038	0,03727	0,03194	0,02901	0,02279	0,01940	0,01647	0,01386	0,01198	0,01017	0,00676	0,00519
0,09880	0,10814	0,11519	0,12257	0,12874	0,14106	0,15845	0,16462	0,18266	0,19515	0,21975	0,23830	0,26353	0,28236	0,30781	0,32550	0,35503	0,38703	0,44004	0,44493	0,47113	0,46817	0,46085	0,41682	0,36977	0,31401	0,27426	0,23191	0,20509	0,16350	0,15388	0,14033	0,13806	0,12338	0,11153	0,09053	0,08581	0,07254	0,06532	0,04681	0,04264	0,03612	0,03285	0,02538	0,02332	0,01930	0,01700	0,01393	0,01159	0,00837	0,00607
0,10082	0,10780	0,11317	0,12193	0,13208	0,14336	0,15515	0,16867	0,18773	0,20123	0,22747	0,25125	0,27523	0,30587	0,33727	0,36439	0,40393	0,43640	0,48172	0,50164	0,52739	0,51701	0,51076	0,44810	0,40709	0,32384	0,28935	0,22944	0,20203	0,17613	0,16182	0,14957	0,14935	0,13740	0,12750	0,10763	0,09940	0,08475	0,07376	0,05476	0,05005	0,04103	0,03603	0,02935	0,02578	0,02177	0,01917	0,01560	0,01326	0,01005	0,00741
0,09679	0,10538	0,11387	0,12049	0,13030	0,14440	0,15741	0,17378	0,18799	0,21619	0,24496	0,26582	0,29696	0,32833	0,37605	0,38493	0,44593	0,48131	0,54555	0,55434	0,57625	0,56712	0,55201	0,48152	0,43286	0,35236	0,29175	0,25221	0,21974	0,17761	0,16844	0,16006	0,16201	0,15389	0,14373	0,12318	0,11484	0,09725	0,08492	0,06219	0,05648	0,04407	0,03838	0,03214	0,02733	0,02326	0,02079	0,01761	0,01485	0,01175	0,00902
0,09582	0,10634	0,11292	0,12106	0,12882	0,14372	0,16475	0,17347	0,19482	0,22414	0,25062	0,27031	0,30540	0,34977	0,39478	0,43530	0,48985	0,53973	0,58526	0,60840	0,63341	0,61503	0,59547	0,51749	0,44983	0,36774	0,31329	0,25663	0,22130	0,18911	0,17785	0,17140	0,17454	0,16601	0,16030	0,14055	0,13227	0,10910	0,09341	0,06820	0,05994	0,04611	0,04080	0,03261	0,02963	0,02493	0,02140	0,01798	0,01667	0,01311	0,00967
0,09695	0,10227	0,11031	0,12041	0,13261	0,15054	0,15968	0,18003	0,19504	0,22830	0,26008	0,29374	0,31990	0,38691	0,42808	0,45735	0,50912	0,57238	0,63031	0,65227	0,68525	0,66387	0,64604	0,55335	0,48831	0,40775	0,32947	0,27490	0,22914	0,19783	0,19079	0,18179	0,18264	0,17747	0,17162	0,15410	0,14391	0,11815	0,09673	0,07338	0,06355	0,04882	0,04203	0,03350	0,02993	0,02566	0,02176	0,01920	0,01673	0,01362	0,01074
0,09340	0,10188	0,11107	0,11908	0,13020	0,14973	0,16687	0,18124	0,19950	0,23537	0,25415	0,30266	0,34280	0,41072	0,45675	0,50429	0,54654	0,62630	0,68537	0,71379	0,73528	0,73492	0,70382	0,59991	0,53577	0,43493	0,35157	0,29376	0,25639	0,21103	0,19962	0,19061	0,18764	0,18239	0,17805	0,16555	0,14255	0,11860	0,10412	0,07358	0,05995	0,04841	0,04248	0,03490	0,02923	0,02398	0,02166	0,01892	0,01773	0,01487	0,01215
0,09444	0,10064	0,11120	0,11797	0,13258	0,14501	0,16493	0,17758	0,20612	0,23629	0,27175	0,31388	0,34386	0,43008	0,47261	0,51637	0,58605	0,65297	0,71490	0,75834	0,78307	0,77835	0,76002	0,66345	0,58427	0,46750	0,38901	0,31056	0,28314	0,22735	0,21631	0,19528	0,18956	0,18253	0,17648	0,16279	0,14376	0,12173	0,09858	0,07156	0,06028	0,04563	0,04071	0,03344	0,02698	0,02346	0,02091	0,01863	0,01732	0,01475	0,01214
0,09007	0,10084	0,10852	0,11692	0,13121	0,14863	0,15659	0,17659	0,20239	0,23943	0,26549	0,30366	0,34609	0,43017	0,48739	0,53321	0,60568	0,69987	0,75062	0,79700	0,83514	0,82478	0,81648	0,73179	0,64845	0,52725	0,46165	0,34997	0,30634	0,25659	0,23728	0,20393	0,19523	0,17620	0,16463	0,15674	0,13600	0,10919	0,08779	0,07123	0,05552	0,04602	0,03507	0,02926	0,02553	0,02278	0,02036	0,01753	0,01618	0,01458	0,01299
0,08738	0,09941	0,10741	0,11589	0,12783	0,14005	0,15486	0,17554	0,19828	0,22953	0,26893	0,30496	0,36711	0,43470	0,50636	0,56079	0,62212	0,70831	0,78052	0,84701	0,88901	0,88111	0,87826	0,78691	0,71434	0,58820	0,52515	0,40524	0,35368	0,29091	0,25872	0,21863	0,20669	0,17872	0,15942	0,14195	0,12285	0,10053	0,08182	0,06439	0,05034	0,04131	0,03411	0,02880	0,02309	0,02006	0,01862	0,01673	0,01519	0,01443	0,01307
0,08654	0,09739	0,10446	0,11592	0,12563	0,13785	0,15052	0,17180	0,19417	0,22494	0,25370	0,29913	0,35020	0,44897	0,51343	0,55803	0,63180	0,73060	0,80449	0,88603	0,93063	0,93434	0,93802	0,86742	0,78179	0,66600	0,58427	0,47234	0,41148	0,33620	0,29524	0,24411	0,22356	0,18287	0,15738	0,13178	0,11601	0,09365	0,07084	0,05521	0,04653	0,03924	0,03206	0,02621	0,02271	0,01917	0,01726	0,01522	0,01468	0,01330	0,01265
0,08282	0,09538	0,10363	0,11294	0,11948	0,13671	0,14738	0,16631	0,17878	0,21172	0,25288	0,29433	0,35345	0,44944	0,49048	0,56306	0,64069	0,76759	0,82184	0,91456	0,96833	0,97900	0,98892	0,93189	0,85132	0,73281	0,65818	0,54320	0,48841	0,38534	0,33720	0,28177	0,26726	0,19883	0,16295	0,13312	0,10693	0,08952	0,06777	0,05508	0,04741	0,03644	0,03133	0,02372	0,02030	0,01728	0,01575	0,01437	0,01340	0,01290	0,01198
0,08177	0,09074	0,09931	0,10747	0,11643	0,13033	0,13676	0,15356	0,17626	0,20259	0,22742	0,29454	0,33674	0,41349	0,49995	0,55897	0,66264	0,74643	0,83961	0,92003	0,98514	1,02339	1,02898	0,98918	0,92994	0,80599	0,74301	0,60553	0,55451	0,43339	0,39716	0,32352	0,30042	0,23236	0,18219	0,13643	0,11382	0,09012	0,07053	0,05372	0,04494	0,03620	0,02978	0,02402	0,02094	0,01770	0,01516	0,01401	0,01263	0,01150	0,01102
0,07610	0,08878	0,09654	0,10403	0,11240	0,12288	0,13067	0,14433	0,15901	0,19426	0,21528	0,26798	0,31527	0,38889	0,48517	0,56844	0,63182	0,76263	0,84214	0,95161	0,99750	1,03216	1,05271	1,01984	0,96923	0,85383	0,80291	0,67210	0,62228	0,49724	0,44566	0,37917	0,36107	0,27188	0,21400	0,16150	0,12994	0,09696	0,07823	0,05909	0,05026	0,03757	0,03272	0,02483	0,02098	0,01712	0,01534	0,01269	0,01127	0,01079	0,01011
0,07469	0,08232	0,09395	0,10229	0,10901	0,11784	0,12065	0,13671	0,14913	0,17495	0,20596	0,24936	0,29913	0,36434	0,44948	0,54392	0,64013	0,75171	0,85143	0,94995	1,00638	1,03342	1,05060	1,03031	0,98013	0,89625	0,81031	0,71573	0,65339	0,53399	0,48079	0,41825	0,38140	0,32159	0,26171	0,19366	0,14993	0,11878	0,09082	0,06488	0,05258	0,04219	0,03411	0,02543	0,02224	0,01799	0,01536	0,01210	0,01056	0,00995	0,00923
0,06780	0,08029	0,08786	0,09710	0,10301	0,11003	0,11528	0,12561	0,13437	0,15974	0,17896	0,22628	0,26707	0,33124	0,39888	0,49479	0,61113	0,70806	0,79634	0,90769	0,97740	1,00919	1,02718	1,01471	0,94325	0,90020	0,83734	0,73110	0,66191	0,55039	0,49670	0,42154	0,38724	0,33726	0,29477	0,22336	0,18698	0,13611	0,09658	0,07236	0,05488	0,04162	0,03574	0,02639	0,02181	0,01811	0,01468	0,01175	0,01088	0,00913	0,00866
0,06256	0,07542	0,08112	0,09070	0,09810	0,10479	0,10658	0,11542	0,12378	0,14562	0,16382	0,19513	0,22337	0,31394	0,37581	0,45918	0,54702	0,68346	0,76401	0,88270	0,90648	0,95835	0,97041	0,95507	0,90598	0,86069	0,79652	0,72387	0,63940	0,53367	0,46687	0,42552	0,38068	0,33510	0,30899	0,25307	0,19012	0,14687	0,09885	0,06941	0,05431	0,04276	0,03313	0,02729	0,02320	0,01882	0,01458	0,01164	0,00999	0,00842	0,00802
0,05714	0,06817	0,07629	0,08625	0,09277	0,09764	0,10024	0,10871	0,11540	0,13351	0,13932	0,17485	0,19427	0,26255	0,31135	0,39515	0,48709	0,62795	0,69277	0,79612	0,82340	0,88849	0,89339	0,87935	0,84061	0,79664	0,75392	0,69888	0,60885	0,51203	0,40986	0,36852	0,32377	0,32156	0,27328	0,24338	0,19630	0,14071	0,09983	0,07078	0,04976	0,03669	0,03184	0,02671	0,02090	0,01737	0,01521	0,01216	0,00966	0,00800	0,00749
0,05308	0,06313	0,07241	0,08087	0,08749	0,09359	0,09488	0,09988	0,10650	0,11816	0,12146	0,15019	0,16934	0,22357	0,26322	0,35362	0,44024	0,54428	0,62785	0,72090	0,73925	0,78757	0,78230	0,80746	0,75974	0,72670	0,68189	0,62537	0,54388	0,46480	0,36183	0,33630	0,28050	0,27627	0,25009	0,22869	0,16070	0,11363	0,08427	0,05845	0,03902	0,03039	0,02508	0,02309	0,01913	0,01682	0,01342	0,01147	0,00958	0,00803	0,00722
0,04736	0,05837	0,06402	0,07511	0,07951	0,08732	0,08786	0,09341	0,09749	0,10624	0,10963	0,12796	0,14036	0,18801	0,22394	0,29825	0,36370	0,46615	0,53100	0,60844	0,62949	0,67967	0,66660	0,68146	0,66008	0,64874	0,61715	0,55257	0,49319	0,41178	0,30689	0,27673	0,22554	0,19322	0,19454	0,15976	0,11523	0,07862	0,05529	0,03738	0,02758	0,01968	0,01978	0,01771	0,01655	0,01421	0,01211	0,01078	0,00939	0,00798	0,00723
0,04077	0,05084	0,05901	0,06675	0,07298	0,08003	0,08169	0,08653	0,08991	0,09512	0,09576	0,11030	0,11803	0,15257	0,17933	0,22363	0,30468	0,37757	0,42915	0,51006	0,51026	0,55473	0,54725	0,57938	0,53426	0,56351	0,51900	0,50477	0,42865	0,32543	0,28616	0,22414	0,19248	0,15785	0,13274	0,12310	0,07083	0,04915	0,02850	0,01977	0,01590	0,01319	0,01229	0,01403	0,01270	0,01209	0,01062	0,00963	0,00871	0,00786	0,00745
0,03495	0,04551	0,05254	0,06070	0,06596	0,07351	0,07608	0,08083	0,08264	0,08784	0,08744	0,09518	0,09894	0,11761	0,14381	0,18452	0,23421	0,30222	0,32801	0,39230	0,39134	0,43384	0,42107	0,44302	0,43088	0,45360	0,43329	0,40915	0,35259	0,27801	0,22068	0,17361	0,15347	0,11360	0,09714	0,08151	0,04512	0,02781	0,01834	0,00981	0,00721	0,00713	0,00854	0,01009	0,01053	0,01080	0,00997	0,00918	0,00892	0,00818	0,00735
0,03006	0,03832	0,04540	0,05398	0,05821	0,06733	0,06897	0,07424	0,07665	0,07998	0,07905	0,08372	0,08581	0,09947	0,11134	0,13774	0,18052	0,21846	0,24795	0,29435	0,28447	0,31944	0,31546	0,33217	0,32865	0,34651	0,33383	0,29791	0,25995	0,22320	0,16993	0,14868	0,12399	0,09176	0,07494	0,05737	0,03101	0,01842	0,00892	0,00632	0,00487	0,00528	0,00663	0,00856	0,00935	0,01004	0,00973	0,00922	0,00910	0,00845	0,00801
0,02541	0,03301	0,03850	0,04727	0,05185	0,05835	0,06037	0,06692	0,06950	0,07350	0,07263	0,07517	0,07558	0,08185	0,09098	0,10448	0,12981	0,16563	0,17366	0,21286	0,20124	0,21808	0,21214	0,22744	0,22892	0,24346	0,23817	0,22537	0,19616	0,17868	0,12924	0,10910	0,09495	0,08019	0,06833	0,03964	0,02689	0,01507	0,00805	0,00617	0,00558	0,00599	0,00742	0,00873	0,00979	0,00988	0,00998	0,00944	0,00963	0,00913	0,00862
0,02078	0,02825	0,03108	0,04036	0,04301	0,05080	0,05398	0,05935	0,06336	0,06671	0,06625	0,06831	0,06829	0,07027	0,07462	0,08388	0,09903	0,11566	0,12195	0,14863	0,13321	0,14493	0,13920	0,14632	0,15105	0,15498	0,15903	0,15149	0,13313	0,11996	0,08728	0,07358	0,05463	0,05707	0,04455	0,03482	0,02124	0,01335	0,00925	0,00800	0,00786	0,00833	0,00897	0,00968	0,01040	0,01041	0,01067	0,01040	0,01055	0,00982	0,00939
0,01793	0,02225	0,02691	0,03250	0,03688	0,04478	0,04502	0,05184	0,05605	0,06035	0,05876	0,06144	0,06125	0,06268	0,06385	0,06761	0,07511	0,08421	0,08350	0,09777	0,08569	0,09135	0,08572	0,09242	0,08607	0,08416	0,09380	0,09057	0,07671	0,07110	0,04979	0,04248	0,03583	0,02868	0,02973	0,02727	0,01563	0,01143	0,00945	0,00915	0,00968	0,01032	0,01097	0,01079	0,01154	0,01150	0,01155	0,01112	0,01138	0,01101	0,01041
0,01456	0,01813	0,02124	0,02792	0,03135	0,03601	0,03780	0,04405	0,04750	0,05253	0,05193	0,05415	0,05443	0,05512	0,05651	0,05706	0,05985	0,06265	0,05891	0,06544	0,05659	0,05886	0,05014	0,05303	0,04415	0,05155	0,04890	0,04727	0,03853	0,03174	0,01677	0,01412	0,01196	0,01396	0,01706	0,01490	0,01083	0,00856	0,00853	0,00909	0,01004	0,01136	0,01194	0,01232	0,01255	0,01235	0,01263	0,01224	0,01268	0,01221	0,01116
0,01283	0,01614	0,01838	0,02276	0,02530	0,02944	0,03158	0,03713	0,03952	0,04497	0,04452	0,04766	0,04762	0,04839	0,05001	0,04935	0,04954	0,04870	0,04511	0,04580	0,03867	0,03583	0,03383	0,02954	0,02681	0,02364	0,02491	0,02258	0,01415	0,01091	0,00391	0,00406	0,00278	0,00327	0,00692	0,00596	0,00492	0,00551	0,00689	0,00831	0,00976	0,01133	0,01245	0,01317	0,01360	0,01351	0,01379	0,01350	0,01398	0,01365	0,01221
0,01195	0,01361	0,01516	0,01875	0,02009	0,02453	0,02463	0,02998	0,03265	0,03789	0,03701	0,04013	0,04080	0,04189	0,04379	0,04306	0,04267	0,04093	0,03639	0,03378	0,02861	0,02691	0,02204	0,01907	0,01664	0,01506	0,01164	0,01004	0,00674	0,00343	0,00179	0,00144	0,00138	0,00094	0,00110	0,00205	0,00273	0,00425	0,00625	0,00807	0,01051	0,01166	0,01311	0,01395	0,01450	0,01475	0,01511	0,01482	0,01513	0,01439	0,01295
0,01144	0,01269	0,01359	0,01610	0,01712	0,02010	0,02036	0,02381	0,02634	0,03005	0,03021	0,03298	0,03381	0,03553	0,03918	0,03792	0,03736	0,03451	0,02945	0,02832	0,02305	0,02070	0,01673	0,01438	0,01146	0,01023	0,00883	0,00718	0,00526	0,00404	0,00547	0,00487	0,00544	0,00545	0,00254	0,00236	0,00422	0,00581	0,00799	0,00949	0,01162	0,01314	0,01385	0,01504	0,01528	0,01573	0,01620	0,01604	0,01619	0,01519	0,01352
0,01177	0,01218	0,01303	0,01430	0,01470	0,01685	0,01683	0,01947	0,02174	0,02493	0,02441	0,02650	0,02797	0,02995	0,03296	0,03199	0,03246	0,03029	0,02532	0,02314	0,01905	0,01753	0,01418	0,01177	0,01066	0,00923	0,00838	0,00752	0,00763	0,00795	0,00947	0,01066	0,01088	0,01097	0,00715	0,00771	0,00895	0,00993	0,01109	0,01265	0,01360	0,01478	0,01491	0,01628	0,01675	0,01695	0,01734	0,01679	0,01687	0,01568	0,01429
0,01234	0,01247	0,01288	0,01346	0,01375	0,01446	0,01464	0,01616	0,01755	0,01958	0,01967	0,02181	0,02209	0,02410	0,02608	0,02695	0,02687	0,02629	0,02136	0,02043	0,01692	0,01471	0,01252	0,01094	0,00932	0,00897	0,00885	0,00879	0,00924	0,01004	0,01215	0,01388	0,01502	0,01650	0,01454	0,01332	0,01446	0,01537	0,01581	0,01590	0,01596	0,01691	0,01694	0,01737	0,01795	0,01788	0,01801	0,01748	0,01699	0,01550	0,01419
0,01343	0,01328	0,01347	0,01337	0,01354	0,01384	0,01345	0,01379	0,01475	0,01619	0,01556	0,01711	0,01794	0,01953	0,02183	0,02235	0,02334	0,02180	0,01843	0,01679	0,01485	0,01300	0,01127	0,01020	0,00907	0,00879	0,00881	0,00892	0,00977	0,01112	0,01276	0,01442	0,01591	0,01762	0,01850	0,01904	0,01890	0,01883	0,01867	0,01879	0,01854	0,01847	0,01828	0,01864	0,01859	0,01857	0,01837	0,01760	0,01651	0,01526	0,01402
0,01423	0,01427	0,01432	0,01390	0,01404	0,01330	0,01318	0,01310	0,01298	0,01371	0,01331	0,01438	0,01457	0,01579	0,01781	0,01865	0,01921	0,01850	0,01650	0,01535	0,01347	0,01230	0,01097	0,01001	0,00914	0,00878	0,00865	0,00888	0,00958	0,01082	0,01166	0,01321	0,01473	0,01635	0,01920	0,01998	0,02058	0,02063	0,02034	0,02018	0,01975	0,01950	0,01934	0,01911	0,01895	0,01863	0,01783	0,01686	0,01566	0,01452	0,01275
0,01522	0,01517	0,01520	0,01491	0,01475	0,01405	0,01354	0,01285	0,01261	0,01219	0,01181	0,01203	0,01242	0,01329	0,01448	0,01540	0,01645	0,01610	0,01443	0,01399	0,01263	0,01187	0,01086	0,01029	0,00991	0,00944	0,00899	0,00907	0,00941	0,01045	0,01105	0,01225	0,01298	0,01441	0,01791	0,01907	0,01996	0,01995	0,01984	0,01993	0,01950	0,01954	0,01909	0,01921	0,01861	0,01789	0,01722	0,01626	0,01530	0,01362	0,01247
0,01561	0,01579	0,01583	0,01579	0,01574	0,01495	0,01460	0,01385	0,01273	0,01222	0,01154	0,01119	0,01119	0,01110	0,01219	0,01274	0,01393	0,01402	0,01343	0,01277	0,01231	0,01139	0,01132	0,01074	0,01070	0,01072	0,01008	0,01046	0,01046	0,01094	0,01150	0,01195	0,01241	0,01326	0,01579	0,01674	0,01781	0,01799	0,01826	0,01834	0,01846	0,01834	0,01857	0,01803	0,01795	0,01691	0,01617	0,01491	0,01386	0,01263	0,01123
0,01591	0,01607	0,01622	0,01632	0,01647	0,01614	0,01583	0,01500	0,01390	0,01296	0,01258	0,01154	0,01097	0,01072	0,01079	0,01122	0,01189	0,01241	0,01204	0,01183	0,01140	0,01132	0,01120	0,01136	0,01130	0,01175	0,01159	0,01194	0,01212	0,01255	0,01265	0,01267	0,01291	0,01313	0,01392	0,01474	0,01558	0,01616	0,01638	0,01645	0,01700	0,01690	0,01740	0,01667	0,01654	0,01596	0,01510	0,01346	0,01192	0,01063	0,00919
0,01535	0,01595	0,01624	0,01663	0,01700	0,01697	0,01669	0,01662	0,01506	0,01397	0,01349	0,01220	0,01163	0,01090	0,01032	0,01024	0,01089	0,01066	0,01112	0,01092	0,01088	0,01078	0,01071	0,01073	0,01145	0,01186	0,01242	0,01260	0,01304	0,01342	0,01361	0,01398	0,01362	0,01363	0,01355	0,01390	0,01448	0,01441	0,01502	0,01493	0,01549	0,01513	0,01615	0,01511	0,01494	0,01424	0,01279	0,01103	0,01018	0,00863	0,00775
0,01470	0,01511	0,01584	0,01626	0,01681	0,01701	0,01707	0,01694	0,01629	0,01546	0,01513	0,01384	0,01266	0,01179	0,01036	0,01027	0,00994	0,01016	0,01023	0,01020	0,01006	0,01024	0,01002	0,01043	0,01076	0,01105	0,01178	0,01241	0,01306	0,01334	0,01358	0,01359	0,01378	0,01338	0,01362	0,01359	0,01362	0,01361	0,01363	0,01368	0,01365	0,01371	0,01423	0,01367	0,01358	0,01258	0,01092	0,01058	0,00883	0,00706	0,00623
