12,14706	12,44118	12,73529	13,02941	13,32353	13,61765	13,91176	14,20588	14,50000	14,79412	15,08824	15,38235	15,67647	15,97059	16,26471	16,55882	16,85294	17,14706	17,44118	17,73529	18,02941	18,32353	18,61765	18,91176	19,20588	19,50000	19,79412	20,08824	20,38235	20,67647	20,97059	21,26471	21,55882	21,85294	22,14706	22,44118	22,73529	23,02941	23,32353	23,61765	23,91176	24,20588	24,50000	24,79412	25,08824	25,38235	25,67647	25,97059	26,26471	26,55882	26,85294
22,04706	22,34118	22,63529	22,92941	23,22353	23,51765	23,81176	24,10588	24,40000	24,69412	24,98824	25,28235	25,57647	25,87059	26,16471	26,45882	26,75294	27,04706	27,34118	27,63529	27,92941	28,22353	28,51765	28,81176	29,10588	29,40000	29,69412	29,98824	30,28235	30,57647	30,87059	31,16471	31,45882	31,75294	32,04706	32,34118	32,63529	32,92941	33,22353	33,51765	33,81176	34,10588	34,40000	34,69412	34,98824	35,28235	35,57647	35,87059	36,16471	36,45882	36,75294
0,00106	0,00103	0,00112	0,00105	0,00100	0,00101	0,00110	0,00109	0,00119	0,00112	0,00121	0,00125	0,00126	0,00121	0,00134	0,00132	0,00126	0,00124	0,00107	0,00108	0,00089	0,00101	0,00081	0,00067	0,00067	0,00055	0,00050	0,00036	0,00059	0,00017	0,00019	0,00019	0,00013	0,00033	0,00013	0,00018	0,00037	0,00018	0,00035	0,00012	0,00032	0,00026	0,00023	0,00016	0,00022	0,00029	0,00023	0,00017	0,00032	0,00033	0,00025
0,00125	0,00111	0,00119	0,00132	0,00136	0,00123	0,00131	0,00136	0,00128	0,00145	0,00122	0,00140	0,00126	0,00154	0,00133	0,00124	0,00118	0,00115	0,00113	0,00109	0,00088	0,00089	0,00063	0,00051	0,00061	0,00048	0,00052	0,00044	0,00028	0,00027	0,00030	0,00030	0,00022	0,00019	0,00033	0,00022	0,00005	0,00020	0,00018	0,00015	0,00022	0,00022	0,00011	0,00018	0,00022	0,00027	0,00018	0,00019	0,00017	0,00004	0,00007
0,00119	0,00143	0,00168	0,00127	0,00121	0,00124	0,00164	0,00140	0,00165	0,00153	0,00158	0,00155	0,00144	0,00149	0,00151	0,00148	0,00124	0,00128	0,00100	0,00120	0,00092	0,00080	0,00073	0,00067	0,00060	0,00050	0,00052	0,00015	0,00021	0,00042	0,00018	0,00025	0,00024	0,00035	0,00032	0,00013	0,00037	0,00019	0,00026	0,00021	0,00009	0,00019	0,00025	0,00034	0,00033	0,00015	0,00023	0,00023	0,00017	0,00018	0,00026
0,00120	0,00138	0,00142	0,00166	0,00162	0,00175	0,00180	0,00171	0,00153	0,00155	0,00176	0,00145	0,00167	0,00142	0,00121	0,00128	0,00136	0,00111	0,00105	0,00090	0,00094	0,00089	0,00063	0,00066	0,00045	0,00060	0,00038	0,00033	0,00026	0,00030	0,00042	0,00032	0,00023	0,00036	0,00011	0,00026	0,00010	0,00035	0,00028	0,00034	0,00018	0,00029	0,00028	0,00012	0,00046	0,00045	0,00029	0,00011	0,00037	0,00024	0,00003
0,00125	0,00132	0,00149	0,00165	0,00166	0,00198	0,00178	0,00175	0,00175	0,00167	0,00155	0,00145	0,00163	0,00148	0,00127	0,00131	0,00105	0,00104	0,00110	0,00073	0,00071	0,00067	0,00047	0,00062	0,00036	0,00048	0,00037	0,00032	0,00035	0,00030	0,00028	0,00030	0,00033	0,00022	0,00014	0,00005	0,00028	0,00002	0,00018	0,00026	0,00036	0,00017	0,00022	0,00028	0,00028	0,00027	0,00039	0,00016	0,00005	0,00021	0,00041
0,00143	0,00161	0,00176	0,00183	0,00178	0,00172	0,00175	0,00156	0,00149	0,00146	0,00162	0,00149	0,00139	0,00151	0,00115	0,00107	0,00098	0,00107	0,00059	0,00063	0,00059	0,00073	0,00054	0,00051	0,00042	0,00050	0,00043	0,00043	0,00050	0,00024	0,00057	0,00045	0,00046	0,00049	0,00057	0,00046	0,00031	0,00026	0,00025	0,00020	0,00040	0,00014	0,00018	0,00020	0,00032	0,00038	0,00038	0,00013	0,00016	0,00024	0,00018
0,00130	0,00159	0,00177	0,00164	0,00147	0,00153	0,00139	0,00156	0,00140	0,00146	0,00140	0,00123	0,00139	0,00115	0,00138	0,00119	0,00080	0,00078	0,00067	0,00044	0,00054	0,00050	0,00057	0,00063	0,00067	0,00059	0,00055	0,00067	0,00062	0,00056	0,00044	0,00054	0,00055	0,00035	0,00049	0,00028	0,00053	0,00013	0,00039	0,00034	0,00029	0,00029	0,00022	0,00007	0,00034	0,00013	0,00039	0,00025	0,00011	0,00027	0,00029
0,00168	0,00174	0,00169	0,00179	0,00157	0,00146	0,00156	0,00149	0,00139	0,00153	0,00169	0,00147	0,00150	0,00138	0,00142	0,00121	0,00100	0,00058	0,00081	0,00066	0,00047	0,00060	0,00067	0,00072	0,00072	0,00092	0,00088	0,00065	0,00081	0,00076	0,00068	0,00048	0,00066	0,00050	0,00064	0,00056	0,00053	0,00043	0,00057	0,00038	0,00032	0,00015	0,00030	0,00017	0,00029	0,00017	0,00030	0,00024	0,00021	0,00028	0,00026
0,00158	0,00150	0,00146	0,00131	0,00143	0,00125	0,00157	0,00170	0,00179	0,00194	0,00230	0,00216	0,00224	0,00195	0,00191	0,00153	0,00130	0,00097	0,00068	0,00060	0,00059	0,00076	0,00064	0,00074	0,00096	0,00097	0,00094	0,00117	0,00093	0,00081	0,00081	0,00063	0,00083	0,00070	0,00052	0,00058	0,00069	0,00046	0,00048	0,00043	0,00053	0,00025	0,00033	0,00023	0,00043	0,00020	0,00027	0,00029	0,00036	0,00026	0,00034
0,00147	0,00145	0,00122	0,00123	0,00133	0,00149	0,00221	0,00211	0,00280	0,00280	0,00333	0,00319	0,00325	0,00250	0,00251	0,00198	0,00177	0,00134	0,00111	0,00087	0,00110	0,00085	0,00106	0,00109	0,00141	0,00115	0,00127	0,00115	0,00108	0,00093	0,00093	0,00066	0,00076	0,00079	0,00051	0,00070	0,00043	0,00042	0,00055	0,00050	0,00062	0,00032	0,00022	0,00034	0,00011	0,00035	0,00030	0,00023	0,00029	0,00038	0,00008
0,00139	0,00117	0,00127	0,00135	0,00196	0,00239	0,00312	0,00333	0,00423	0,00438	0,00453	0,00426	0,00437	0,00369	0,00305	0,00253	0,00202	0,00149	0,00107	0,00096	0,00114	0,00120	0,00128	0,00135	0,00161	0,00149	0,00170	0,00110	0,00105	0,00098	0,00097	0,00070	0,00067	0,00066	0,00066	0,00058	0,00066	0,00063	0,00060	0,00058	0,00058	0,00038	0,00042	0,00030	0,00031	0,00034	0,00027	0,00017	0,00014	0,00004	0,00026
0,00122	0,00134	0,00148	0,00190	0,00314	0,00364	0,00455	0,00487	0,00555	0,00561	0,00581	0,00549	0,00507	0,00435	0,00345	0,00260	0,00180	0,00127	0,00107	0,00108	0,00135	0,00150	0,00195	0,00195	0,00203	0,00224	0,00179	0,00158	0,00133	0,00106	0,00098	0,00077	0,00073	0,00071	0,00057	0,00070	0,00062	0,00068	0,00056	0,00043	0,00058	0,00048	0,00052	0,00038	0,00031	0,00032	0,00043	0,00018	0,00009	0,00017	0,00021
0,00120	0,00148	0,00203	0,00300	0,00457	0,00495	0,00606	0,00633	0,00718	0,00703	0,00694	0,00599	0,00526	0,00424	0,00311	0,00233	0,00162	0,00121	0,00130	0,00148	0,00172	0,00198	0,00233	0,00242	0,00255	0,00231	0,00209	0,00162	0,00151	0,00110	0,00105	0,00080	0,00062	0,00062	0,00076	0,00064	0,00058	0,00056	0,00054	0,00063	0,00038	0,00066	0,00038	0,00056	0,00039	0,00019	0,00026	0,00039	0,00021	0,00020	0,00027
0,00113	0,00189	0,00298	0,00439	0,00558	0,00654	0,00725	0,00765	0,00798	0,00761	0,00694	0,00571	0,00476	0,00336	0,00216	0,00149	0,00136	0,00125	0,00175	0,00204	0,00262	0,00290	0,00333	0,00319	0,00306	0,00265	0,00233	0,00159	0,00155	0,00131	0,00121	0,00096	0,00084	0,00085	0,00081	0,00100	0,00076	0,00060	0,00052	0,00063	0,00044	0,00032	0,00017	0,00031	0,00031	0,00025	0,00029	0,00030	0,00033	0,00039	0,00021
0,00146	0,00279	0,00383	0,00551	0,00667	0,00746	0,00784	0,00814	0,00785	0,00715	0,00587	0,00487	0,00333	0,00256	0,00135	0,00118	0,00128	0,00155	0,00258	0,00286	0,00371	0,00383	0,00425	0,00369	0,00371	0,00312	0,00260	0,00198	0,00172	0,00157	0,00134	0,00112	0,00107	0,00092	0,00094	0,00087	0,00075	0,00058	0,00062	0,00033	0,00045	0,00043	0,00044	0,00041	0,00043	0,00039	0,00035	0,00048	0,00026	0,00029	0,00030
0,00181	0,00331	0,00505	0,00640	0,00730	0,00764	0,00760	0,00773	0,00657	0,00593	0,00432	0,00367	0,00210	0,00146	0,00107	0,00105	0,00236	0,00251	0,00387	0,00434	0,00550	0,00513	0,00533	0,00462	0,00444	0,00331	0,00297	0,00234	0,00214	0,00201	0,00187	0,00149	0,00149	0,00137	0,00135	0,00117	0,00088	0,00096	0,00070	0,00040	0,00021	0,00029	0,00024	0,00030	0,00031	0,00041	0,00043	0,00028	0,00013	0,00028	0,00044
0,00226	0,00430	0,00540	0,00636	0,00689	0,00694	0,00637	0,00643	0,00517	0,00435	0,00277	0,00205	0,00140	0,00093	0,00147	0,00234	0,00356	0,00451	0,00605	0,00638	0,00735	0,00692	0,00695	0,00563	0,00546	0,00445	0,00410	0,00334	0,00325	0,00264	0,00275	0,00227	0,00230	0,00186	0,00153	0,00132	0,00119	0,00094	0,00065	0,00053	0,00038	0,00028	0,00024	0,00011	0,00035	0,00037	0,00037	0,00025	0,00026	0,00040	0,00029
0,00270	0,00453	0,00502	0,00583	0,00559	0,00575	0,00491	0,00468	0,00373	0,00316	0,00223	0,00139	0,00159	0,00171	0,00289	0,00391	0,00658	0,00711	0,00919	0,00890	0,01008	0,00897	0,00896	0,00730	0,00708	0,00591	0,00571	0,00453	0,00490	0,00379	0,00393	0,00321	0,00309	0,00219	0,00209	0,00149	0,00125	0,00119	0,00070	0,00059	0,00030	0,00039	0,00015	0,00024	0,00004	0,00020	0,00035	0,00039	0,00034	0,00025	0,00020
0,00315	0,00437	0,00445	0,00507	0,00449	0,00469	0,00420	0,00376	0,00305	0,00251	0,00223	0,00182	0,00275	0,00305	0,00552	0,00661	0,00978	0,01019	0,01283	0,01178	0,01287	0,01148	0,01150	0,00968	0,00957	0,00795	0,00805	0,00673	0,00679	0,00562	0,00559	0,00423	0,00424	0,00301	0,00260	0,00184	0,00157	0,00125	0,00093	0,00068	0,00031	0,00030	0,00014	0,00020	0,00024	0,00038	0,00042	0,00022	0,00047	0,00027	0,00024
0,00283	0,00379	0,00373	0,00400	0,00389	0,00400	0,00400	0,00348	0,00351	0,00283	0,00322	0,00334	0,00456	0,00588	0,00923	0,01109	0,01448	0,01448	0,01654	0,01518	0,01615	0,01433	0,01410	0,01232	0,01228	0,01089	0,01103	0,00947	0,00929	0,00778	0,00739	0,00573	0,00502	0,00355	0,00281	0,00219	0,00167	0,00109	0,00079	0,00073	0,00052	0,00033	0,00037	0,00040	0,00044	0,00034	0,00041	0,00056	0,00042	0,00035	0,00039
0,00244	0,00292	0,00310	0,00341	0,00393	0,00438	0,00467	0,00434	0,00466	0,00429	0,00583	0,00549	0,00845	0,00927	0,01360	0,01531	0,01816	0,01836	0,01974	0,01819	0,01853	0,01703	0,01671	0,01507	0,01527	0,01361	0,01393	0,01208	0,01165	0,00978	0,00889	0,00679	0,00588	0,00404	0,00307	0,00203	0,00156	0,00119	0,00091	0,00052	0,00047	0,00039	0,00020	0,00025	0,00047	0,00061	0,00048	0,00054	0,00040	0,00032	0,00037
0,00194	0,00270	0,00315	0,00381	0,00529	0,00542	0,00623	0,00608	0,00683	0,00666	0,00830	0,00902	0,01201	0,01327	0,01754	0,01896	0,02120	0,02108	0,02178	0,02040	0,02032	0,01908	0,01924	0,01783	0,01819	0,01667	0,01669	0,01430	0,01378	0,01151	0,01018	0,00787	0,00627	0,00442	0,00345	0,00206	0,00160	0,00125	0,00090	0,00069	0,00039	0,00030	0,00039	0,00048	0,00032	0,00041	0,00058	0,00043	0,00040	0,00032	0,00048
0,00159	0,00250	0,00369	0,00508	0,00681	0,00738	0,00869	0,00831	0,00929	0,00941	0,01190	0,01248	0,01601	0,01731	0,02028	0,02143	0,02247	0,02229	0,02196	0,02143	0,02147	0,02097	0,02150	0,02062	0,02109	0,01949	0,01923	0,01666	0,01541	0,01282	0,01129	0,00874	0,00697	0,00472	0,00355	0,00232	0,00175	0,00119	0,00071	0,00040	0,00042	0,00040	0,00050	0,00024	0,00041	0,00047	0,00045	0,00046	0,00059	0,00047	0,00043
0,00158	0,00301	0,00528	0,00699	0,00911	0,00926	0,01085	0,01058	0,01254	0,01273	0,01592	0,01652	0,01965	0,02062	0,02194	0,02234	0,02180	0,02178	0,02168	0,02174	0,02227	0,02246	0,02385	0,02312	0,02378	0,02216	0,02130	0,01844	0,01652	0,01394	0,01182	0,00905	0,00697	0,00521	0,00362	0,00220	0,00166	0,00152	0,00105	0,00038	0,00030	0,00021	0,00051	0,00048	0,00062	0,00065	0,00066	0,00048	0,00059	0,00041	0,00038
0,00241	0,00442	0,00714	0,00876	0,01162	0,01175	0,01369	0,01333	0,01581	0,01637	0,01935	0,01990	0,02211	0,02206	0,02142	0,02092	0,01996	0,02030	0,02028	0,02161	0,02316	0,02436	0,02634	0,02590	0,02630	0,02464	0,02305	0,01925	0,01702	0,01428	0,01211	0,00901	0,00746	0,00533	0,00370	0,00257	0,00193	0,00140	0,00121	0,00054	0,00030	0,00022	0,00028	0,00063	0,00063	0,00062	0,00062	0,00068	0,00078	0,00044	0,00068
0,00357	0,00642	0,00946	0,01161	0,01402	0,01467	0,01703	0,01714	0,01978	0,02048	0,02307	0,02288	0,02297	0,02187	0,01979	0,01867	0,01731	0,01852	0,01960	0,02192	0,02472	0,02669	0,02863	0,02813	0,02853	0,02606	0,02398	0,02020	0,01768	0,01502	0,01234	0,00971	0,00746	0,00522	0,00410	0,00296	0,00221	0,00164	0,00118	0,00080	0,00047	0,00035	0,00043	0,00059	0,00080	0,00091	0,00080	0,00074	0,00082	0,00062	0,00044
0,00505	0,00776	0,01203	0,01380	0,01652	0,01801	0,02071	0,02099	0,02413	0,02441	0,02572	0,02446	0,02292	0,02010	0,01712	0,01611	0,01502	0,01689	0,01977	0,02273	0,02601	0,02880	0,02985	0,03013	0,02972	0,02764	0,02498	0,02078	0,01830	0,01507	0,01236	0,00974	0,00770	0,00549	0,00431	0,00275	0,00254	0,00173	0,00183	0,00100	0,00068	0,00036	0,00025	0,00048	0,00076	0,00103	0,00099	0,00092	0,00090	0,00075	0,00054
0,00660	0,01049	0,01412	0,01581	0,02054	0,02184	0,02533	0,02598	0,02836	0,02760	0,02762	0,02457	0,02220	0,01829	0,01430	0,01360	0,01324	0,01629	0,01943	0,02298	0,02649	0,02912	0,03083	0,03063	0,02956	0,02758	0,02481	0,02127	0,01813	0,01494	0,01298	0,01010	0,00795	0,00551	0,00460	0,00345	0,00285	0,00205	0,00197	0,00128	0,00091	0,00042	0,00039	0,00058	0,00060	0,00090	0,00099	0,00101	0,00073	0,00060	0,00053
0,00859	0,01222	0,01628	0,01980	0,02409	0,02612	0,02921	0,02993	0,03239	0,03056	0,02869	0,02468	0,02024	0,01583	0,01269	0,01146	0,01164	0,01512	0,01847	0,02256	0,02594	0,02925	0,02966	0,03026	0,02913	0,02752	0,02517	0,02129	0,01876	0,01559	0,01307	0,01014	0,00834	0,00625	0,00513	0,00364	0,00305	0,00255	0,00195	0,00141	0,00110	0,00066	0,00038	0,00040	0,00067	0,00092	0,00107	0,00102	0,00084	0,00063	0,00049
0,00971	0,01372	0,01878	0,02243	0,02851	0,03090	0,03424	0,03487	0,03551	0,03262	0,02993	0,02474	0,01899	0,01445	0,01055	0,00999	0,00979	0,01345	0,01663	0,02118	0,02394	0,02731	0,02803	0,02933	0,02861	0,02684	0,02472	0,02091	0,01874	0,01560	0,01403	0,01111	0,00912	0,00695	0,00550	0,00402	0,00324	0,00242	0,00228	0,00148	0,00117	0,00079	0,00030	0,00048	0,00066	0,00094	0,00108	0,00103	0,00077	0,00052	0,00064
0,01135	0,01660	0,02163	0,02662	0,03186	0,03518	0,03847	0,03844	0,03841	0,03415	0,02980	0,02318	0,01822	0,01350	0,01016	0,00869	0,00819	0,01147	0,01433	0,01911	0,02095	0,02527	0,02677	0,02818	0,02809	0,02660	0,02528	0,02147	0,01937	0,01667	0,01506	0,01206	0,01024	0,00792	0,00619	0,00437	0,00348	0,00257	0,00208	0,00164	0,00119	0,00079	0,00039	0,00030	0,00054	0,00087	0,00103	0,00105	0,00092	0,00068	0,00027
0,01242	0,01836	0,02499	0,02957	0,03492	0,03875	0,04193	0,04149	0,04044	0,03461	0,03064	0,02317	0,01795	0,01232	0,00936	0,00717	0,00654	0,00850	0,01061	0,01567	0,01783	0,02340	0,02526	0,02768	0,02829	0,02730	0,02605	0,02253	0,02075	0,01771	0,01618	0,01331	0,01172	0,00890	0,00708	0,00472	0,00342	0,00262	0,00192	0,00158	0,00120	0,00080	0,00057	0,00035	0,00056	0,00093	0,00089	0,00107	0,00100	0,00051	0,00038
0,01447	0,01966	0,02711	0,03317	0,03930	0,04183	0,04416	0,04360	0,04136	0,03660	0,03198	0,02378	0,01933	0,01303	0,00968	0,00634	0,00513	0,00648	0,00840	0,01382	0,01599	0,02204	0,02468	0,02794	0,02912	0,02853	0,02780	0,02399	0,02215	0,01932	0,01788	0,01446	0,01277	0,00978	0,00781	0,00482	0,00337	0,00225	0,00155	0,00132	0,00123	0,00106	0,00072	0,00055	0,00063	0,00091	0,00110	0,00119	0,00072	0,00056	0,00054
0,01481	0,02203	0,02849	0,03537	0,04053	0,04437	0,04606	0,04515	0,04254	0,03679	0,03348	0,02520	0,02052	0,01418	0,01077	0,00637	0,00459	0,00476	0,00738	0,01165	0,01557	0,02090	0,02562	0,02860	0,03052	0,03019	0,02945	0,02571	0,02399	0,02041	0,01883	0,01563	0,01358	0,01084	0,00794	0,00506	0,00343	0,00221	0,00123	0,00113	0,00125	0,00114	0,00121	0,00089	0,00071	0,00117	0,00108	0,00107	0,00101	0,00056	0,00030
0,01604	0,02184	0,02954	0,03647	0,04138	0,04548	0,04660	0,04587	0,04442	0,03873	0,03527	0,02731	0,02446	0,01678	0,01183	0,00702	0,00601	0,00498	0,00757	0,01129	0,01581	0,02133	0,02665	0,02991	0,03143	0,03150	0,03057	0,02732	0,02455	0,02156	0,01967	0,01661	0,01430	0,01137	0,00832	0,00471	0,00313	0,00183	0,00149	0,00120	0,00144	0,00153	0,00126	0,00093	0,00090	0,00103	0,00113	0,00133	0,00094	0,00066	0,00041
0,01524	0,02171	0,02892	0,03663	0,04136	0,04541	0,04636	0,04646	0,04484	0,04080	0,03768	0,03138	0,02760	0,01971	0,01628	0,01006	0,00972	0,00775	0,01040	0,01298	0,01860	0,02278	0,02662	0,03024	0,03196	0,03200	0,03032	0,02769	0,02446	0,02126	0,01873	0,01641	0,01335	0,01098	0,00762	0,00464	0,00340	0,00202	0,00160	0,00165	0,00203	0,00194	0,00168	0,00120	0,00119	0,00124	0,00119	0,00120	0,00104	0,00053	0,00027
0,01471	0,02110	0,02802	0,03479	0,03954	0,04409	0,04528	0,04645	0,04550	0,04248	0,04078	0,03492	0,03227	0,02449	0,02176	0,01521	0,01552	0,01247	0,01506	0,01710	0,02139	0,02484	0,02807	0,03069	0,03181	0,03142	0,02879	0,02609	0,02215	0,02007	0,01679	0,01523	0,01204	0,00970	0,00730	0,00489	0,00356	0,00255	0,00246	0,00232	0,00250	0,00227	0,00174	0,00139	0,00126	0,00123	0,00132	0,00118	0,00097	0,00048	0,00018
0,01354	0,02006	0,02608	0,03282	0,03688	0,04173	0,04324	0,04558	0,04617	0,04504	0,04456	0,03924	0,03763	0,03084	0,02858	0,02218	0,02401	0,02031	0,02329	0,02250	0,02698	0,02777	0,03083	0,03097	0,03087	0,02976	0,02640	0,02385	0,02014	0,01741	0,01427	0,01287	0,01021	0,00884	0,00638	0,00450	0,00385	0,00299	0,00340	0,00314	0,00320	0,00258	0,00220	0,00151	0,00151	0,00144	0,00161	0,00117	0,00096	0,00067	0,00049
0,01266	0,01822	0,02311	0,02959	0,03287	0,03869	0,04076	0,04471	0,04654	0,04717	0,04797	0,04451	0,04364	0,03765	0,03732	0,03134	0,03379	0,02942	0,03298	0,03079	0,03481	0,03290	0,03476	0,03221	0,03095	0,02802	0,02394	0,02121	0,01669	0,01482	0,01172	0,01042	0,00752	0,00662	0,00529	0,00456	0,00454	0,00405	0,00414	0,00397	0,00371	0,00300	0,00232	0,00200	0,00160	0,00159	0,00163	0,00109	0,00096	0,00065	0,00035
0,01051	0,01585	0,02027	0,02576	0,02921	0,03526	0,03711	0,04258	0,04611	0,04885	0,05067	0,04952	0,04951	0,04501	0,04601	0,04142	0,04420	0,04071	0,04423	0,04086	0,04482	0,04028	0,04085	0,03517	0,03299	0,02843	0,02335	0,01882	0,01369	0,01179	0,00865	0,00770	0,00558	0,00520	0,00455	0,00472	0,00465	0,00470	0,00494	0,00422	0,00363	0,00309	0,00220	0,00187	0,00179	0,00188	0,00137	0,00121	0,00107	0,00061	0,00037
0,00919	0,01306	0,01648	0,02177	0,02555	0,03116	0,03456	0,04076	0,04548	0,04982	0,05237	0,05345	0,05450	0,05212	0,05363	0,05095	0,05446	0,05285	0,05601	0,05197	0,05583	0,04955	0,04916	0,04131	0,03673	0,02884	0,02422	0,01722	0,01233	0,00976	0,00630	0,00535	0,00397	0,00393	0,00393	0,00467	0,00475	0,00500	0,00489	0,00441	0,00343	0,00298	0,00199	0,00201	0,00170	0,00175	0,00149	0,00115	0,00086	0,00078	0,00046
0,00760	0,01086	0,01314	0,01737	0,02063	0,02706	0,02974	0,03807	0,04366	0,04971	0,05384	0,05628	0,05821	0,05803	0,06015	0,05913	0,06306	0,06277	0,06664	0,06315	0,06593	0,05861	0,05791	0,04665	0,04209	0,03199	0,02689	0,01699	0,01227	0,00795	0,00605	0,00385	0,00311	0,00313	0,00355	0,00426	0,00438	0,00475	0,00433	0,00390	0,00285	0,00259	0,00184	0,00176	0,00162	0,00149	0,00127	0,00111	0,00088	0,00067	0,00064
0,00578	0,00829	0,01024	0,01399	0,01696	0,02343	0,02632	0,03390	0,04086	0,04838	0,05238	0,05706	0,05951	0,06120	0,06351	0,06474	0,06781	0,06904	0,07231	0,07160	0,07281	0,06750	0,06365	0,05348	0,04733	0,03739	0,02787	0,01799	0,01274	0,00836	0,00518	0,00359	0,00243	0,00278	0,00298	0,00352	0,00370	0,00403	0,00330	0,00302	0,00220	0,00202	0,00153	0,00152	0,00134	0,00151	0,00131	0,00121	0,00099	0,00047	0,00043
0,00453	0,00655	0,00775	0,01070	0,01314	0,01866	0,02269	0,03039	0,03693	0,04637	0,05095	0,05652	0,05951	0,06231	0,06381	0,06683	0,06840	0,07183	0,07418	0,07532	0,07472	0,07105	0,06621	0,05810	0,05115	0,04001	0,02956	0,01916	0,01324	0,00782	0,00510	0,00320	0,00207	0,00227	0,00239	0,00306	0,00264	0,00301	0,00235	0,00219	0,00158	0,00155	0,00132	0,00141	0,00121	0,00124	0,00122	0,00095	0,00098	0,00083	0,00074
0,00367	0,00463	0,00575	0,00780	0,00966	0,01432	0,01778	0,02593	0,03280	0,04134	0,04598	0,05374	0,05587	0,06007	0,06163	0,06449	0,06479	0,06893	0,07044	0,07336	0,07092	0,06910	0,06285	0,05608	0,04783	0,03885	0,02865	0,01926	0,01318	0,00763	0,00473	0,00281	0,00181	0,00171	0,00162	0,00195	0,00162	0,00176	0,00121	0,00137	0,00094	0,00111	0,00103	0,00123	0,00101	0,00120	0,00104	0,00111	0,00103	0,00079	0,00074
0,00289	0,00391	0,00431	0,00531	0,00694	0,01066	0,01346	0,02025	0,02772	0,03606	0,04128	0,04830	0,05103	0,05542	0,05584	0,05860	0,05748	0,06145	0,06143	0,06524	0,06149	0,06212	0,05462	0,05048	0,04128	0,03558	0,02361	0,01676	0,01143	0,00733	0,00475	0,00285	0,00163	0,00125	0,00110	0,00120	0,00094	0,00113	0,00080	0,00090	0,00071	0,00071	0,00091	0,00086	0,00104	0,00108	0,00108	0,00110	0,00090	0,00064	0,00067
0,00233	0,00321	0,00347	0,00408	0,00458	0,00759	0,00917	0,01536	0,02156	0,03045	0,03473	0,04213	0,04447	0,04877	0,04845	0,05069	0,04810	0,05030	0,04910	0,05234	0,04738	0,04869	0,04139	0,03976	0,03205	0,02657	0,01832	0,01374	0,01008	0,00661	0,00428	0,00262	0,00171	0,00092	0,00070	0,00079	0,00049	0,00053	0,00067	0,00045	0,00062	0,00045	0,00058	0,00054	0,00074	0,00114	0,00093	0,00122	0,00092	0,00068	0,00068
0,00213	0,00264	0,00319	0,00315	0,00329	0,00464	0,00606	0,01102	0,01482	0,02390	0,02734	0,03494	0,03651	0,04079	0,03952	0,04084	0,03757	0,03822	0,03584	0,03768	0,03240	0,03293	0,02733	0,02680	0,02060	0,01892	0,01396	0,01085	0,00801	0,00619	0,00492	0,00299	0,00245	0,00141	0,00122	0,00070	0,00067	0,00069	0,00056	0,00046	0,00035	0,00048	0,00041	0,00060	0,00052	0,00090	0,00096	0,00089	0,00076	0,00055	0,00025
0,00178	0,00220	0,00276	0,00286	0,00239	0,00270	0,00339	0,00658	0,01002	0,01604	0,01916	0,02631	0,02830	0,03169	0,03047	0,03105	0,02746	0,02671	0,02366	0,02384	0,01789	0,01812	0,01444	0,01549	0,01216	0,01243	0,01019	0,00979	0,00847	0,00705	0,00620	0,00456	0,00361	0,00215	0,00159	0,00087	0,00087	0,00058	0,00044	0,00043	0,00047	0,00039	0,00038	0,00035	0,00055	0,00069	0,00072	0,00093	0,00045	0,00039	0,00058
0,00141	0,00202	0,00258	0,00290	0,00241	0,00200	0,00212	0,00296	0,00521	0,00937	0,01222	0,01758	0,01927	0,02281	0,02164	0,02158	0,01867	0,01713	0,01280	0,01194	0,00826	0,00814	0,00636	0,00726	0,00733	0,00877	0,00967	0,00989	0,00992	0,00882	0,00797	0,00579	0,00475	0,00281	0,00177	0,00138	0,00097	0,00088	0,00061	0,00054	0,00060	0,00024	0,00049	0,00039	0,00056	0,00075	0,00079	0,00054	0,00051	0,00029	0,00028
0,00118	0,00154	0,00231	0,00273	0,00249	0,00210	0,00178	0,00169	0,00234	0,00434	0,00591	0,00961	0,01132	0,01425	0,01353	0,01395	0,01125	0,00955	0,00707	0,00489	0,00293	0,00265	0,00279	0,00431	0,00593	0,00829	0,01042	0,01105	0,01135	0,01029	0,00892	0,00655	0,00455	0,00300	0,00189	0,00125	0,00102	0,00084	0,00067	0,00056	0,00057	0,00040	0,00040	0,00036	0,00053	0,00052	0,00060	0,00036	0,00034	0,00042	0,00033
