17,05882	17,17647	17,29412	17,41176	17,52941	17,64706	17,76471	17,88235	18,00000	18,11765	18,23529	18,35294	18,47059	18,58824	18,70588	18,82353	18,94118	19,05882	19,17647	19,29412	19,41176	19,52941	19,64706	19,76471	19,88235	20,00000	20,11765	20,23529	20,35294	20,47059	20,58824	20,70588	20,82353	20,94118	21,05882	21,17647	21,29412	21,41176	21,52941	21,64706	21,76471	21,88235	22,00000	22,11765	22,23529	22,35294	22,47059	22,58824	22,70588	22,82353	22,94118
21,85882	21,97647	22,09412	22,21176	22,32941	22,44706	22,56471	22,68235	22,80000	22,91765	23,03529	23,15294	23,27059	23,38824	23,50588	23,62353	23,74118	23,85882	23,97647	24,09412	24,21176	24,32941	24,44706	24,56471	24,68235	24,80000	24,91765	25,03529	25,15294	25,27059	25,38824	25,50588	25,62353	25,74118	25,85882	25,97647	26,09412	26,21176	26,32941	26,44706	26,56471	26,68235	26,80000	26,91765	27,03529	27,15294	27,27059	27,38824	27,50588	27,62353	27,74118
0,02620	0,03585	0,03780	0,05834	0,05822	0,07102	0,07824	0,08806	0,09467	0,10254	0,10921	0,12270	0,12972	0,15028	0,15569	0,17714	0,19492	0,20774	0,22646	0,25679	0,26482	0,28161	0,29082	0,29862	0,29982	0,28374	0,27901	0,26432	0,24395	0,22872	0,21209	0,20354	0,19814	0,20203	0,19994	0,20014	0,20052	0,20828	0,20658	0,21498	0,21403	0,20614	0,19668	0,19133	0,18258	0,17381	0,16239	0,15435	0,14524	0,13895	0,12947
0,03122	0,03929	0,04775	0,06742	0,07376	0,07619	0,08071	0,09817	0,10434	0,10896	0,12115	0,12842	0,13812	0,15762	0,17023	0,19436	0,20221	0,22437	0,23576	0,26127	0,26679	0,28661	0,29024	0,29598	0,29302	0,27711	0,26673	0,25645	0,23829	0,22019	0,21228	0,21304	0,20696	0,21443	0,21576	0,22149	0,22127	0,23192	0,22963	0,23654	0,23179	0,22544	0,21504	0,21037	0,18923	0,18529	0,16777	0,16374	0,15374	0,14681	0,13777
0,03432	0,04358	0,05736	0,06987	0,07553	0,08336	0,08948	0,10399	0,10784	0,11827	0,12567	0,13867	0,14440	0,15745	0,17295	0,19752	0,21753	0,22704	0,23815	0,26228	0,27462	0,28050	0,28698	0,28926	0,28726	0,27359	0,25813	0,24761	0,23654	0,22820	0,22024	0,22890	0,22495	0,23862	0,23724	0,24419	0,24598	0,25887	0,25318	0,26201	0,25183	0,24226	0,22407	0,21634	0,20124	0,19834	0,18478	0,17614	0,15990	0,16316	0,15064
0,04300	0,05498	0,05766	0,07914	0,08441	0,08590	0,09548	0,10505	0,11382	0,12422	0,13451	0,14444	0,15294	0,16312	0,18602	0,20937	0,21906	0,22767	0,24260	0,26154	0,26717	0,27694	0,27992	0,28229	0,28015	0,26702	0,25464	0,24680	0,23667	0,23454	0,23432	0,24456	0,24826	0,26303	0,26843	0,27700	0,27479	0,28162	0,27721	0,28383	0,27393	0,26066	0,24459	0,23578	0,22377	0,20731	0,19315	0,18338	0,17663	0,17685	0,16433
0,05102	0,05509	0,06619	0,08151	0,08725	0,09173	0,09955	0,11103	0,12227	0,12471	0,13309	0,14851	0,15996	0,17111	0,18342	0,21099	0,22076	0,23168	0,23862	0,25767	0,26664	0,27087	0,27355	0,27545	0,26956	0,26082	0,25319	0,24855	0,24675	0,25059	0,25353	0,27689	0,27910	0,29486	0,29729	0,30237	0,30682	0,31194	0,30362	0,30776	0,28741	0,27908	0,25869	0,25190	0,23835	0,22158	0,20795	0,20333	0,18940	0,19039	0,18648
0,05261	0,06504	0,07479	0,08435	0,09232	0,09901	0,10380	0,11894	0,12257	0,12805	0,14190	0,14702	0,15847	0,17582	0,18482	0,20382	0,22602	0,23053	0,24258	0,25465	0,25904	0,26538	0,26628	0,26827	0,26521	0,25940	0,25648	0,25668	0,25983	0,27414	0,28288	0,30371	0,30518	0,32987	0,33004	0,33395	0,33442	0,34756	0,33207	0,32173	0,31332	0,29280	0,27670	0,26590	0,25066	0,23743	0,22834	0,21988	0,21111	0,20750	0,20298
0,05884	0,06638	0,07518	0,09175	0,09770	0,10487	0,10986	0,12153	0,12940	0,13373	0,13885	0,14910	0,16488	0,17241	0,19157	0,21016	0,22016	0,22496	0,23621	0,24674	0,25384	0,25882	0,26025	0,26492	0,26349	0,26285	0,26293	0,27195	0,27628	0,30318	0,31462	0,33626	0,34145	0,36521	0,36328	0,36395	0,36338	0,35549	0,34971	0,33978	0,33231	0,30962	0,28358	0,27792	0,25796	0,25119	0,24281	0,23857	0,22953	0,22868	0,22968
0,06319	0,07179	0,08277	0,09542	0,10416	0,10433	0,11096	0,12030	0,12797	0,13248	0,14216	0,15565	0,16311	0,17788	0,18540	0,20597	0,21847	0,22590	0,23292	0,24375	0,24694	0,25304	0,25668	0,26360	0,26619	0,27166	0,27793	0,29294	0,30799	0,32852	0,34424	0,37228	0,38176	0,39562	0,39170	0,39538	0,39022	0,38305	0,37469	0,36473	0,34379	0,31377	0,30901	0,29624	0,28045	0,26915	0,25641	0,25927	0,25111	0,25557	0,25266
0,06663	0,07359	0,08550	0,09382	0,10255	0,10583	0,11201	0,12380	0,12891	0,13705	0,14293	0,15044	0,15893	0,17504	0,18436	0,20319	0,21484	0,21820	0,22347	0,23730	0,24404	0,25024	0,25790	0,26593	0,27462	0,28862	0,29382	0,32099	0,34029	0,37187	0,38809	0,40557	0,41814	0,42655	0,42355	0,42688	0,41246	0,40346	0,39085	0,37557	0,36395	0,34216	0,31477	0,31288	0,29422	0,28172	0,28155	0,28001	0,27674	0,27944	0,28111
0,07023	0,08237	0,08564	0,09850	0,10620	0,10869	0,11297	0,12373	0,13028	0,13404	0,13848	0,14875	0,15938	0,17257	0,18645	0,20109	0,20562	0,21144	0,21979	0,23368	0,24187	0,25370	0,26286	0,27121	0,28555	0,31062	0,32888	0,34418	0,36793	0,40174	0,41664	0,43978	0,44654	0,45916	0,45274	0,45115	0,43826	0,43108	0,41200	0,40104	0,38031	0,35162	0,32875	0,32388	0,30999	0,30356	0,30336	0,30179	0,30003	0,30481	0,30562
0,07241	0,08158	0,09198	0,09883	0,10685	0,10802	0,11317	0,12041	0,12717	0,13252	0,13743	0,14948	0,15666	0,16730	0,18257	0,19375	0,20768	0,21341	0,21652	0,23289	0,23860	0,25878	0,26414	0,28007	0,30325	0,34414	0,35515	0,37625	0,41163	0,44062	0,45363	0,46992	0,47827	0,48520	0,48164	0,46660	0,46878	0,43942	0,42837	0,41049	0,38430	0,36172	0,34329	0,33402	0,32872	0,32654	0,32495	0,32526	0,32432	0,32682	0,32684
0,07872	0,08212	0,08930	0,10069	0,10602	0,11070	0,11395	0,11994	0,12525	0,12969	0,13524	0,14511	0,15303	0,16952	0,17787	0,19073	0,19830	0,20745	0,21368	0,22725	0,24711	0,27138	0,28173	0,30369	0,32402	0,37697	0,39419	0,42598	0,44404	0,47175	0,49206	0,50160	0,50921	0,51138	0,50421	0,49414	0,47153	0,45217	0,44332	0,42919	0,39881	0,37522	0,36163	0,35213	0,35093	0,34461	0,34363	0,34672	0,34218	0,34431	0,33797
0,07750	0,08361	0,09410	0,10213	0,10628	0,10741	0,11073	0,11719	0,12586	0,12845	0,13616	0,14569	0,15176	0,16652	0,17576	0,19214	0,20045	0,20472	0,21784	0,22987	0,25375	0,27881	0,29257	0,31861	0,34546	0,39345	0,41769	0,45902	0,48796	0,50936	0,52653	0,53094	0,53573	0,53001	0,51821	0,50647	0,48742	0,47422	0,45344	0,43836	0,41040	0,39035	0,37497	0,36825	0,36651	0,36258	0,36242	0,36300	0,35707	0,35701	0,35095
0,07975	0,08839	0,09390	0,10171	0,10593	0,10867	0,10911	0,11509	0,12245	0,12823	0,13299	0,14466	0,15330	0,16350	0,17448	0,19204	0,19666	0,20728	0,21377	0,24140	0,25340	0,28428	0,31796	0,35026	0,37493	0,44297	0,46565	0,49406	0,51732	0,55035	0,55324	0,55835	0,55633	0,54807	0,54583	0,52767	0,51333	0,47229	0,45795	0,44672	0,41751	0,39780	0,39258	0,38484	0,38161	0,37739	0,37652	0,37255	0,36951	0,36496	0,35116
0,08172	0,08897	0,09170	0,09820	0,10214	0,10429	0,10860	0,11275	0,11987	0,12440	0,13302	0,14097	0,14680	0,16136	0,17304	0,19171	0,19441	0,21004	0,22484	0,24306	0,27395	0,30315	0,33520	0,36299	0,40362	0,45644	0,50142	0,53115	0,54924	0,57540	0,57961	0,57581	0,57454	0,56945	0,54724	0,52018	0,52006	0,48838	0,47717	0,45403	0,43341	0,41465	0,40212	0,39743	0,39410	0,38721	0,38629	0,37990	0,36590	0,35479	0,33563
0,08328	0,08652	0,09185	0,09703	0,10229	0,10476	0,10606	0,11133	0,11936	0,12191	0,12664	0,14151	0,14785	0,16164	0,16839	0,18743	0,20166	0,21643	0,23244	0,25528	0,27755	0,32424	0,34177	0,40052	0,44260	0,50112	0,53187	0,56158	0,57436	0,59369	0,60110	0,59659	0,58970	0,58558	0,56300	0,53243	0,52929	0,50162	0,47572	0,44798	0,44560	0,42226	0,41214	0,40575	0,40354	0,38977	0,38692	0,37634	0,35496	0,34997	0,32266
0,08286	0,08623	0,09255	0,09584	0,09914	0,10158	0,10370	0,11171	0,11400	0,11985	0,12875	0,13859	0,14541	0,16261	0,17143	0,19311	0,19814	0,21238	0,22951	0,26385	0,29530	0,34445	0,36800	0,42185	0,45571	0,52679	0,54060	0,58458	0,59914	0,61585	0,61502	0,60155	0,59939	0,58227	0,56914	0,54515	0,51809	0,50829	0,48751	0,46138	0,44940	0,42707	0,41856	0,41099	0,40569	0,38552	0,37344	0,35599	0,33465	0,32914	0,30940
0,08146	0,08688	0,08907	0,09485	0,09859	0,10107	0,10248	0,10890	0,11313	0,12009	0,12517	0,13457	0,14310	0,15624	0,17612	0,19704	0,21303	0,22340	0,24934	0,26865	0,32211	0,35068	0,38715	0,44104	0,50003	0,56078	0,58427	0,60839	0,62640	0,63015	0,63239	0,62044	0,61585	0,59286	0,57575	0,55191	0,52517	0,51108	0,49019	0,46562	0,45228	0,44036	0,41989	0,40578	0,40132	0,38357	0,36229	0,32415	0,31712	0,29990	0,26912
0,08188	0,08531	0,08811	0,09385	0,09467	0,09712	0,10094	0,10596	0,10988	0,11648	0,12379	0,13482	0,14155	0,16076	0,17573	0,19639	0,21094	0,22569	0,26076	0,29561	0,32333	0,37542	0,41359	0,46733	0,50257	0,57464	0,60794	0,62501	0,63956	0,64817	0,64458	0,62308	0,62222	0,60313	0,58926	0,56346	0,53661	0,52003	0,49236	0,47467	0,46491	0,44176	0,41875	0,40842	0,38432	0,36188	0,34336	0,31140	0,30256	0,28170	0,25613
0,08121	0,08276	0,08688	0,09153	0,09440	0,09805	0,09859	0,10448	0,11262	0,11505	0,12509	0,13823	0,14812	0,15901	0,17957	0,20228	0,22479	0,24498	0,26519	0,31134	0,35811	0,38892	0,44254	0,48811	0,54240	0,60031	0,62153	0,64663	0,65879	0,65803	0,65509	0,64346	0,62120	0,60433	0,59379	0,55905	0,54432	0,51139	0,50827	0,48254	0,46066	0,43976	0,41315	0,38757	0,37466	0,35416	0,32518	0,30306	0,27254	0,25197	0,23154
0,07762	0,08332	0,08660	0,08927	0,09411	0,09491	0,09659	0,10672	0,10847	0,11848	0,12437	0,13396	0,14494	0,15832	0,17883	0,20918	0,22085	0,25551	0,26817	0,32224	0,35881	0,40965	0,44150	0,49995	0,56097	0,60866	0,64128	0,66243	0,67326	0,67414	0,66442	0,64289	0,64099	0,62075	0,61024	0,57108	0,55626	0,51860	0,50997	0,48340	0,45812	0,42279	0,39564	0,37271	0,34267	0,32063	0,30722	0,28536	0,25057	0,24300	0,21599
0,07744	0,08238	0,08317	0,08750	0,09063	0,09545	0,09574	0,10192	0,10939	0,11525	0,12477	0,13308	0,15054	0,16656	0,18438	0,20537	0,23970	0,26378	0,29172	0,32943	0,37627	0,43738	0,45369	0,51356	0,56143	0,63023	0,65958	0,67544	0,68920	0,68825	0,67893	0,65650	0,64872	0,63554	0,62404	0,58911	0,55831	0,53964	0,49535	0,47331	0,45740	0,42358	0,39052	0,36294	0,34029	0,31090	0,28493	0,26218	0,23772	0,23587	0,21203
0,07701	0,08154	0,08418	0,08773	0,09135	0,09351	0,09664	0,10140	0,10829	0,11289	0,12435	0,13445	0,14331	0,16494	0,18730	0,21596	0,24785	0,27625	0,29420	0,34604	0,39629	0,43306	0,46662	0,52458	0,58496	0,63753	0,67150	0,68841	0,70428	0,69989	0,69574	0,67050	0,66128	0,65081	0,62798	0,59814	0,57365	0,54172	0,51439	0,46395	0,43968	0,41284	0,36777	0,35066	0,31405	0,29450	0,27066	0,24808	0,23571	0,22914	0,20810
0,07338	0,08050	0,08287	0,08670	0,08855	0,09297	0,09466	0,10315	0,10892	0,11255	0,12276	0,13477	0,14204	0,16455	0,19150	0,22117	0,24212	0,27472	0,29881	0,35941	0,39072	0,44044	0,47622	0,55243	0,60176	0,66489	0,68583	0,70484	0,71767	0,71538	0,70412	0,69553	0,67224	0,65296	0,62575	0,60939	0,56909	0,53736	0,49785	0,45460	0,44153	0,38970	0,34007	0,33414	0,29804	0,27767	0,25764	0,23948	0,23048	0,21429	0,20032
0,07267	0,07642	0,08086	0,08483	0,08712	0,09112	0,09384	0,10099	0,10813	0,11162	0,11958	0,13354	0,14405	0,16796	0,19062	0,23212	0,25073	0,27210	0,30063	0,35220	0,40655	0,47107	0,50816	0,56573	0,61321	0,68125	0,70650	0,72515	0,73628	0,73395	0,73100	0,70537	0,69842	0,65911	0,63771	0,61767	0,58094	0,52192	0,49480	0,47216	0,43452	0,39465	0,33115	0,31902	0,29410	0,27479	0,25240	0,23750	0,21981	0,21477	0,19478
0,07331	0,07760	0,08050	0,08525	0,08809	0,09282	0,09390	0,09942	0,10486	0,11486	0,12016	0,13233	0,14483	0,17243	0,20165	0,22773	0,24420	0,29371	0,31735	0,35835	0,43266	0,46991	0,49951	0,57342	0,62177	0,70084	0,71395	0,74410	0,75413	0,75496	0,73925	0,70931	0,68879	0,68030	0,65051	0,61960	0,57099	0,52667	0,49202	0,44448	0,41035	0,37625	0,33025	0,29222	0,27732	0,26259	0,24692	0,23391	0,21469	0,20840	0,19119
0,07138	0,07462	0,07810	0,08404	0,08684	0,09172	0,09277	0,10010	0,10193	0,11558	0,12078	0,13088	0,14447	0,16977	0,18786	0,24216	0,26551	0,27995	0,30673	0,35641	0,43717	0,46847	0,49904	0,58968	0,64024	0,71483	0,73235	0,75753	0,77250	0,77026	0,75464	0,72787	0,71231	0,70332	0,67582	0,60741	0,59466	0,54806	0,47561	0,45481	0,42191	0,36069	0,31871	0,27798	0,27384	0,25324	0,23097	0,21920	0,20872	0,19691	0,17996
0,06815	0,07379	0,07705	0,08216	0,08712	0,09073	0,09026	0,09700	0,10267	0,11215	0,11443	0,13468	0,14594	0,16484	0,18837	0,23301	0,24803	0,28464	0,31524	0,36067	0,43253	0,48279	0,52391	0,59699	0,65142	0,71166	0,74701	0,78276	0,79095	0,78642	0,77661	0,73735	0,74177	0,69386	0,67073	0,61725	0,59857	0,52810	0,48447	0,41886	0,38323	0,34439	0,29340	0,27377	0,26466	0,23709	0,22548	0,21396	0,19416	0,17919	0,16379
0,06753	0,07219	0,07777	0,08174	0,08707	0,08982	0,09025	0,09621	0,10215	0,10856	0,11222	0,13624	0,14143	0,15920	0,19143	0,23734	0,26307	0,29437	0,31695	0,36814	0,43067	0,46871	0,52299	0,58182	0,65607	0,73523	0,76799	0,79197	0,80576	0,80246	0,79240	0,76534	0,73352	0,71487	0,67036	0,61970	0,59137	0,50967	0,47342	0,41418	0,37779	0,35152	0,28602	0,26106	0,25078	0,22431	0,21085	0,19353	0,17282	0,17040	0,14094
0,06860	0,07111	0,07661	0,08195	0,08514	0,08857	0,08971	0,09663	0,09844	0,10918	0,11324	0,12926	0,13462	0,15730	0,18435	0,23807	0,26860	0,28330	0,30789	0,37995	0,41882	0,47296	0,51812	0,60662	0,67589	0,73246	0,77843	0,80300	0,81386	0,81255	0,78841	0,76840	0,73437	0,71836	0,66875	0,60280	0,57116	0,53612	0,48652	0,41139	0,38359	0,34415	0,28242	0,26245	0,23090	0,22115	0,20136	0,18468	0,15497	0,14735	0,12076
0,06698	0,07246	0,07674	0,08002	0,08543	0,08832	0,08815	0,09476	0,09743	0,10593	0,10892	0,12138	0,13860	0,15634	0,17852	0,22401	0,24375	0,27499	0,29690	0,37221	0,41245	0,45580	0,50222	0,58004	0,67173	0,74301	0,77951	0,81102	0,81720	0,81548	0,79324	0,76279	0,74785	0,70159	0,67093	0,59726	0,57940	0,51932	0,46665	0,39666	0,36944	0,31549	0,27443	0,24485	0,23172	0,19905	0,18034	0,16854	0,14094	0,12947	0,09538
0,06593	0,07217	0,07347	0,08038	0,08251	0,08839	0,08888	0,09501	0,09594	0,09949	0,10483	0,12551	0,13127	0,14920	0,17663	0,21774	0,23403	0,26986	0,29889	0,36081	0,39491	0,44793	0,49142	0,59940	0,65060	0,75288	0,78685	0,81023	0,81377	0,80861	0,78038	0,76287	0,73928	0,69434	0,63462	0,59677	0,55435	0,49687	0,46621	0,41921	0,36443	0,30774	0,25846	0,23446	0,22625	0,19610	0,16414	0,14082	0,11624	0,10455	0,08765
0,06492	0,06955	0,07335	0,07966	0,08155	0,08615	0,08731	0,09237	0,09405	0,09855	0,10198	0,11451	0,12213	0,15014	0,18170	0,21863	0,22578	0,27816	0,29853	0,35583	0,40341	0,43252	0,46163	0,58347	0,65129	0,73845	0,76377	0,79881	0,80396	0,79684	0,77448	0,73864	0,70834	0,66296	0,64774	0,57535	0,54022	0,47360	0,44101	0,40132	0,34380	0,30077	0,26091	0,22748	0,19967	0,17932	0,15366	0,13255	0,10662	0,08980	0,07105
0,06228	0,06917	0,07121	0,07651	0,08133	0,08581	0,08465	0,09093	0,09155	0,09695	0,09812	0,11159	0,11591	0,14191	0,16451	0,19776	0,21099	0,25029	0,26452	0,32120	0,38486	0,43576	0,44800	0,57144	0,62420	0,73151	0,75681	0,79183	0,78813	0,78242	0,74097	0,70598	0,69371	0,65914	0,61875	0,56480	0,54074	0,49228	0,41619	0,37562	0,32552	0,30493	0,24236	0,20901	0,18770	0,16372	0,13980	0,11651	0,09997	0,07943	0,06608
0,05723	0,06628	0,07127	0,07582	0,08059	0,08399	0,08412	0,08660	0,08686	0,09106	0,09516	0,11023	0,10902	0,12658	0,15643	0,18934	0,19475	0,23463	0,26275	0,29760	0,34347	0,42257	0,43011	0,55378	0,62313	0,69375	0,74126	0,76259	0,75984	0,75749	0,71899	0,68687	0,66940	0,62480	0,59665	0,52431	0,51062	0,43920	0,38630	0,36308	0,31408	0,27225	0,21983	0,19420	0,17498	0,14809	0,13548	0,11283	0,08880	0,06568	0,04995
0,05538	0,06406	0,06760	0,07529	0,07910	0,08249	0,08133	0,08489	0,08562	0,08777	0,09292	0,09941	0,10201	0,11917	0,14613	0,17440	0,19725	0,22954	0,23812	0,27565	0,32805	0,38446	0,39153	0,50409	0,58522	0,67275	0,71309	0,73718	0,72355	0,71836	0,68747	0,66452	0,62937	0,57258	0,54873	0,51703	0,46069	0,43290	0,37499	0,32665	0,29164	0,26751	0,21145	0,19795	0,16440	0,13627	0,11318	0,09071	0,06888	0,06343	0,04772
0,05344	0,06436	0,06567	0,07514	0,07750	0,08052	0,08027	0,08291	0,08299	0,08522	0,08861	0,09770	0,10061	0,11232	0,14122	0,17272	0,17480	0,20863	0,21107	0,26111	0,28693	0,35618	0,37276	0,45994	0,54507	0,63353	0,66182	0,69706	0,68136	0,68051	0,64491	0,60830	0,57520	0,54020	0,49261	0,47034	0,43366	0,39483	0,33279	0,30413	0,27149	0,23750	0,19088	0,17667	0,15685	0,12779	0,09978	0,07698	0,05970	0,05905	0,03748
0,05065	0,06213	0,06291	0,07302	0,07377	0,07743	0,07749	0,08100	0,08008	0,08236	0,08464	0,08882	0,09182	0,09997	0,11901	0,15235	0,14999	0,18456	0,20324	0,24243	0,26436	0,30511	0,32930	0,43965	0,52270	0,60144	0,61815	0,64856	0,63568	0,63592	0,58317	0,57453	0,53409	0,51154	0,46929	0,42501	0,38663	0,35097	0,31418	0,28565	0,24039	0,21637	0,16910	0,15298	0,13411	0,10358	0,08758	0,07471	0,05607	0,04236	0,03435
0,05015	0,06061	0,06048	0,06881	0,07097	0,07528	0,07575	0,07813	0,07737	0,07933	0,08014	0,08395	0,08521	0,09468	0,10677	0,14071	0,13266	0,16136	0,17416	0,21990	0,22959	0,27154	0,28565	0,40068	0,46739	0,53785	0,56662	0,59757	0,57420	0,58423	0,53707	0,50293	0,46541	0,44373	0,41106	0,38243	0,34399	0,30863	0,28133	0,24959	0,22028	0,19616	0,14663	0,12113	0,11086	0,08700	0,07709	0,05540	0,04583	0,03583	0,02376
0,04841	0,05392	0,06095	0,06802	0,06793	0,07407	0,07374	0,07586	0,07465	0,07613	0,07577	0,07944	0,07843	0,08798	0,09887	0,12368	0,11543	0,14000	0,14094	0,18837	0,19713	0,25201	0,26227	0,34892	0,43050	0,49692	0,52438	0,54540	0,51894	0,52730	0,47433	0,45821	0,42522	0,39715	0,36419	0,35555	0,30375	0,28515	0,23519	0,20393	0,17162	0,15389	0,11989	0,09963	0,08777	0,06664	0,05740	0,04182	0,03286	0,02411	0,01796
0,04312	0,05368	0,05569	0,06285	0,06430	0,06937	0,07115	0,07281	0,07214	0,07361	0,07340	0,07499	0,07391	0,08106	0,08870	0,10597	0,10925	0,12515	0,11977	0,15688	0,18032	0,21343	0,21592	0,29346	0,37594	0,45034	0,45064	0,48236	0,45725	0,46908	0,42304	0,40509	0,35870	0,36179	0,31744	0,29403	0,26673	0,24351	0,19640	0,17435	0,14364	0,13021	0,09214	0,07173	0,06590	0,05339	0,03592	0,03336	0,02106	0,01828	0,00871
0,04256	0,05009	0,05329	0,05846	0,06140	0,06796	0,06696	0,07085	0,06896	0,07062	0,06972	0,07136	0,06973	0,07261	0,07667	0,09205	0,08808	0,10573	0,10958	0,12390	0,15057	0,16516	0,17377	0,24538	0,31968	0,37950	0,39991	0,42884	0,40344	0,40439	0,36445	0,35027	0,31711	0,30156	0,25579	0,25011	0,20372	0,18768	0,15112	0,13353	0,10676	0,08975	0,05973	0,04901	0,03734	0,03522	0,02189	0,01816	0,01049	0,00909	0,00417
0,03566	0,04506	0,04777	0,05663	0,06004	0,06489	0,06460	0,06672	0,06663	0,06779	0,06737	0,06791	0,06639	0,06885	0,07086	0,07872	0,07889	0,08761	0,08878	0,10943	0,12500	0,12550	0,13430	0,20877	0,26848	0,32484	0,33512	0,35632	0,33372	0,34763	0,29730	0,30031	0,26007	0,24102	0,22472	0,19899	0,16914	0,15475	0,10638	0,10082	0,07910	0,06218	0,03877	0,03447	0,02584	0,01731	0,01141	0,00832	0,00488	0,00428	0,00192
0,03208	0,04062	0,04684	0,05162	0,05523	0,06045	0,05942	0,06421	0,06295	0,06453	0,06490	0,06443	0,06428	0,06433	0,06354	0,07163	0,06788	0,07542	0,07353	0,08851	0,08842	0,10913	0,12263	0,15238	0,21784	0,26383	0,27945	0,29834	0,27172	0,28899	0,24038	0,24170	0,19792	0,18538	0,16884	0,15194	0,12387	0,11476	0,07504	0,06857	0,04678	0,04312	0,02273	0,01668	0,01119	0,00942	0,00447	0,00305	0,00155	0,00146	0,00169
0,02844	0,03601	0,04427	0,05001	0,05019	0,05621	0,05720	0,05939	0,05941	0,06178	0,06174	0,06281	0,06083	0,06119	0,05897	0,06164	0,06014	0,06319	0,06481	0,06880	0,07982	0,08655	0,09015	0,11439	0,16909	0,21175	0,21928	0,24212	0,21455	0,22380	0,18426	0,19182	0,15185	0,14238	0,13176	0,11557	0,08509	0,07450	0,04793	0,04489	0,02997	0,02043	0,01068	0,00804	0,00449	0,00228	0,00140	0,00100	0,00134	0,00215	0,00354
0,02492	0,03236	0,03795	0,04241	0,04718	0,05180	0,05158	0,05763	0,05642	0,05911	0,05948	0,05967	0,05803	0,05859	0,05591	0,05736	0,05426	0,05561	0,05345	0,05630	0,05779	0,06674	0,06933	0,08433	0,13354	0,15616	0,17055	0,18894	0,16426	0,16888	0,13760	0,13446	0,10769	0,10492	0,09261	0,08028	0,06080	0,05170	0,02819	0,02366	0,01603	0,01016	0,00360	0,00185	0,00140	0,00096	0,00130	0,00223	0,00303	0,00432	0,00664
0,02363	0,02877	0,03330	0,03878	0,04131	0,04793	0,04850	0,05160	0,05398	0,05547	0,05705	0,05752	0,05649	0,05579	0,05386	0,05294	0,05104	0,05007	0,04716	0,04867	0,04475	0,04885	0,05203	0,06443	0,10521	0,10853	0,12423	0,12652	0,11950	0,12753	0,09594	0,10134	0,07213	0,06853	0,05141	0,04700	0,03720	0,02623	0,01546	0,01261	0,00699	0,00397	0,00192	0,00156	0,00214	0,00241	0,00344	0,00470	0,00657	0,00719	0,00957
0,01971	0,02711	0,02763	0,03492	0,03745	0,04169	0,04304	0,04796	0,04860	0,05148	0,05286	0,05432	0,05369	0,05409	0,05113	0,05036	0,04751	0,04651	0,04431	0,04220	0,03886	0,03949	0,03927	0,04412	0,06242	0,07891	0,07867	0,08268	0,08085	0,08285	0,06344	0,06606	0,04414	0,04245	0,03424	0,02839	0,01940	0,01792	0,00910	0,00552	0,00422	0,00272	0,00265	0,00299	0,00462	0,00557	0,00695	0,00839	0,00997	0,01000	0,01241
0,01661	0,02353	0,02443	0,03085	0,03113	0,03798	0,03842	0,04311	0,04262	0,04728	0,04854	0,05077	0,05101	0,05120	0,04949	0,04859	0,04648	0,04519	0,04199	0,03985	0,03606	0,03439	0,03210	0,03298	0,04100	0,05081	0,05172	0,06128	0,04896	0,05334	0,03940	0,04150	0,02597	0,02706	0,01678	0,01766	0,00972	0,00765	0,00500	0,00412	0,00354	0,00356	0,00539	0,00612	0,00719	0,00846	0,01000	0,01151	0,01259	0,01273	0,01370
0,01546	0,01739	0,02061	0,02550	0,02748	0,03338	0,03251	0,03585	0,03781	0,04115	0,04529	0,04666	0,04744	0,04791	0,04756	0,04644	0,04479	0,04298	0,04071	0,03898	0,03364	0,03052	0,02858	0,02649	0,02894	0,03189	0,03235	0,03511	0,02978	0,03055	0,02109	0,02317	0,01477	0,01354	0,01010	0,00894	0,00595	0,00460	0,00384	0,00391	0,00437	0,00531	0,00683	0,00814	0,00988	0,01086	0,01159	0,01225	0,01299	0,01382	0,01391
0,01326	0,01372	0,01974	0,02275	0,02476	0,02687	0,02946	0,03013	0,03360	0,03511	0,04068	0,04258	0,04213	0,04434	0,04534	0,04570	0,04337	0,04268	0,04114	0,03897	0,03336	0,03121	0,02692	0,02537	0,02156	0,02138	0,02192	0,02120	0,01787	0,01784	0,01243	0,01203	0,00766	0,00715	0,00579	0,00545	0,00435	0,00432	0,00459	0,00498	0,00604	0,00650	0,00821	0,00882	0,01048	0,01100	0,01176	0,01271	0,01306	0,01348	0,01324
