12,14706	12,44118	12,73529	13,02941	13,32353	13,61765	13,91176	14,20588	14,50000	14,79412	15,08824	15,38235	15,67647	15,97059	16,26471	16,55882	16,85294	17,14706	17,44118	17,73529	18,02941	18,32353	18,61765	18,91176	19,20588	19,50000	19,79412	20,08824	20,38235	20,67647	20,97059	21,26471	21,55882	21,85294	22,14706	22,44118	22,73529	23,02941	23,32353	23,61765	23,91176	24,20588	24,50000	24,79412	25,08824	25,38235	25,67647	25,97059	26,26471	26,55882	26,85294
22,04706	22,34118	22,63529	22,92941	23,22353	23,51765	23,81176	24,10588	24,40000	24,69412	24,98824	25,28235	25,57647	25,87059	26,16471	26,45882	26,75294	27,04706	27,34118	27,63529	27,92941	28,22353	28,51765	28,81176	29,10588	29,40000	29,69412	29,98824	30,28235	30,57647	30,87059	31,16471	31,45882	31,75294	32,04706	32,34118	32,63529	32,92941	33,22353	33,51765	33,81176	34,10588	34,40000	34,69412	34,98824	35,28235	35,57647	35,87059	36,16471	36,45882	36,75294
0,00365	0,00466	0,00484	0,00582	0,00592	0,00620	0,00653	0,00629	0,00650	0,00587	0,00596	0,00512	0,00470	0,00427	0,00365	0,00322	0,00271	0,00249	0,00182	0,00170	0,00147	0,00132	0,00106	0,00088	0,00082	0,00059	0,00044	0,00034	0,00029	0,00029	0,00026	0,00030	0,00027	0,00036	0,00029	0,00029	0,00034	0,00028	0,00037	0,00033	0,00027	0,00019	0,00028	0,00014	0,00028	0,00009	0,00033	0,00021	0,00029	0,00023	0,00025
0,00457	0,00596	0,00663	0,00717	0,00784	0,00777	0,00799	0,00794	0,00759	0,00730	0,00675	0,00569	0,00522	0,00466	0,00408	0,00328	0,00294	0,00230	0,00177	0,00154	0,00135	0,00124	0,00090	0,00078	0,00067	0,00071	0,00064	0,00049	0,00039	0,00027	0,00018	0,00058	0,00011	0,00034	0,00019	0,00033	0,00049	0,00023	0,00032	0,00028	0,00014	0,00023	0,00025	0,00028	0,00027	0,00025	0,00037	0,00035	0,00033	0,00021	0,00017
0,00606	0,00752	0,00830	0,00895	0,00947	0,00961	0,00958	0,00936	0,00901	0,00811	0,00741	0,00637	0,00516	0,00482	0,00403	0,00327	0,00262	0,00225	0,00177	0,00150	0,00130	0,00114	0,00095	0,00054	0,00056	0,00047	0,00054	0,00028	0,00038	0,00032	0,00021	0,00018	0,00018	0,00027	0,00026	0,00021	0,00024	0,00039	0,00006	0,00011	0,00038	0,00015	0,00018	0,00029	0,00029	0,00033	0,00015	0,00016	0,00025	0,00041	0,00028
0,00715	0,00890	0,00973	0,01035	0,01067	0,01091	0,01065	0,01034	0,00942	0,00854	0,00770	0,00641	0,00535	0,00461	0,00382	0,00283	0,00230	0,00184	0,00137	0,00119	0,00092	0,00100	0,00087	0,00077	0,00076	0,00068	0,00057	0,00059	0,00053	0,00031	0,00034	0,00045	0,00025	0,00019	0,00028	0,00035	0,00034	0,00022	0,00021	0,00036	0,00025	0,00025	0,00017	0,00031	0,00049	0,00023	0,00025	0,00035	0,00035	0,00030	0,00028
0,00836	0,01018	0,01113	0,01159	0,01192	0,01172	0,01104	0,01033	0,00939	0,00801	0,00714	0,00607	0,00496	0,00414	0,00335	0,00254	0,00186	0,00149	0,00093	0,00104	0,00072	0,00069	0,00068	0,00055	0,00086	0,00076	0,00075	0,00078	0,00066	0,00061	0,00047	0,00054	0,00063	0,00056	0,00040	0,00018	0,00022	0,00020	0,00035	0,00036	0,00044	0,00037	0,00017	0,00024	0,00024	0,00028	0,00028	0,00016	0,00024	0,00014	0,00041
0,00964	0,01090	0,01188	0,01218	0,01201	0,01161	0,01066	0,00985	0,00868	0,00769	0,00623	0,00531	0,00424	0,00364	0,00251	0,00183	0,00149	0,00109	0,00079	0,00059	0,00079	0,00072	0,00077	0,00087	0,00090	0,00098	0,00092	0,00111	0,00116	0,00116	0,00091	0,00092	0,00067	0,00052	0,00047	0,00037	0,00033	0,00035	0,00033	0,00023	0,00024	0,00027	0,00028	0,00045	0,00022	0,00019	0,00033	0,00013	0,00017	0,00029	0,00027
0,01036	0,01177	0,01225	0,01214	0,01146	0,01104	0,00980	0,00901	0,00759	0,00666	0,00566	0,00485	0,00382	0,00308	0,00238	0,00185	0,00141	0,00095	0,00078	0,00070	0,00073	0,00066	0,00121	0,00105	0,00152	0,00156	0,00159	0,00174	0,00157	0,00154	0,00154	0,00114	0,00107	0,00087	0,00061	0,00045	0,00042	0,00031	0,00025	0,00039	0,00019	0,00052	0,00052	0,00024	0,00037	0,00051	0,00018	0,00037	0,00032	0,00035	0,00016
0,01059	0,01172	0,01145	0,01123	0,01010	0,00927	0,00814	0,00779	0,00691	0,00614	0,00551	0,00437	0,00397	0,00315	0,00255	0,00187	0,00156	0,00112	0,00102	0,00075	0,00101	0,00112	0,00145	0,00157	0,00202	0,00228	0,00241	0,00245	0,00246	0,00218	0,00197	0,00158	0,00156	0,00106	0,00080	0,00071	0,00056	0,00040	0,00030	0,00034	0,00017	0,00031	0,00021	0,00040	0,00042	0,00041	0,00036	0,00039	0,00032	0,00019	0,00032
0,01011	0,01077	0,01040	0,00970	0,00841	0,00785	0,00729	0,00680	0,00649	0,00580	0,00537	0,00472	0,00440	0,00382	0,00298	0,00226	0,00180	0,00136	0,00117	0,00153	0,00153	0,00189	0,00229	0,00253	0,00319	0,00323	0,00363	0,00346	0,00354	0,00315	0,00282	0,00241	0,00221	0,00143	0,00118	0,00087	0,00044	0,00034	0,00035	0,00041	0,00038	0,00047	0,00019	0,00022	0,00025	0,00026	0,00033	0,00042	0,00032	0,00035	0,00044
0,00941	0,00957	0,00838	0,00793	0,00695	0,00679	0,00643	0,00665	0,00655	0,00634	0,00583	0,00507	0,00477	0,00401	0,00333	0,00254	0,00202	0,00178	0,00193	0,00190	0,00257	0,00259	0,00345	0,00377	0,00460	0,00466	0,00510	0,00468	0,00462	0,00401	0,00363	0,00293	0,00255	0,00177	0,00143	0,00073	0,00059	0,00051	0,00030	0,00055	0,00019	0,00039	0,00042	0,00036	0,00047	0,00030	0,00031	0,00044	0,00027	0,00046	0,00026
0,00805	0,00762	0,00651	0,00612	0,00598	0,00608	0,00650	0,00664	0,00686	0,00666	0,00632	0,00533	0,00506	0,00413	0,00395	0,00312	0,00277	0,00235	0,00273	0,00293	0,00369	0,00391	0,00503	0,00522	0,00630	0,00629	0,00659	0,00581	0,00574	0,00498	0,00447	0,00350	0,00297	0,00228	0,00196	0,00108	0,00085	0,00058	0,00055	0,00047	0,00048	0,00030	0,00030	0,00023	0,00019	0,00029	0,00035	0,00024	0,00042	0,00035	0,00029
0,00601	0,00561	0,00469	0,00519	0,00581	0,00647	0,00672	0,00710	0,00723	0,00664	0,00628	0,00573	0,00552	0,00485	0,00474	0,00403	0,00414	0,00369	0,00432	0,00433	0,00560	0,00545	0,00692	0,00697	0,00747	0,00778	0,00778	0,00712	0,00668	0,00576	0,00493	0,00398	0,00342	0,00260	0,00195	0,00124	0,00106	0,00071	0,00025	0,00046	0,00044	0,00042	0,00041	0,00026	0,00026	0,00059	0,00036	0,00041	0,00029	0,00020	0,00019
0,00392	0,00373	0,00377	0,00475	0,00591	0,00655	0,00697	0,00703	0,00702	0,00682	0,00693	0,00656	0,00667	0,00605	0,00641	0,00543	0,00587	0,00555	0,00617	0,00607	0,00774	0,00770	0,00877	0,00906	0,00978	0,00901	0,00907	0,00808	0,00757	0,00627	0,00535	0,00457	0,00353	0,00268	0,00195	0,00148	0,00117	0,00073	0,00072	0,00057	0,00038	0,00046	0,00031	0,00030	0,00032	0,00044	0,00024	0,00032	0,00040	0,00009	0,00051
0,00262	0,00295	0,00372	0,00493	0,00615	0,00689	0,00717	0,00680	0,00731	0,00749	0,00831	0,00847	0,00957	0,00875	0,00941	0,00805	0,00879	0,00804	0,00890	0,00860	0,01042	0,01027	0,01124	0,01119	0,01138	0,01057	0,00999	0,00886	0,00785	0,00650	0,00525	0,00440	0,00355	0,00275	0,00201	0,00156	0,00115	0,00072	0,00059	0,00061	0,00046	0,00038	0,00036	0,00016	0,00038	0,00021	0,00031	0,00026	0,00026	0,00019	0,00030
0,00186	0,00325	0,00460	0,00553	0,00672	0,00674	0,00717	0,00751	0,00904	0,00930	0,01186	0,01197	0,01366	0,01267	0,01322	0,01145	0,01200	0,01120	0,01282	0,01231	0,01382	0,01302	0,01404	0,01342	0,01344	0,01192	0,01092	0,00913	0,00825	0,00668	0,00532	0,00406	0,00312	0,00241	0,00175	0,00119	0,00111	0,00079	0,00066	0,00070	0,00056	0,00030	0,00043	0,00036	0,00026	0,00024	0,00036	0,00021	0,00034	0,00023	0,00021
0,00202	0,00342	0,00488	0,00609	0,00697	0,00717	0,00817	0,00892	0,01254	0,01317	0,01725	0,01697	0,01913	0,01756	0,01762	0,01504	0,01606	0,01501	0,01699	0,01639	0,01791	0,01666	0,01703	0,01572	0,01492	0,01304	0,01114	0,00943	0,00805	0,00662	0,00532	0,00430	0,00340	0,00244	0,00177	0,00122	0,00078	0,00062	0,00039	0,00041	0,00051	0,00030	0,00048	0,00023	0,00029	0,00012	0,00032	0,00036	0,00037	0,00028	0,00026
0,00276	0,00450	0,00590	0,00651	0,00748	0,00837	0,01181	0,01347	0,01846	0,02065	0,02424	0,02290	0,02468	0,02213	0,02210	0,01976	0,02112	0,01990	0,02228	0,02112	0,02247	0,02036	0,02031	0,01795	0,01658	0,01423	0,01201	0,00973	0,00849	0,00665	0,00561	0,00436	0,00318	0,00244	0,00166	0,00106	0,00067	0,00069	0,00049	0,00030	0,00013	0,00023	0,00031	0,00017	0,00024	0,00035	0,00026	0,00034	0,00022	0,00022	0,00027
0,00405	0,00533	0,00701	0,00735	0,00927	0,01126	0,01575	0,01862	0,02539	0,02722	0,03198	0,02956	0,03018	0,02688	0,02695	0,02458	0,02662	0,02638	0,02836	0,02616	0,02640	0,02388	0,02284	0,01957	0,01733	0,01447	0,01231	0,01032	0,00850	0,00662	0,00580	0,00415	0,00339	0,00232	0,00187	0,00090	0,00064	0,00049	0,00024	0,00030	0,00030	0,00018	0,00009	0,00031	0,00026	0,00028	0,00028	0,00027	0,00032	0,00049	0,00038
0,00517	0,00658	0,00818	0,00906	0,01350	0,01679	0,02364	0,02765	0,03437	0,03525	0,03797	0,03476	0,03471	0,03154	0,03229	0,03058	0,03373	0,03230	0,03383	0,03066	0,02949	0,02594	0,02339	0,02012	0,01768	0,01467	0,01243	0,00997	0,00913	0,00729	0,00606	0,00465	0,00365	0,00259	0,00204	0,00091	0,00056	0,00049	0,00023	0,00020	0,00036	0,00023	0,00023	0,00011	0,00019	0,00038	0,00036	0,00003	0,00007	0,00021	0,00023
0,00655	0,00819	0,01000	0,01142	0,01813	0,02287	0,03121	0,03393	0,04022	0,04122	0,04221	0,03910	0,03886	0,03672	0,03867	0,03735	0,04039	0,03825	0,03806	0,03369	0,03114	0,02757	0,02352	0,01961	0,01745	0,01441	0,01242	0,01069	0,00936	0,00776	0,00683	0,00500	0,00415	0,00281	0,00198	0,00122	0,00064	0,00049	0,00045	0,00038	0,00032	0,00050	0,00029	0,00035	0,00048	0,00042	0,00039	0,00014	0,00022	0,00020	0,00034
0,00822	0,00980	0,01295	0,01653	0,02503	0,02989	0,03762	0,04154	0,04590	0,04513	0,04543	0,04275	0,04400	0,04243	0,04518	0,04451	0,04625	0,04284	0,04062	0,03510	0,03147	0,02758	0,02375	0,01984	0,01765	0,01476	0,01371	0,01172	0,01052	0,00853	0,00742	0,00571	0,00440	0,00322	0,00248	0,00123	0,00088	0,00043	0,00043	0,00030	0,00030	0,00025	0,00033	0,00043	0,00047	0,00053	0,00044	0,00035	0,00033	0,00031	0,00043
0,00981	0,01279	0,01578	0,02118	0,02927	0,03588	0,04282	0,04618	0,04827	0,04764	0,04849	0,04696	0,04939	0,04912	0,05255	0,05090	0,05042	0,04506	0,04160	0,03551	0,03132	0,02663	0,02435	0,02058	0,01967	0,01674	0,01586	0,01298	0,01220	0,00921	0,00874	0,00614	0,00505	0,00346	0,00260	0,00146	0,00086	0,00065	0,00034	0,00021	0,00024	0,00044	0,00045	0,00037	0,00046	0,00038	0,00049	0,00054	0,00038	0,00044	0,00015
0,01145	0,01541	0,02106	0,02546	0,03610	0,04165	0,04645	0,04820	0,05011	0,04995	0,05281	0,05243	0,05697	0,05696	0,05975	0,05600	0,05350	0,04666	0,04182	0,03545	0,03248	0,02801	0,02696	0,02345	0,02308	0,01965	0,01864	0,01563	0,01415	0,01078	0,00951	0,00701	0,00541	0,00390	0,00293	0,00157	0,00109	0,00063	0,00064	0,00038	0,00033	0,00018	0,00031	0,00056	0,00055	0,00044	0,00040	0,00035	0,00032	0,00035	0,00034
0,01450	0,01828	0,02424	0,03110	0,03866	0,04386	0,04831	0,05018	0,05252	0,05361	0,05916	0,06020	0,06615	0,06493	0,06608	0,05963	0,05545	0,04769	0,04252	0,03668	0,03522	0,03096	0,03097	0,02758	0,02677	0,02322	0,02151	0,01746	0,01551	0,01229	0,01105	0,00751	0,00623	0,00443	0,00334	0,00177	0,00134	0,00097	0,00078	0,00027	0,00023	0,00023	0,00020	0,00057	0,00059	0,00069	0,00066	0,00060	0,00057	0,00039	0,00031
0,01695	0,02283	0,02915	0,03413	0,04135	0,04631	0,04969	0,05226	0,05682	0,06016	0,06791	0,06978	0,07551	0,07237	0,07167	0,06340	0,05803	0,04899	0,04505	0,04004	0,03940	0,03554	0,03541	0,03177	0,03014	0,02591	0,02350	0,01915	0,01684	0,01327	0,01145	0,00860	0,00697	0,00484	0,00361	0,00225	0,00160	0,00125	0,00080	0,00064	0,00044	0,00009	0,00028	0,00024	0,00056	0,00049	0,00072	0,00067	0,00066	0,00035	0,00043
0,01873	0,02436	0,03247	0,03711	0,04295	0,04823	0,05221	0,05555	0,06336	0,07051	0,07959	0,08063	0,08604	0,07987	0,07725	0,06707	0,05955	0,05134	0,04869	0,04404	0,04328	0,03982	0,03897	0,03485	0,03182	0,02784	0,02446	0,02000	0,01711	0,01363	0,01170	0,00888	0,00739	0,00491	0,00374	0,00242	0,00177	0,00131	0,00101	0,00065	0,00065	0,00030	0,00021	0,00030	0,00061	0,00060	0,00090	0,00064	0,00072	0,00063	0,00042
0,02066	0,02837	0,03421	0,03972	0,04474	0,04960	0,05679	0,06370	0,07523	0,08307	0,09427	0,09340	0,09544	0,08749	0,08085	0,06999	0,06328	0,05476	0,05216	0,04757	0,04626	0,04280	0,04050	0,03649	0,03249	0,02732	0,02345	0,02028	0,01727	0,01364	0,01170	0,00892	0,00752	0,00527	0,00396	0,00246	0,00216	0,00144	0,00148	0,00105	0,00079	0,00042	0,00020	0,00033	0,00064	0,00062	0,00075	0,00069	0,00078	0,00061	0,00061
0,02374	0,03025	0,03624	0,04067	0,04873	0,05444	0,06305	0,07327	0,08870	0,09451	0,10683	0,10429	0,10447	0,09398	0,08537	0,07405	0,06763	0,05840	0,05446	0,05001	0,04736	0,04351	0,03969	0,03568	0,03059	0,02618	0,02236	0,01876	0,01608	0,01318	0,01103	0,00883	0,00730	0,00536	0,00388	0,00272	0,00202	0,00160	0,00148	0,00111	0,00102	0,00047	0,00039	0,00020	0,00031	0,00039	0,00064	0,00074	0,00085	0,00035	0,00047
0,02532	0,03113	0,03850	0,04297	0,05246	0,06234	0,07612	0,08757	0,10097	0,11044	0,12037	0,11498	0,11176	0,10029	0,09130	0,07692	0,06975	0,05957	0,05564	0,05059	0,04666	0,04270	0,03859	0,03327	0,02911	0,02531	0,02086	0,01803	0,01455	0,01249	0,00989	0,00848	0,00635	0,00519	0,00370	0,00274	0,00210	0,00168	0,00161	0,00146	0,00120	0,00083	0,00052	0,00022	0,00039	0,00038	0,00048	0,00066	0,00078	0,00066	0,00055
0,02584	0,03382	0,03847	0,04522	0,05663	0,06961	0,08578	0,09786	0,11596	0,12198	0,13200	0,12497	0,12166	0,10669	0,09659	0,08154	0,07340	0,06269	0,05641	0,05026	0,04518	0,04094	0,03678	0,03177	0,02711	0,02325	0,01941	0,01656	0,01337	0,01146	0,00940	0,00772	0,00609	0,00467	0,00382	0,00260	0,00209	0,00166	0,00175	0,00144	0,00103	0,00094	0,00053	0,00045	0,00020	0,00028	0,00021	0,00079	0,00077	0,00085	0,00054
0,02769	0,03538	0,04081	0,04993	0,06171	0,07629	0,09579	0,11033	0,12669	0,13484	0,14277	0,13453	0,12919	0,11351	0,10393	0,08743	0,07906	0,06504	0,05760	0,05016	0,04517	0,03961	0,03668	0,03138	0,02755	0,02252	0,01944	0,01583	0,01388	0,01081	0,00905	0,00709	0,00552	0,00432	0,00329	0,00260	0,00222	0,00166	0,00174	0,00157	0,00135	0,00111	0,00065	0,00038	0,00036	0,00032	0,00037	0,00037	0,00072	0,00069	0,00059
0,02835	0,03630	0,04391	0,05338	0,06837	0,08681	0,10262	0,12369	0,14097	0,14709	0,15524	0,14629	0,14183	0,12345	0,11393	0,09351	0,08404	0,06989	0,06245	0,05235	0,04959	0,04161	0,04011	0,03334	0,03039	0,02451	0,02243	0,01750	0,01547	0,01132	0,00982	0,00731	0,00589	0,00453	0,00331	0,00264	0,00231	0,00190	0,00172	0,00149	0,00132	0,00131	0,00082	0,00037	0,00048	0,00016	0,00043	0,00046	0,00057	0,00081	0,00055
0,02935	0,03614	0,04502	0,05578	0,07232	0,09307	0,11185	0,12929	0,15080	0,15984	0,16856	0,15977	0,15586	0,13612	0,12655	0,10445	0,09725	0,07818	0,07054	0,05960	0,05680	0,04837	0,04731	0,03886	0,03743	0,02940	0,02791	0,02112	0,01909	0,01329	0,01146	0,00790	0,00603	0,00454	0,00351	0,00258	0,00237	0,00233	0,00217	0,00159	0,00137	0,00130	0,00091	0,00076	0,00043	0,00019	0,00018	0,00046	0,00038	0,00061	0,00051
0,02869	0,03711	0,04450	0,05676	0,07423	0,09714	0,11598	0,14084	0,15950	0,17247	0,18335	0,17616	0,17444	0,15427	0,14427	0,11963	0,10988	0,08949	0,08429	0,07076	0,07018	0,05924	0,05925	0,04887	0,04778	0,03733	0,03496	0,02584	0,02308	0,01604	0,01382	0,00878	0,00696	0,00476	0,00369	0,00297	0,00295	0,00257	0,00265	0,00229	0,00168	0,00139	0,00113	0,00077	0,00056	0,00025	0,00036	0,00018	0,00058	0,00054	0,00032
0,02897	0,03623	0,04570	0,05685	0,07652	0,09806	0,12394	0,14542	0,16829	0,18720	0,20100	0,19591	0,19573	0,17445	0,16740	0,13835	0,12956	0,10623	0,10196	0,08717	0,08819	0,07460	0,07576	0,06265	0,06030	0,04788	0,04320	0,03125	0,02822	0,01901	0,01537	0,00977	0,00727	0,00508	0,00389	0,00364	0,00356	0,00328	0,00340	0,00245	0,00200	0,00155	0,00112	0,00087	0,00056	0,00048	0,00043	0,00030	0,00046	0,00061	0,00057
0,02689	0,03555	0,04252	0,05758	0,07316	0,10134	0,12139	0,15244	0,17651	0,19792	0,22016	0,21776	0,22042	0,20029	0,19175	0,16099	0,15331	0,12859	0,12679	0,10994	0,11058	0,09420	0,09458	0,07858	0,07504	0,05787	0,05152	0,03789	0,03170	0,02194	0,01631	0,00999	0,00741	0,00508	0,00446	0,00406	0,00470	0,00431	0,00419	0,00321	0,00227	0,00155	0,00111	0,00103	0,00077	0,00054	0,00036	0,00033	0,00046	0,00054	0,00069
0,02624	0,03351	0,04007	0,05414	0,07236	0,09712	0,12262	0,16002	0,18691	0,21254	0,23589	0,24046	0,24629	0,22608	0,21961	0,18794	0,18127	0,15543	0,15387	0,13490	0,13646	0,11761	0,11451	0,09569	0,08760	0,06973	0,05867	0,04132	0,03338	0,02333	0,01707	0,01038	0,00698	0,00486	0,00463	0,00477	0,00546	0,00536	0,00499	0,00370	0,00265	0,00162	0,00124	0,00080	0,00068	0,00033	0,00053	0,00054	0,00052	0,00045	0,00045
0,02443	0,03162	0,03806	0,05189	0,06649	0,09634	0,11752	0,15394	0,19045	0,22341	0,25319	0,26268	0,27054	0,25303	0,24652	0,21652	0,21044	0,18618	0,18267	0,16170	0,16324	0,14145	0,13800	0,11420	0,10309	0,07886	0,06575	0,04871	0,03726	0,02457	0,01586	0,00984	0,00665	0,00497	0,00492	0,00549	0,00665	0,00618	0,00606	0,00413	0,00327	0,00193	0,00098	0,00084	0,00046	0,00055	0,00057	0,00045	0,00029	0,00051	0,00068
0,02290	0,02889	0,03328	0,04582	0,05947	0,08893	0,11426	0,15369	0,19059	0,23520	0,26335	0,27989	0,29000	0,27719	0,27219	0,24637	0,24125	0,21592	0,21257	0,19196	0,18785	0,16548	0,15668	0,13075	0,11517	0,08742	0,06965	0,04973	0,03868	0,02491	0,01513	0,01000	0,00600	0,00460	0,00497	0,00625	0,00707	0,00709	0,00636	0,00445	0,00298	0,00199	0,00116	0,00071	0,00051	0,00042	0,00038	0,00046	0,00051	0,00064	0,00068
0,02011	0,02542	0,02943	0,03965	0,05565	0,08190	0,10453	0,15309	0,18823	0,23158	0,26969	0,29362	0,30339	0,29697	0,29336	0,27105	0,26430	0,24278	0,23881	0,21712	0,21150	0,18719	0,17289	0,14394	0,12610	0,09354	0,07492	0,05178	0,03799	0,02262	0,01559	0,00898	0,00570	0,00428	0,00484	0,00625	0,00695	0,00716	0,00632	0,00452	0,00314	0,00166	0,00093	0,00070	0,00062	0,00052	0,00032	0,00059	0,00069	0,00074	0,00059
0,01876	0,02288	0,02601	0,03487	0,04468	0,07171	0,09567	0,14067	0,17250	0,22546	0,26187	0,29632	0,30796	0,30848	0,30546	0,29016	0,28081	0,26130	0,25541	0,23391	0,22662	0,19993	0,18624	0,15328	0,13510	0,10260	0,07717	0,05451	0,03879	0,02210	0,01338	0,00699	0,00408	0,00349	0,00447	0,00599	0,00648	0,00674	0,00555	0,00435	0,00265	0,00141	0,00094	0,00068	0,00058	0,00061	0,00039	0,00050	0,00072	0,00070	0,00077
0,01654	0,02036	0,02228	0,02904	0,03780	0,05995	0,07819	0,11942	0,15647	0,21230	0,25073	0,28680	0,29818	0,30821	0,30479	0,29557	0,28391	0,27298	0,25911	0,24310	0,22887	0,20797	0,18616	0,16112	0,13138	0,10003	0,07389	0,05280	0,03495	0,01941	0,01243	0,00617	0,00285	0,00263	0,00365	0,00493	0,00549	0,00545	0,00466	0,00321	0,00222	0,00122	0,00082	0,00068	0,00052	0,00041	0,00057	0,00045	0,00061	0,00088	0,00075
0,01507	0,01752	0,01911	0,02376	0,02961	0,04707	0,06598	0,10521	0,13228	0,18343	0,22185	0,26338	0,27930	0,29435	0,29085	0,29007	0,27683	0,26716	0,24968	0,23811	0,21996	0,19533	0,18065	0,15211	0,11874	0,09470	0,06534	0,04535	0,02811	0,01697	0,00820	0,00319	0,00133	0,00149	0,00253	0,00408	0,00446	0,00423	0,00345	0,00269	0,00159	0,00108	0,00088	0,00055	0,00050	0,00062	0,00051	0,00079	0,00079	0,00081	0,00077
0,01297	0,01588	0,01668	0,01924	0,02317	0,03501	0,05059	0,07847	0,10270	0,15197	0,18904	0,23331	0,24532	0,26808	0,26437	0,26744	0,25081	0,24610	0,22473	0,21625	0,19568	0,18159	0,15435	0,12910	0,10461	0,08006	0,05492	0,03706	0,02232	0,01104	0,00518	0,00154	0,00033	0,00118	0,00200	0,00313	0,00343	0,00349	0,00313	0,00221	0,00126	0,00107	0,00070	0,00079	0,00059	0,00041	0,00058	0,00071	0,00086	0,00095	0,00080
0,01134	0,01411	0,01477	0,01596	0,01724	0,02569	0,03413	0,05565	0,07912	0,12085	0,15093	0,19208	0,20294	0,23015	0,22304	0,23247	0,21188	0,21198	0,18586	0,18314	0,15689	0,14803	0,12210	0,10723	0,07596	0,05561	0,03996	0,02595	0,01400	0,00619	0,00256	0,00094	0,00131	0,00166	0,00269	0,00335	0,00345	0,00311	0,00262	0,00182	0,00140	0,00108	0,00064	0,00058	0,00043	0,00039	0,00039	0,00092	0,00090	0,00092	0,00070
0,00973	0,01207	0,01332	0,01357	0,01343	0,01697	0,02200	0,03702	0,05144	0,08546	0,11219	0,14613	0,15663	0,18049	0,17767	0,18677	0,16817	0,16322	0,14547	0,13815	0,11410	0,10232	0,08459	0,07153	0,04731	0,03781	0,02235	0,01472	0,00820	0,00403	0,00332	0,00275	0,00355	0,00388	0,00403	0,00403	0,00375	0,00338	0,00280	0,00204	0,00149	0,00110	0,00070	0,00043	0,00049	0,00031	0,00058	0,00097	0,00082	0,00077	0,00061
0,00799	0,01069	0,01195	0,01229	0,01130	0,01177	0,01355	0,02227	0,03048	0,05336	0,07247	0,10118	0,11016	0,13053	0,12816	0,13772	0,11992	0,12045	0,09568	0,09129	0,07347	0,06224	0,04944	0,04058	0,02545	0,01919	0,01146	0,00884	0,00706	0,00603	0,00730	0,00642	0,00765	0,00705	0,00632	0,00533	0,00474	0,00343	0,00274	0,00202	0,00144	0,00085	0,00048	0,00043	0,00030	0,00041	0,00078	0,00084	0,00094	0,00072	0,00065
0,00591	0,00894	0,01049	0,01134	0,01061	0,00971	0,00936	0,01190	0,01625	0,02925	0,04165	0,06125	0,06808	0,08556	0,08267	0,08909	0,07410	0,07368	0,05809	0,04770	0,03814	0,03366	0,02280	0,01733	0,01093	0,01028	0,00912	0,00937	0,01104	0,01068	0,01249	0,01128	0,01178	0,00989	0,00798	0,00614	0,00477	0,00348	0,00293	0,00200	0,00167	0,00088	0,00059	0,00029	0,00014	0,00038	0,00069	0,00092	0,00086	0,00053	0,00028
0,00443	0,00693	0,00897	0,01080	0,01084	0,00932	0,00820	0,00718	0,00743	0,01258	0,01907	0,03121	0,03593	0,04738	0,04637	0,04995	0,04025	0,03875	0,02728	0,02362	0,01766	0,01200	0,00835	0,00738	0,00684	0,00878	0,01200	0,01331	0,01618	0,01645	0,01718	0,01526	0,01373	0,01114	0,00850	0,00642	0,00469	0,00342	0,00251	0,00197	0,00130	0,00107	0,00045	0,00045	0,00039	0,00068	0,00082	0,00081	0,00069	0,00053	0,00022
0,00310	0,00500	0,00720	0,00945	0,01037	0,00992	0,00911	0,00688	0,00488	0,00478	0,00691	0,01126	0,01450	0,02008	0,02024	0,02388	0,01871	0,01675	0,01109	0,00749	0,00483	0,00369	0,00305	0,00502	0,00751	0,01112	0,01540	0,01825	0,01991	0,01991	0,01859	0,01638	0,01326	0,00989	0,00731	0,00541	0,00404	0,00326	0,00236	0,00150	0,00114	0,00049	0,00029	0,00038	0,00039	0,00050	0,00068	0,00080	0,00052	0,00008	0,00022
0,00261	0,00375	0,00541	0,00735	0,00933	0,01023	0,00994	0,00806	0,00617	0,00439	0,00270	0,00294	0,00376	0,00550	0,00623	0,00738	0,00569	0,00507	0,00297	0,00216	0,00156	0,00230	0,00353	0,00584	0,01075	0,01400	0,01754	0,01934	0,01964	0,01915	0,01605	0,01350	0,01048	0,00734	0,00579	0,00439	0,00317	0,00262	0,00190	0,00149	0,00084	0,00055	0,00029	0,00039	0,00050	0,00067	0,00069	0,00037	0,00038	0,00023	0,00024
