20,03922	20,11765	20,19608	20,27451	20,35294	20,43137	20,50980	20,58824	20,66667	20,74510	20,82353	20,90196	20,98039	21,05882	21,13725	21,21569	21,29412	21,37255	21,45098	21,52941	21,60784	21,68627	21,76471	21,84314	21,92157	22,00000	22,07843	22,15686	22,23529	22,31373	22,39216	22,47059	22,54902	22,62745	22,70588	22,78431	22,86275	22,94118	23,01961	23,09804	23,17647	23,25490	23,33333	23,41176	23,49020	23,56863	23,64706	23,72549	23,80392	23,88235	23,96078
25,03922	25,11765	25,19608	25,27451	25,35294	25,43137	25,50980	25,58824	25,66667	25,74510	25,82353	25,90196	25,98039	26,05882	26,13725	26,21569	26,29412	26,37255	26,45098	26,52941	26,60784	26,68627	26,76471	26,84314	26,92157	27,00000	27,07843	27,15686	27,23529	27,31373	27,39216	27,47059	27,54902	27,62745	27,70588	27,78431	27,86275	27,94118	28,01961	28,09804	28,17647	28,25490	28,33333	28,41176	28,49020	28,56863	28,64706	28,72549	28,80392	28,88235	28,96078
0,20149	0,20509	0,20440	0,21155	0,21456	0,21800	0,21810	0,21732	0,21508	0,20048	0,19681	0,18827	0,17925	0,17480	0,17457	0,15438	0,14992	0,12284	0,12193	0,10861	0,10488	0,10642	0,10300	0,10478	0,10376	0,11343	0,11235	0,12746	0,12577	0,13420	0,13530	0,14851	0,15413	0,17022	0,16428	0,17294	0,17163	0,19038	0,18773	0,05341	0,05261	0,04078	0,04184	0,03575	0,03520	0,20493	0,19659	0,19781	0,19148	0,18619	0,18198
0,20349	0,20639	0,21167	0,21500	0,21618	0,21834	0,21838	0,21490	0,21018	0,19831	0,18923	0,18587	0,17522	0,17666	0,16179	0,15525	0,14515	0,11823	0,11665	0,10968	0,10449	0,11191	0,10847	0,11406	0,11310	0,12157	0,11875	0,14291	0,14060	0,14963	0,15015	0,16491	0,16716	0,18425	0,17415	0,18104	0,18344	0,19678	0,19990	0,05345	0,05301	0,04091	0,04177	0,03624	0,03488	0,20994	0,19847	0,20285	0,19476	0,19439	0,18531
0,20505	0,20886	0,21234	0,21566	0,21540	0,21763	0,21590	0,21146	0,20882	0,18943	0,18365	0,17787	0,17410	0,16948	0,15991	0,14945	0,14154	0,11979	0,11542	0,11330	0,10936	0,11693	0,11737	0,12581	0,11991	0,13297	0,13552	0,16145	0,15586	0,16821	0,16556	0,18568	0,17785	0,19410	0,19733	0,19323	0,19788	0,21219	0,21255	0,05288	0,05222	0,04010	0,04153	0,03530	0,03515	0,21739	0,20869	0,20917	0,20204	0,19981	0,19415
0,20283	0,20738	0,21107	0,21441	0,21345	0,21515	0,21099	0,20557	0,20296	0,18974	0,18092	0,17310	0,16881	0,15607	0,16111	0,14203	0,13909	0,12325	0,11712	0,12095	0,11823	0,12817	0,13020	0,13940	0,13462	0,15535	0,15079	0,17442	0,16741	0,19065	0,17811	0,20207	0,19692	0,21158	0,21105	0,21030	0,20878	0,22322	0,22168	0,05287	0,05225	0,04063	0,04066	0,03511	0,03468	0,22474	0,21622	0,21461	0,20820	0,20637	0,20198
0,20012	0,20686	0,20966	0,21221	0,21192	0,21150	0,20518	0,20269	0,19659	0,18264	0,17639	0,16623	0,15936	0,15733	0,15209	0,14210	0,13436	0,12775	0,12311	0,12747	0,12735	0,14441	0,14307	0,15660	0,15322	0,17251	0,16842	0,19771	0,19047	0,20573	0,19521	0,21478	0,21313	0,22204	0,22142	0,22232	0,22375	0,23163	0,22651	0,05260	0,05266	0,04009	0,04124	0,03520	0,03430	0,22905	0,22174	0,22006	0,21446	0,21325	0,20919
0,19675	0,20528	0,20732	0,20924	0,20850	0,20812	0,20467	0,19885	0,19033	0,17305	0,16756	0,15892	0,16068	0,15565	0,15675	0,14228	0,13665	0,13258	0,12745	0,13975	0,13722	0,15946	0,15943	0,17685	0,16221	0,18633	0,18909	0,21622	0,21235	0,21921	0,21672	0,23686	0,22943	0,23783	0,23497	0,23488	0,23214	0,23891	0,23378	0,05266	0,05205	0,04015	0,04125	0,03500	0,03448	0,23048	0,22433	0,22365	0,21972	0,21946	0,21458
0,19305	0,20095	0,20575	0,20441	0,20353	0,20138	0,20136	0,19323	0,18691	0,17044	0,16376	0,15942	0,15895	0,15372	0,15222	0,14449	0,14065	0,14124	0,14080	0,15401	0,15031	0,17359	0,17862	0,18457	0,18398	0,21188	0,20620	0,23355	0,23339	0,23732	0,23112	0,25183	0,24375	0,25348	0,24528	0,24260	0,24086	0,24206	0,23681	0,05231	0,05182	0,03993	0,04102	0,03432	0,03330	0,23079	0,22819	0,22622	0,22383	0,22406	0,21928
0,19075	0,19830	0,20169	0,20060	0,20098	0,19805	0,19252	0,18596	0,18275	0,17176	0,16004	0,15941	0,15916	0,15539	0,15295	0,15167	0,14707	0,15023	0,15350	0,16512	0,17089	0,19198	0,19016	0,20431	0,20896	0,22781	0,22408	0,25624	0,25071	0,25731	0,24754	0,26215	0,25333	0,26079	0,25180	0,25192	0,24610	0,24125	0,23836	0,05253	0,05163	0,04025	0,04025	0,03431	0,03400	0,23396	0,22966	0,22958	0,22562	0,22726	0,22452
0,18735	0,19498	0,19630	0,19764	0,19499	0,19486	0,18892	0,18143	0,18241	0,16911	0,16444	0,16167	0,15905	0,15949	0,16045	0,16217	0,15736	0,16622	0,17009	0,18660	0,19650	0,22050	0,21347	0,22441	0,22964	0,24716	0,24661	0,27367	0,26757	0,27982	0,26261	0,27532	0,25844	0,26881	0,25898	0,25546	0,24969	0,23512	0,23863	0,05265	0,05135	0,03973	0,04092	0,03485	0,03386	0,23716	0,23135	0,23380	0,23014	0,23213	0,23068
0,18394	0,19054	0,19442	0,19251	0,19054	0,18673	0,18483	0,18181	0,17802	0,16785	0,16236	0,16524	0,16466	0,16770	0,16573	0,16763	0,17131	0,18488	0,18991	0,20485	0,21234	0,24004	0,23792	0,24613	0,25015	0,26946	0,26941	0,29489	0,28571	0,29141	0,27579	0,28837	0,26720	0,27681	0,26301	0,25506	0,24845	0,22917	0,23307	0,05215	0,05095	0,03923	0,04068	0,03425	0,03364	0,24053	0,23215	0,23823	0,23469	0,24095	0,23667
0,18200	0,18612	0,18953	0,18878	0,18590	0,18448	0,18313	0,17980	0,17608	0,16984	0,16786	0,16795	0,17060	0,17622	0,17546	0,18586	0,18766	0,19800	0,20317	0,22524	0,23511	0,25355	0,26083	0,27131	0,27201	0,29048	0,28881	0,31206	0,29493	0,29841	0,28369	0,28851	0,27232	0,27893	0,26296	0,25369	0,24711	0,22294	0,22829	0,05146	0,05048	0,03928	0,04080	0,03416	0,03394	0,24326	0,23449	0,23979	0,23926	0,24236	0,24252
0,17790	0,18130	0,18558	0,18428	0,18153	0,17959	0,17829	0,17736	0,17722	0,17172	0,17237	0,17507	0,17991	0,18213	0,18440	0,20140	0,20226	0,22404	0,23224	0,24872	0,26010	0,27741	0,27715	0,29061	0,29211	0,31072	0,29522	0,31962	0,31097	0,30530	0,29915	0,29868	0,27681	0,27878	0,26176	0,24606	0,24280	0,21636	0,22252	0,05116	0,05061	0,03910	0,04041	0,03433	0,03400	0,24697	0,23534	0,24114	0,23948	0,25365	0,24377
0,17589	0,17902	0,18413	0,18204	0,17953	0,18045	0,17765	0,17844	0,17832	0,17615	0,18061	0,18647	0,18741	0,19710	0,20069	0,21430	0,22352	0,24516	0,24962	0,27446	0,28876	0,30091	0,29579	0,31029	0,30501	0,32142	0,31324	0,32965	0,32736	0,32207	0,31271	0,29337	0,28099	0,27255	0,26310	0,24499	0,23454	0,21434	0,21688	0,05180	0,05100	0,03900	0,04120	0,03460	0,03383	0,24760	0,23509	0,25136	0,24041	0,25496	0,24398
0,17452	0,17789	0,18034	0,18098	0,17818	0,17918	0,17883	0,18057	0,18199	0,18333	0,18782	0,19952	0,20278	0,22001	0,21178	0,23736	0,24148	0,26825	0,27141	0,30277	0,30709	0,32060	0,32313	0,32973	0,32618	0,34168	0,33472	0,34630	0,33558	0,32558	0,31098	0,29667	0,28531	0,27292	0,25656	0,24014	0,22796	0,21130	0,21108	0,05158	0,05062	0,03879	0,04028	0,03387	0,03330	0,24728	0,23593	0,25468	0,24214	0,25825	0,24445
0,17437	0,17619	0,17905	0,17915	0,17941	0,18169	0,18072	0,18251	0,18746	0,19397	0,20464	0,21748	0,22682	0,23585	0,22921	0,25646	0,25932	0,29507	0,30301	0,33088	0,33420	0,33941	0,33984	0,34939	0,35216	0,35829	0,35056	0,34898	0,34380	0,34024	0,32573	0,30623	0,28264	0,27122	0,24597	0,22993	0,22206	0,20723	0,21068	0,05115	0,05098	0,03789	0,04047	0,03416	0,03360	0,24491	0,23537	0,26314	0,24190	0,26389	0,24712
0,17438	0,17607	0,17815	0,17869	0,18130	0,18697	0,18428	0,19003	0,19261	0,20373	0,21883	0,23953	0,24067	0,25372	0,25376	0,27921	0,28870	0,32521	0,32288	0,34319	0,34791	0,36264	0,35765	0,36853	0,36121	0,36852	0,37013	0,35967	0,34234	0,32986	0,30928	0,31256	0,28294	0,25350	0,24480	0,22812	0,22111	0,21626	0,20697	0,05086	0,05032	0,03861	0,03989	0,03375	0,03319	0,24350	0,23738	0,26187	0,24139	0,26117	0,24826
0,17510	0,17575	0,17925	0,18061	0,18297	0,18721	0,18800	0,19745	0,20152	0,21581	0,23551	0,25005	0,26177	0,27364	0,28139	0,29759	0,30542	0,34375	0,35045	0,36905	0,37314	0,37909	0,38010	0,37530	0,37824	0,38972	0,37476	0,36734	0,34654	0,33602	0,32856	0,30541	0,28092	0,25108	0,24122	0,23572	0,22074	0,22768	0,20313	0,05077	0,05080	0,03799	0,03965	0,03343	0,03262	0,24289	0,23784	0,25784	0,24254	0,25698	0,26012
0,17675	0,17980	0,17896	0,18547	0,18816	0,19347	0,19682	0,20820	0,21095	0,23098	0,25018	0,26958	0,27784	0,28409	0,28819	0,33806	0,34077	0,36626	0,37983	0,39362	0,39206	0,40008	0,39785	0,39557	0,39683	0,39248	0,38868	0,38015	0,35244	0,33775	0,33744	0,30570	0,28231	0,25700	0,24240	0,23585	0,22074	0,23050	0,20512	0,05112	0,05062	0,03795	0,03936	0,03354	0,03295	0,22727	0,23847	0,24413	0,24283	0,24309	0,26386
0,18199	0,18705	0,18528	0,18825	0,19328	0,19810	0,20877	0,21561	0,22413	0,25016	0,26780	0,28923	0,31149	0,31501	0,32297	0,35865	0,36125	0,38536	0,40533	0,41868	0,41346	0,41819	0,40496	0,40227	0,40365	0,40688	0,38669	0,37311	0,35789	0,35341	0,32031	0,31968	0,28567	0,25900	0,24669	0,24265	0,21945	0,25003	0,20650	0,05067	0,05053	0,03776	0,03956	0,03326	0,03311	0,21054	0,24125	0,23710	0,24395	0,21954	0,25637
0,18987	0,18516	0,18991	0,19181	0,20374	0,21069	0,21599	0,23756	0,24326	0,25838	0,28851	0,32015	0,32801	0,33861	0,34725	0,36848	0,38480	0,41007	0,42993	0,43204	0,43429	0,43252	0,42979	0,42670	0,42668	0,42831	0,39545	0,38550	0,36897	0,36432	0,35228	0,33333	0,29336	0,26566	0,25579	0,27616	0,21914	0,27126	0,20473	0,05126	0,04989	0,03745	0,03983	0,03383	0,03232	0,20411	0,24163	0,21683	0,24433	0,21323	0,25006
0,19362	0,19172	0,19375	0,19647	0,20503	0,21636	0,22764	0,23562	0,25122	0,28438	0,31886	0,32342	0,34656	0,36174	0,36448	0,40154	0,42365	0,44044	0,44293	0,45500	0,45033	0,45593	0,44413	0,44020	0,44126	0,43220	0,42330	0,39572	0,40106	0,38471	0,35934	0,34201	0,30895	0,28802	0,25970	0,28260	0,24079	0,27928	0,20714	0,05056	0,04996	0,03728	0,03899	0,03301	0,03217	0,17483	0,24256	0,19808	0,25604	0,19856	0,22889
0,19374	0,20660	0,19256	0,21119	0,22075	0,23636	0,24370	0,26224	0,27189	0,30504	0,33889	0,36078	0,37123	0,37408	0,40270	0,42280	0,44515	0,45529	0,46855	0,47651	0,47058	0,46980	0,45006	0,45459	0,44584	0,43980	0,44076	0,41700	0,39830	0,39507	0,37719	0,33803	0,30301	0,29324	0,28811	0,29649	0,24091	0,45118	0,23279	0,05047	0,04962	0,03722	0,04006	0,03291	0,03253	0,07763	0,24255	0,17781	0,23668	0,18178	0,20850
0,20605	0,21344	0,19982	0,21517	0,22491	0,24260	0,25794	0,26496	0,29256	0,32714	0,36621	0,39083	0,38862	0,41224	0,40747	0,44328	0,46162	0,47910	0,48602	0,49740	0,49015	0,48334	0,46920	0,46088	0,45903	0,45794	0,45631	0,44201	0,42421	0,42138	0,38101	0,37110	0,32285	0,31477	0,30594	0,31085	0,24204	0,45020	0,23886	0,05004	0,04911	0,03744	0,04007	0,03309	0,03236	0,05372	0,24263	0,10280	0,21573	0,12585	0,19955
0,20815	0,21986	0,21274	0,22353	0,23793	0,26060	0,27552	0,29372	0,30985	0,35149	0,39223	0,40758	0,41926	0,42629	0,43675	0,45750	0,47506	0,50853	0,50676	0,50673	0,49601	0,50087	0,47600	0,48564	0,48176	0,46351	0,45342	0,44402	0,42299	0,41926	0,39332	0,37537	0,34389	0,35747	0,33011	0,33702	0,24425	0,45278	0,24232	0,05068	0,04926	0,03708	0,03889	0,03243	0,03180	0,05265	0,24258	0,06186	0,20701	0,06662	0,18098
0,21221	0,22871	0,21524	0,23094	0,25424	0,26742	0,28515	0,30600	0,33789	0,36567	0,40457	0,42938	0,43382	0,44363	0,45416	0,48123	0,50845	0,52155	0,52838	0,52996	0,51910	0,51428	0,50053	0,49757	0,49632	0,47953	0,48774	0,45755	0,45117	0,43352	0,41342	0,40598	0,36679	0,39844	0,35236	0,45778	0,31049	0,45637	0,24128	0,05000	0,04974	0,03700	0,03971	0,03273	0,03193	0,05263	0,24300	0,05679	0,18440	0,05433	0,16811
0,21767	0,23702	0,23168	0,25210	0,27465	0,28151	0,29392	0,33016	0,34769	0,38116	0,40621	0,44277	0,46002	0,47120	0,47829	0,50767	0,51794	0,53548	0,54020	0,54576	0,53628	0,53025	0,51061	0,51358	0,49787	0,49485	0,48685	0,47733	0,45913	0,45438	0,43869	0,41594	0,38769	0,45993	0,37664	0,45769	0,32089	0,46292	0,24197	0,04920	0,05036	0,03620	0,03914	0,03196	0,03190	0,05240	0,24312	0,05449	0,17214	0,05411	0,15030
0,22781	0,23887	0,23063	0,26035	0,27653	0,29561	0,31971	0,34530	0,36222	0,38638	0,44784	0,45502	0,46850	0,48125	0,50402	0,52480	0,53297	0,54862	0,55349	0,55126	0,55100	0,53970	0,53875	0,51268	0,53027	0,52299	0,51191	0,50890	0,48622	0,46811	0,46343	0,44333	0,40618	0,46063	0,42042	0,47377	0,34912	0,47527	0,24351	0,04878	0,04938	0,03619	0,03885	0,03233	0,03181	0,05169	0,24315	0,05378	0,16445	0,05378	0,14505
0,23816	0,24529	0,25141	0,27720	0,30049	0,32360	0,32079	0,34975	0,38830	0,40557	0,44842	0,47682	0,48922	0,49084	0,52164	0,53818	0,54809	0,56530	0,56660	0,56337	0,55951	0,54808	0,54971	0,53113	0,54585	0,53785	0,53335	0,51262	0,50793	0,49139	0,47234	0,46633	0,43678	0,47636	0,41916	0,47980	0,38253	0,48272	0,24482	0,04868	0,04904	0,03630	0,03847	0,03229	0,03198	0,05138	0,24306	0,05278	0,14769	0,05380	0,10347
0,23709	0,26268	0,24862	0,27937	0,30510	0,33331	0,33418	0,37407	0,39993	0,43670	0,46972	0,49118	0,50340	0,52537	0,52653	0,55749	0,56398	0,57433	0,58304	0,58114	0,57744	0,56844	0,54774	0,55092	0,54716	0,54250	0,54707	0,53368	0,52146	0,50131	0,49466	0,47425	0,43889	0,48956	0,42221	0,48591	0,40735	0,49422	0,24536	0,04885	0,04895	0,03536	0,03871	0,03186	0,03109	0,05073	0,24388	0,05319	0,14164	0,05321	0,07242
0,25211	0,27247	0,26664	0,28639	0,32704	0,33911	0,35161	0,39588	0,41720	0,44127	0,47787	0,51039	0,51719	0,53015	0,54208	0,56418	0,57006	0,58820	0,59254	0,59307	0,59028	0,58110	0,56614	0,56378	0,56786	0,55596	0,55934	0,53902	0,54500	0,51062	0,50142	0,48934	0,47270	0,49227	0,42051	0,50133	0,41301	0,49778	0,24868	0,04893	0,04876	0,03587	0,03842	0,03201	0,03119	0,05059	0,24404	0,05279	0,09729	0,05311	0,05197
0,24238	0,27721	0,27854	0,30491	0,33105	0,36037	0,38015	0,39018	0,42141	0,45489	0,50060	0,51691	0,52099	0,54516	0,55206	0,56369	0,58503	0,59573	0,60298	0,60148	0,60010	0,59315	0,58912	0,57343	0,57260	0,57556	0,57583	0,55398	0,54447	0,51958	0,51193	0,50390	0,48893	0,50476	0,42654	0,50790	0,41408	0,50496	0,49069	0,04840	0,04953	0,03544	0,03880	0,03187	0,03152	0,04881	0,24460	0,05182	0,05035	0,05025	0,04972
0,24696	0,28480	0,28784	0,30944	0,33934	0,35477	0,37529	0,42102	0,44570	0,46994	0,50957	0,52018	0,53143	0,54727	0,55146	0,57242	0,59553	0,60411	0,61175	0,61206	0,60526	0,60592	0,59373	0,57927	0,59250	0,57999	0,57280	0,55842	0,56159	0,53307	0,52054	0,50817	0,50076	0,50817	0,42216	0,50870	0,41650	0,50595	0,50379	0,04755	0,04826	0,03541	0,03763	0,03192	0,03116	0,03182	0,24481	0,05081	0,05038	0,04987	0,05040
0,25977	0,27244	0,29212	0,31389	0,36132	0,38062	0,38639	0,42806	0,45457	0,48294	0,52467	0,53100	0,55076	0,56235	0,57134	0,57965	0,59495	0,61053	0,61813	0,61752	0,61635	0,61000	0,60344	0,58827	0,59610	0,59008	0,58364	0,55941	0,55398	0,52925	0,52340	0,51139	0,50651	0,50515	0,51285	0,50573	0,41485	0,50524	0,50717	0,04624	0,04795	0,03549	0,03821	0,03099	0,03067	0,02974	0,24498	0,05145	0,05015	0,05010	0,04901
0,25587	0,29115	0,30537	0,32019	0,35755	0,38981	0,39381	0,43967	0,45754	0,49199	0,53575	0,54378	0,55720	0,56219	0,56626	0,59054	0,59592	0,61521	0,62229	0,62265	0,62192	0,61690	0,60568	0,59297	0,59873	0,58529	0,57188	0,55793	0,55072	0,52181	0,50989	0,50203	0,51054	0,49728	0,51755	0,49322	0,42024	0,08174	0,51018	0,04673	0,04980	0,03454	0,03859	0,03102	0,03090	0,02956	0,05112	0,05147	0,04900	0,05080	0,04842
0,27057	0,29591	0,30449	0,34186	0,37321	0,38648	0,41121	0,43955	0,47084	0,49267	0,52613	0,55046	0,55807	0,56240	0,58442	0,59549	0,60711	0,61868	0,62502	0,62446	0,62057	0,61472	0,60448	0,59426	0,59792	0,58379	0,57088	0,54953	0,54073	0,50447	0,50527	0,49078	0,50517	0,48019	0,51641	0,48787	0,50953	0,06598	0,50575	0,04649	0,04864	0,03536	0,03750	0,03080	0,03082	0,02987	0,05014	0,05293	0,04891	0,05276	0,04720
0,26837	0,29293	0,31866	0,34622	0,38067	0,39740	0,43164	0,45102	0,48567	0,51257	0,53505	0,55663	0,57188	0,56891	0,59052	0,59506	0,61092	0,61886	0,62701	0,62578	0,62240	0,61334	0,60097	0,59057	0,58776	0,57118	0,55950	0,53351	0,53590	0,48538	0,50161	0,48126	0,49832	0,46642	0,50952	0,46214	0,50402	0,06219	0,50745	0,04576	0,04848	0,03505	0,03720	0,03086	0,03087	0,02877	0,04866	0,05325	0,04729	0,05270	0,04826
0,25471	0,28165	0,32532	0,35914	0,38512	0,39957	0,42150	0,46643	0,49630	0,50558	0,54134	0,57382	0,57502	0,58314	0,58680	0,59760	0,61397	0,61975	0,62492	0,62364	0,61616	0,60999	0,59399	0,57765	0,57860	0,55687	0,54972	0,51199	0,51151	0,46698	0,48635	0,45583	0,48414	0,41539	0,49877	0,41219	0,49525	0,05857	0,49792	0,04591	0,04853	0,03390	0,03775	0,03111	0,03071	0,02999	0,04857	0,04612	0,04782	0,05213	0,04783
0,25447	0,29229	0,32086	0,35743	0,39278	0,40732	0,42935	0,45894	0,49400	0,51458	0,55827	0,56717	0,57726	0,59084	0,58689	0,60040	0,60583	0,61897	0,62027	0,61958	0,60964	0,59991	0,58377	0,56101	0,56504	0,54096	0,53398	0,47458	0,49149	0,44794	0,47686	0,42152	0,47633	0,37886	0,46325	0,29943	0,46677	0,05677	0,46619	0,04500	0,04863	0,03455	0,03769	0,03100	0,03074	0,02936	0,04987	0,04106	0,04842	0,04578	0,05124
0,26671	0,27651	0,31511	0,35255	0,40260	0,41163	0,43491	0,47140	0,48931	0,51812	0,55097	0,57282	0,56705	0,58312	0,59116	0,60169	0,60779	0,61700	0,61622	0,61099	0,59720	0,58374	0,56839	0,54212	0,54222	0,51777	0,51077	0,43539	0,46408	0,43189	0,45186	0,39043	0,44374	0,30172	0,42513	0,28651	0,40826	0,05503	0,43564	0,04487	0,04871	0,03452	0,03680	0,03034	0,02942	0,02870	0,04930	0,03568	0,05096	0,04075	0,05119
0,25143	0,27670	0,32942	0,35693	0,39108	0,43471	0,45451	0,48280	0,49642	0,53040	0,55059	0,56499	0,57774	0,58350	0,58151	0,59729	0,60555	0,61275	0,60754	0,59347	0,58862	0,55688	0,55642	0,52938	0,53010	0,48937	0,48704	0,41922	0,43196	0,40636	0,41122	0,32568	0,41363	0,29466	0,39926	0,24825	0,34991	0,05347	0,28992	0,04415	0,04822	0,03470	0,03678	0,03090	0,03023	0,02907	0,05231	0,03357	0,04947	0,03909	0,05002
0,24715	0,26505	0,33412	0,34655	0,39471	0,43295	0,44146	0,47011	0,49065	0,51912	0,56183	0,56668	0,57413	0,57917	0,58761	0,58978	0,59599	0,60104	0,59284	0,58476	0,56971	0,54824	0,53838	0,49416	0,49774	0,46464	0,46512	0,39499	0,39956	0,35687	0,38690	0,30060	0,35533	0,26262	0,34240	0,19548	0,28513	0,05325	0,26863	0,04407	0,04806	0,03465	0,03656	0,03017	0,02902	0,02834	0,04996	0,03231	0,04718	0,03653	0,04484
0,22897	0,27490	0,33605	0,36412	0,40961	0,43342	0,45923	0,46453	0,49245	0,52348	0,55310	0,56538	0,56644	0,57902	0,56970	0,58772	0,58763	0,58628	0,57059	0,55726	0,54169	0,52530	0,50326	0,46801	0,46553	0,43222	0,42135	0,36908	0,38104	0,31821	0,34398	0,28073	0,32491	0,21884	0,29066	0,11607	0,26348	0,05281	0,19019	0,04307	0,04764	0,03490	0,03625	0,03018	0,02891	0,02846	0,04014	0,03156	0,04291	0,03465	0,04207
0,22474	0,26920	0,31368	0,36757	0,39889	0,43230	0,44068	0,46984	0,48900	0,51166	0,54669	0,55342	0,56100	0,56826	0,56503	0,57675	0,57300	0,57488	0,55471	0,53160	0,51322	0,50682	0,49228	0,45389	0,42566	0,40158	0,39622	0,34032	0,34546	0,30218	0,31727	0,26962	0,28288	0,21318	0,26928	0,08810	0,20090	0,05182	0,07359	0,04267	0,04743	0,03483	0,03648	0,02996	0,02969	0,02861	0,03826	0,03074	0,03839	0,03274	0,03961
0,22083	0,25615	0,31893	0,35804	0,39932	0,42459	0,44408	0,46195	0,49400	0,52349	0,53438	0,54609	0,53737	0,55620	0,55583	0,55958	0,55586	0,55728	0,52782	0,51986	0,49529	0,48044	0,45893	0,42274	0,40810	0,37786	0,35678	0,31424	0,31654	0,27110	0,28531	0,23231	0,26045	0,16217	0,20071	0,07870	0,09438	0,05170	0,05382	0,04056	0,04624	0,03450	0,03533	0,02981	0,02934	0,02798	0,03390	0,03032	0,03722	0,03301	0,03766
0,21743	0,24268	0,31857	0,33988	0,38120	0,40537	0,43467	0,45703	0,48343	0,50360	0,52908	0,53412	0,53150	0,53949	0,54150	0,53865	0,53856	0,53594	0,50686	0,48101	0,46977	0,44171	0,41311	0,39200	0,39668	0,34434	0,32596	0,28809	0,27855	0,23798	0,23725	0,20954	0,20755	0,12290	0,15327	0,07686	0,08245	0,05093	0,04983	0,03990	0,04212	0,03367	0,03359	0,03000	0,02820	0,02770	0,03325	0,03002	0,03586	0,03153	0,03428
0,18803	0,22167	0,29796	0,34001	0,37325	0,41179	0,43368	0,44874	0,48062	0,49264	0,51020	0,51672	0,50916	0,52556	0,51984	0,52547	0,51439	0,51872	0,47874	0,46270	0,42627	0,40778	0,39166	0,35221	0,34458	0,30723	0,30336	0,25667	0,25323	0,22582	0,20683	0,18010	0,15384	0,10647	0,11148	0,07508	0,07474	0,05022	0,04827	0,03906	0,03949	0,03350	0,03273	0,02989	0,02775	0,02711	0,03105	0,02973	0,03350	0,03017	0,02798
0,18736	0,20831	0,29096	0,32713	0,36602	0,40338	0,40837	0,43642	0,45594	0,48597	0,48847	0,50044	0,48592	0,49956	0,48919	0,49841	0,48458	0,48984	0,44458	0,42926	0,39241	0,38342	0,36055	0,31349	0,33180	0,28334	0,25811	0,22973	0,22789	0,19660	0,17964	0,15516	0,14078	0,09733	0,09044	0,07235	0,06316	0,04980	0,04654	0,03835	0,03775	0,03372	0,03250	0,02719	0,02466	0,02422	0,02762	0,02884	0,02643	0,02432	0,02195
0,17882	0,19011	0,27749	0,30192	0,36947	0,37437	0,40427	0,42647	0,44532	0,45185	0,47074	0,48173	0,46147	0,48298	0,46565	0,46735	0,46267	0,45905	0,41096	0,39384	0,37398	0,33458	0,30913	0,29529	0,30165	0,25663	0,22211	0,20032	0,19937	0,16679	0,14965	0,13337	0,11400	0,09015	0,08041	0,06777	0,05904	0,04827	0,04399	0,03741	0,03749	0,03273	0,02762	0,02417	0,02103	0,02163	0,02688	0,02296	0,02127	0,01843	0,01862
0,15734	0,17058	0,27324	0,29223	0,35196	0,37786	0,38514	0,40985	0,42529	0,44603	0,44669	0,44526	0,43294	0,44672	0,44491	0,43438	0,42632	0,42327	0,39182	0,36765	0,35614	0,31289	0,28819	0,25743	0,24319	0,23708	0,19579	0,17052	0,17737	0,15194	0,13821	0,12166	0,10317	0,08279	0,07620	0,06223	0,05524	0,04740	0,04298	0,03744	0,03186	0,02748	0,02343	0,02013	0,01731	0,01719	0,02202	0,01904	0,01783	0,01627	0,01521
0,14571	0,15538	0,24915	0,26639	0,33160	0,35430	0,36380	0,37679	0,40722	0,41569	0,42411	0,41594	0,41230	0,41950	0,39814	0,40671	0,38682	0,38607	0,34086	0,32748	0,30319	0,28138	0,26071	0,23085	0,22500	0,20765	0,17620	0,15655	0,15426	0,12922	0,10940	0,10403	0,08565	0,07692	0,06745	0,06027	0,04748	0,04456	0,03443	0,03176	0,02751	0,02548	0,01962	0,01753	0,01525	0,01398	0,01733	0,01595	0,01423	0,01360	0,01166
0,13553	0,14012	0,24532	0,24474	0,31372	0,31436	0,34645	0,34178	0,37498	0,38320	0,38083	0,38948	0,37619	0,38027	0,37222	0,36727	0,34804	0,35324	0,32006	0,29748	0,25740	0,25796	0,22718	0,21032	0,19570	0,17658	0,15229	0,15034	0,12905	0,11974	0,09390	0,08785	0,07226	0,06428	0,05490	0,05170	0,04248	0,03823	0,02891	0,02918	0,02438	0,02016	0,01585	0,01546	0,01257	0,01156	0,01449	0,01351	0,01132	0,01146	0,00990
