25,58065	25,74194	25,90323	26,06452	26,22581	26,38710	26,54839	26,70968	26,87097	27,03226	27,19355	27,35484	27,51613	27,67742	27,83871	28,00000	28,16129	28,32258	28,48387	28,64516	28,80645	28,96774	29,12903	29,29032	29,45161	29,61290	29,77419	29,93548	30,09677	30,25806	30,41935
23,68065	23,84194	24,00323	24,16452	24,32581	24,48710	24,64839	24,80968	24,97097	25,13226	25,29355	25,45484	25,61613	25,77742	25,93871	26,10000	26,26129	26,42258	26,58387	26,74516	26,90645	27,06774	27,22903	27,39032	27,55161	27,71290	27,87419	28,03548	28,19677	28,35806	28,51935
-0,00722	-0,00722	-0,00761	-0,00722	-0,00794	-0,00722	-0,00742	-0,00722	-0,00689	-0,00722	0,00179	-0,00722	0,00255	-0,00722	0,00215	-0,00722	0,00242	-0,00722	0,01014	-0,00722	0,00741	-0,00722	0,00202	-0,00722	0,00199	-0,00722	-0,00183	-0,00722	-0,00794	-0,00722	-0,00735
-0,00807	-0,00797	-0,00732	-0,00771	-0,00781	-0,00732	-0,00751	-0,00511	0,00245	0,00205	0,00179	0,01235	0,00304	0,00939	0,01070	0,01291	0,01268	0,01248	0,01159	0,01238	0,00205	0,00765	0,00205	0,00403	0,00281	0,00232	0,00232	-0,00788	-0,00820	-0,00768	-0,00761
-0,00781	-0,00784	-0,00774	-0,00774	-0,00761	-0,00765	0,00275	0,00222	0,00248	0,00229	0,01340	0,01300	0,01238	0,01899	0,01787	0,02067	0,01606	0,01702	0,01379	0,01600	0,01238	0,01228	0,01340	0,00215	0,00192	0,00212	0,00242	0,00209	-0,00469	-0,00765	-0,00728
-0,00804	-0,00742	-0,00768	-0,00811	-0,00248	0,00196	0,00209	0,00972	0,02208	0,02241	0,02215	0,02780	0,02211	0,02264	0,02267	0,02274	0,02402	0,02540	0,02326	0,02419	0,02271	0,01399	0,01445	0,01314	0,01222	0,00978	0,00252	0,00238	-0,00748	-0,00834	-0,00801
-0,00742	-0,00840	-0,00804	-0,00051	0,00205	0,01113	0,01761	0,01777	0,02912	0,03280	0,03211	0,04230	0,03227	0,04290	0,04250	0,03254	0,04099	0,04516	0,03819	0,04040	0,03241	0,03020	0,02231	0,02290	0,01277	0,01271	0,00196	0,00166	0,00344	-0,00768	-0,00781
-0,00755	-0,00761	0,00232	0,00304	0,00258	0,01205	0,02215	0,02547	0,04007	0,04263	0,04737	0,04447	0,05332	0,05292	0,05332	0,05579	0,05858	0,06259	0,05292	0,05312	0,04750	0,04740	0,03264	0,03648	0,01777	0,02063	0,01248	0,00229	0,00202	-0,00396	-0,00774
-0,00784	-0,00620	0,00225	0,00788	0,02106	0,02267	0,03471	0,04385	0,04858	0,05335	0,05256	0,06364	0,06404	0,06286	0,06710	0,07653	0,07923	0,07048	0,07621	0,07739	0,06654	0,06611	0,06831	0,05608	0,03287	0,02882	0,01902	0,01268	0,00209	0,00242	-0,00784
0,00235	0,00202	0,01228	0,01222	0,02185	0,03629	0,04990	0,05345	0,05865	0,07318	0,07775	0,07979	0,08071	0,08222	0,08617	0,08778	0,10600	0,09501	0,12546	0,10580	0,12592	0,09564	0,09271	0,07680	0,06226	0,04267	0,02951	0,01669	0,00373	0,00179	-0,00742
0,00215	0,00551	0,01314	0,02356	0,03188	0,04247	0,05796	0,06338	0,07305	0,07607	0,08732	0,08962	0,09354	0,09334	0,11974	0,11297	0,13816	0,17236	0,17834	0,22033	0,19228	0,17071	0,12994	0,11271	0,09656	0,08107	0,05240	0,03227	0,00870	0,00169	0,00176
0,00446	0,01228	0,01971	0,02274	0,03806	0,04970	0,06246	0,07315	0,07686	0,08587	0,08620	0,10268	0,11234	0,12112	0,14713	0,18607	0,18571	0,27669	0,26334	0,34193	0,26548	0,24391	0,18607	0,14467	0,12849	0,10215	0,06614	0,03474	0,02228	0,01277	0,00238
0,01235	0,01439	0,02271	0,03283	0,04477	0,05240	0,07351	0,08318	0,08331	0,09991	0,10281	0,10320	0,12234	0,13882	0,17844	0,21734	0,29340	0,30175	0,36258	0,38037	0,35999	0,34923	0,32148	0,24795	0,17561	0,13056	0,08653	0,04974	0,02797	0,01277	0,00281
0,01208	0,02221	0,03237	0,04178	0,05187	0,05812	0,07575	0,08357	0,09304	0,09988	0,11017	0,12244	0,13668	0,17324	0,21796	0,29021	0,38208	0,40770	0,47734	0,50191	0,48711	0,45538	0,41687	0,31724	0,21165	0,15854	0,11050	0,06318	0,03287	0,01264	0,00202
0,01682	0,02234	0,03270	0,04217	0,05240	0,06266	0,07387	0,08084	0,09340	0,09321	0,11297	0,11892	0,15637	0,19994	0,30662	0,35841	0,47070	0,62729	0,67652	0,66777	0,70026	0,57218	0,51730	0,39494	0,29981	0,18630	0,12349	0,07305	0,03599	0,01389	0,00212
0,02208	0,02211	0,03306	0,04299	0,05256	0,06315	0,07311	0,08301	0,08321	0,09340	0,10948	0,13283	0,17229	0,25371	0,33769	0,47731	0,56731	0,66563	0,72209	0,64860	0,71436	0,68174	0,58550	0,45896	0,34838	0,23194	0,14792	0,08314	0,04221	0,01501	0,00301
0,02175	0,02438	0,03244	0,04204	0,04951	0,06328	0,07285	0,07318	0,08180	0,08864	0,11132	0,12767	0,18166	0,26633	0,37038	0,51943	0,65896	0,71374	0,65307	0,66004	0,64196	0,69674	0,65504	0,51542	0,35828	0,23687	0,15213	0,08725	0,04165	0,01254	0,00222
0,02178	0,02826	0,03300	0,03543	0,05227	0,05319	0,06325	0,06292	0,06312	0,08328	0,10304	0,13661	0,19162	0,27827	0,39208	0,54114	0,68345	0,71249	0,63124	0,67622	0,60444	0,70762	0,66132	0,52516	0,36225	0,24177	0,14483	0,09324	0,04691	0,01238	0,00245
0,02201	0,02211	0,03280	0,03632	0,04319	0,04299	0,05325	0,05440	0,06279	0,07910	0,09307	0,13290	0,19143	0,27939	0,38692	0,52752	0,66004	0,72979	0,65225	0,68727	0,56097	0,70591	0,62709	0,47557	0,33197	0,22277	0,13983	0,06835	0,03237	0,01327	-0,00189
0,01271	0,02205	0,02297	0,03267	0,03517	0,03951	0,04977	0,05552	0,06039	0,07335	0,08811	0,12471	0,18025	0,25953	0,35167	0,50220	0,60917	0,68839	0,68174	0,72180	0,61118	0,65971	0,56616	0,38665	0,29129	0,19886	0,11142	0,06312	0,02201	0,00225	-0,00797
0,01794	0,02198	0,02287	0,02922	0,02737	0,03247	0,03921	0,04283	0,04303	0,06256	0,07821	0,11675	0,16226	0,23615	0,31523	0,41428	0,53157	0,63824	0,62726	0,68684	0,64508	0,55482	0,46163	0,29596	0,23398	0,14210	0,08795	0,05187	0,02208	0,00225	-0,00738
0,01251	0,01297	0,01258	0,02244	0,02251	0,03211	0,03247	0,03191	0,04240	0,05579	0,07213	0,11307	0,14381	0,20817	0,26821	0,35134	0,39162	0,45498	0,52555	0,49086	0,54265	0,43687	0,36659	0,25834	0,19347	0,11435	0,06253	0,02678	0,01287	-0,00758	-0,00771
0,01261	0,01294	0,01327	0,01330	0,01541	0,02244	0,02188	0,03237	0,04181	0,05039	0,07361	0,09663	0,12622	0,18932	0,22776	0,29669	0,32171	0,36127	0,42444	0,37130	0,34141	0,31533	0,23378	0,20800	0,12267	0,08577	0,04937	0,02201	0,00235	-0,00423	-0,00742
0,00284	0,01281	0,01281	0,01284	0,01287	0,01794	0,02211	0,02198	0,03267	0,04951	0,06276	0,09117	0,11613	0,14539	0,19518	0,22602	0,26104	0,28952	0,27107	0,28876	0,24716	0,23838	0,17275	0,12270	0,09156	0,06279	0,03264	0,01281	-0,00534	-0,00834	-0,00765
0,00291	0,00209	0,00209	0,01245	0,01264	0,01330	0,02274	0,02271	0,03277	0,04227	0,05549	0,07640	0,09564	0,12198	0,13632	0,16880	0,20376	0,22217	0,20468	0,21537	0,19222	0,13480	0,12267	0,10965	0,06782	0,03181	0,01284	0,00196	-0,00797	-0,00751	-0,00334
0,00225	0,00225	0,00314	0,00255	0,00570	0,01333	0,01314	0,02267	0,03250	0,03517	0,05085	0,07354	0,07798	0,10393	0,12254	0,14059	0,13954	0,16420	0,15420	0,15874	0,13263	0,09738	0,10008	0,06249	0,04500	0,02198	0,00400	0,00268	-0,00584	-0,00804	0,00166
0,00268	0,00248	0,00215	0,00196	0,00291	0,01271	0,01274	0,01189	0,02616	0,03290	0,04257	0,05868	0,06785	0,08262	0,09995	0,11257	0,11280	0,10925	0,12037	0,09357	0,08288	0,07328	0,04740	0,04211	0,01991	0,01254	0,00255	0,00219	-0,00577	-0,00150	0,00041
-0,00640	0,00281	0,00215	0,00222	0,00209	0,00294	0,01281	0,01912	0,02251	0,03264	0,04263	0,05296	0,06292	0,06453	0,08111	0,08706	0,08683	0,08259	0,07963	0,06835	0,06309	0,05329	0,03287	0,02731	0,01254	0,00288	0,00120	0,00261	-0,00202	0,00255	0,00278
-0,00814	-0,00610	-0,00179	-0,00564	0,00202	0,00238	0,01281	0,01205	0,02215	0,03264	0,04267	0,04378	0,05253	0,06177	0,06131	0,06983	0,06749	0,06361	0,05727	0,04645	0,04257	0,02892	0,02356	0,01291	0,00189	0,00182	0,00245	0,00229	0,00301	0,00245	0,00268
-0,00758	-0,00801	-0,00738	-0,00212	-0,00084	0,00222	0,00281	0,01300	0,02211	0,02300	0,03211	0,04286	0,04234	0,05299	0,05681	0,05799	0,05240	0,05135	0,04664	0,03846	0,03283	0,02267	0,01626	0,00209	0,00248	0,00242	0,00205	0,00261	0,00222	0,00307	0,00196
-0,00751	-0,00738	-0,00719	-0,00807	0,00229	0,00215	0,00301	0,01284	0,01343	0,02205	0,02511	0,03310	0,03244	0,04283	0,03826	0,04227	0,03497	0,04306	0,02912	0,02248	0,01458	0,01860	0,01314	0,00255	0,00235	0,00245	0,00199	0,00232	0,00248	0,00261	0,00268
-0,00781	-0,00830	-0,00814	-0,00778	-0,00695	0,00229	0,00278	0,00755	0,01300	0,01564	0,02257	0,02540	0,02488	0,03244	0,03211	0,03231	0,03487	0,02629	0,02205	0,01281	0,01271	0,00528	0,00242	0,00212	0,00182	0,00229	0,00202	0,00205	0,00169	0,00258	0,00268
-0,00791	-0,00738	-0,00771	-0,00732	-0,00807	-0,00133	0,00258	0,00242	0,00580	0,01297	0,01268	0,02231	0,02307	0,02277	0,02248	0,02228	0,02254	0,02254	0,01587	0,01284	0,01294	0,00531	0,00205	0,00196	0,00189	-0,00462	0,00192	-0,00525	0,00153	-0,00814	0,00140
