15,50000	16,00000	16,50000	17,00000	17,50000	18,00000	18,50000	19,00000	19,50000	20,00000	20,50000	21,00000	21,50000	22,00000	22,50000	23,00000	23,50000	24,00000	24,50000	25,00000	25,50000	26,00000	26,50000	27,00000	27,50000	28,00000	28,50000	29,00000	29,50000	30,00000	30,50000	31,00000	31,50000	32,00000	32,50000	33,00000	33,50000	34,00000	34,50000	35,00000	35,50000	36,00000	36,50000	37,00000	37,50000	38,00000	38,50000	39,00000	39,50000	40,00000	40,50000
14,50000	15,00000	15,50000	16,00000	16,50000	17,00000	17,50000	18,00000	18,50000	19,00000	19,50000	20,00000	20,50000	21,00000	21,50000	22,00000	22,50000	23,00000	23,50000	24,00000	24,50000	25,00000	25,50000	26,00000	26,50000	27,00000	27,50000	28,00000	28,50000	29,00000	29,50000	30,00000	30,50000	31,00000	31,50000	32,00000	32,50000	33,00000	33,50000	34,00000	34,50000	35,00000	35,50000	36,00000	36,50000	37,00000	37,50000	38,00000	38,50000	39,00000	39,50000
0,00029	0,00030	0,00030	0,00036	0,00035	0,00036	0,00040	0,00055	0,00058	0,00076	0,00102	0,00115	0,00128	0,00157	0,00157	0,00173	0,00197	0,00213	0,00247	0,00250	0,00261	0,00243	0,00234	0,00201	0,00207	0,00188	0,00186	0,00188	0,00174	0,00143	0,00112	0,00135	0,00149	0,00115	0,00073	0,00025	0,00014	0,00020	0,00033	0,00021	0,00011	0,00047	0,00120	0,00216	0,00243	0,00198	0,00199	0,00278	0,00346	0,00349	0,00288
0,00021	0,00034	0,00030	0,00036	0,00057	0,00046	0,00061	0,00071	0,00089	0,00110	0,00137	0,00169	0,00192	0,00190	0,00214	0,00235	0,00262	0,00296	0,00326	0,00346	0,00326	0,00289	0,00288	0,00289	0,00278	0,00270	0,00283	0,00294	0,00296	0,00244	0,00222	0,00219	0,00218	0,00167	0,00120	0,00057	0,00025	0,00025	0,00052	0,00024	0,00014	0,00061	0,00157	0,00264	0,00259	0,00229	0,00221	0,00280	0,00362	0,00375	0,00303
0,00023	0,00033	0,00043	0,00058	0,00031	0,00056	0,00074	0,00094	0,00114	0,00144	0,00167	0,00209	0,00238	0,00268	0,00294	0,00327	0,00359	0,00399	0,00436	0,00432	0,00419	0,00364	0,00391	0,00410	0,00431	0,00425	0,00441	0,00474	0,00483	0,00416	0,00360	0,00306	0,00303	0,00235	0,00168	0,00089	0,00043	0,00034	0,00039	0,00056	0,00036	0,00078	0,00173	0,00272	0,00294	0,00244	0,00223	0,00259	0,00341	0,00367	0,00309
0,00036	0,00041	0,00054	0,00051	0,00059	0,00069	0,00110	0,00122	0,00150	0,00187	0,00224	0,00283	0,00298	0,00343	0,00402	0,00447	0,00484	0,00521	0,00564	0,00585	0,00563	0,00516	0,00545	0,00598	0,00650	0,00629	0,00681	0,00686	0,00685	0,00607	0,00522	0,00407	0,00360	0,00295	0,00221	0,00122	0,00058	0,00051	0,00062	0,00068	0,00075	0,00105	0,00188	0,00285	0,00309	0,00270	0,00252	0,00254	0,00281	0,00325	0,00284
0,00039	0,00055	0,00066	0,00066	0,00065	0,00095	0,00120	0,00143	0,00172	0,00233	0,00297	0,00359	0,00393	0,00447	0,00552	0,00616	0,00643	0,00661	0,00715	0,00746	0,00765	0,00715	0,00780	0,00846	0,00927	0,00905	0,00957	0,00916	0,00914	0,00836	0,00692	0,00489	0,00398	0,00366	0,00323	0,00204	0,00097	0,00053	0,00087	0,00105	0,00109	0,00140	0,00214	0,00284	0,00315	0,00280	0,00230	0,00222	0,00235	0,00254	0,00245
0,00049	0,00063	0,00076	0,00076	0,00088	0,00126	0,00150	0,00183	0,00249	0,00315	0,00400	0,00459	0,00495	0,00579	0,00728	0,00795	0,00816	0,00837	0,00921	0,00986	0,01066	0,01011	0,01095	0,01177	0,01261	0,01246	0,01243	0,01175	0,01165	0,01073	0,00895	0,00599	0,00498	0,00458	0,00454	0,00307	0,00165	0,00092	0,00123	0,00147	0,00154	0,00165	0,00203	0,00281	0,00311	0,00294	0,00249	0,00187	0,00165	0,00169	0,00177
0,00075	0,00082	0,00093	0,00093	0,00102	0,00157	0,00197	0,00234	0,00305	0,00426	0,00535	0,00586	0,00638	0,00762	0,00922	0,01004	0,01040	0,01062	0,01189	0,01317	0,01418	0,01377	0,01502	0,01563	0,01674	0,01614	0,01597	0,01498	0,01488	0,01377	0,01172	0,00783	0,00700	0,00667	0,00656	0,00437	0,00271	0,00171	0,00192	0,00210	0,00193	0,00160	0,00188	0,00254	0,00302	0,00284	0,00258	0,00179	0,00109	0,00098	0,00115
0,00085	0,00085	0,00107	0,00111	0,00140	0,00196	0,00250	0,00311	0,00420	0,00556	0,00660	0,00730	0,00809	0,00980	0,01163	0,01243	0,01289	0,01387	0,01573	0,01690	0,01867	0,01827	0,02041	0,02095	0,02188	0,02070	0,02075	0,01920	0,01983	0,01818	0,01609	0,01158	0,01075	0,00968	0,00917	0,00645	0,00447	0,00317	0,00314	0,00285	0,00251	0,00183	0,00167	0,00230	0,00286	0,00281	0,00248	0,00177	0,00110	0,00060	0,00066
0,00094	0,00095	0,00106	0,00133	0,00185	0,00272	0,00332	0,00413	0,00542	0,00702	0,00817	0,00907	0,01034	0,01247	0,01448	0,01524	0,01621	0,01799	0,02047	0,02214	0,02352	0,02414	0,02708	0,02736	0,02835	0,02626	0,02673	0,02592	0,02731	0,02510	0,02291	0,01740	0,01657	0,01394	0,01256	0,00886	0,00660	0,00499	0,00459	0,00385	0,00324	0,00196	0,00165	0,00200	0,00227	0,00260	0,00249	0,00200	0,00134	0,00040	0,00047
0,00107	0,00104	0,00133	0,00167	0,00232	0,00339	0,00447	0,00538	0,00683	0,00839	0,00966	0,01078	0,01292	0,01551	0,01784	0,01881	0,02013	0,02271	0,02621	0,02775	0,03034	0,03111	0,03604	0,03561	0,03667	0,03429	0,03603	0,03588	0,03879	0,03542	0,03216	0,02515	0,02370	0,01926	0,01646	0,01152	0,00895	0,00674	0,00605	0,00497	0,00386	0,00236	0,00169	0,00170	0,00187	0,00232	0,00249	0,00242	0,00190	0,00084	0,00074
0,00126	0,00122	0,00162	0,00208	0,00300	0,00432	0,00567	0,00691	0,00852	0,01021	0,01150	0,01309	0,01568	0,01882	0,02162	0,02328	0,02533	0,02887	0,03293	0,03451	0,03779	0,04043	0,04622	0,04696	0,04837	0,04554	0,04973	0,05091	0,05482	0,04835	0,04312	0,03394	0,03205	0,02523	0,02121	0,01460	0,01150	0,00901	0,00784	0,00605	0,00476	0,00263	0,00181	0,00131	0,00138	0,00206	0,00261	0,00277	0,00222	0,00106	0,00100
0,00147	0,00158	0,00196	0,00264	0,00386	0,00535	0,00689	0,00857	0,01037	0,01216	0,01371	0,01572	0,01923	0,02268	0,02599	0,02856	0,03155	0,03587	0,04031	0,04270	0,04853	0,05215	0,06051	0,06078	0,06309	0,06141	0,06829	0,07046	0,07409	0,06328	0,05565	0,04466	0,04159	0,03289	0,02730	0,01904	0,01532	0,01171	0,01004	0,00744	0,00554	0,00315	0,00198	0,00141	0,00117	0,00186	0,00279	0,00308	0,00241	0,00121	0,00115
0,00175	0,00193	0,00243	0,00341	0,00467	0,00645	0,00821	0,01034	0,01245	0,01421	0,01644	0,01912	0,02288	0,02658	0,03073	0,03418	0,03838	0,04358	0,04800	0,05102	0,05997	0,06745	0,07742	0,07826	0,08262	0,08173	0,09081	0,09302	0,09690	0,08153	0,07234	0,05723	0,05386	0,04267	0,03710	0,02577	0,02107	0,01590	0,01308	0,00916	0,00681	0,00397	0,00254	0,00149	0,00134	0,00201	0,00299	0,00314	0,00237	0,00126	0,00118
0,00199	0,00250	0,00303	0,00397	0,00549	0,00757	0,00980	0,01221	0,01466	0,01715	0,01938	0,02248	0,02652	0,03060	0,03545	0,04031	0,04603	0,05158	0,05669	0,06314	0,07485	0,08442	0,09663	0,09866	0,10521	0,10608	0,12060	0,11853	0,12078	0,10435	0,09324	0,07383	0,07131	0,05759	0,04950	0,03547	0,02899	0,02159	0,01717	0,01159	0,00843	0,00503	0,00359	0,00226	0,00221	0,00266	0,00343	0,00312	0,00181	0,00102	0,00123
0,00249	0,00272	0,00329	0,00447	0,00637	0,00875	0,01150	0,01418	0,01732	0,01961	0,02225	0,02626	0,03006	0,03513	0,04019	0,04626	0,05319	0,06068	0,06702	0,07557	0,09258	0,10484	0,11813	0,12199	0,12947	0,13446	0,14883	0,15016	0,15107	0,13113	0,12206	0,10008	0,09468	0,07512	0,06563	0,04742	0,03868	0,02788	0,02139	0,01430	0,01081	0,00665	0,00503	0,00342	0,00355	0,00375	0,00393	0,00287	0,00139	0,00073	0,00127
0,00279	0,00302	0,00379	0,00521	0,00731	0,01021	0,01307	0,01631	0,01961	0,02209	0,02514	0,02956	0,03436	0,03967	0,04568	0,05249	0,06064	0,06991	0,07907	0,08871	0,10901	0,12426	0,14251	0,14540	0,15731	0,16200	0,17944	0,17972	0,18657	0,16749	0,15977	0,13134	0,12267	0,09688	0,08336	0,06114	0,04901	0,03543	0,02704	0,01798	0,01357	0,00872	0,00652	0,00493	0,00510	0,00495	0,00465	0,00258	0,00091	0,00070	0,00157
0,00301	0,00340	0,00427	0,00612	0,00845	0,01173	0,01480	0,01824	0,02162	0,02457	0,02780	0,03301	0,03824	0,04479	0,05058	0,05879	0,06862	0,07992	0,09199	0,10386	0,12811	0,14714	0,16448	0,17097	0,18370	0,19267	0,21121	0,21508	0,22200	0,20972	0,20449	0,17087	0,15552	0,12201	0,10252	0,07544	0,06083	0,04356	0,03323	0,02234	0,01670	0,01081	0,00795	0,00627	0,00692	0,00634	0,00485	0,00208	0,00049	0,00070	0,00186
0,00324	0,00362	0,00480	0,00685	0,00962	0,01296	0,01639	0,02035	0,02356	0,02673	0,03057	0,03648	0,04305	0,04930	0,05558	0,06496	0,07665	0,09105	0,10408	0,11929	0,14385	0,16722	0,18472	0,19598	0,21010	0,22525	0,24420	0,24938	0,26209	0,25583	0,25266	0,21612	0,19477	0,14774	0,12640	0,09164	0,07185	0,05374	0,04154	0,02767	0,02016	0,01266	0,00944	0,00803	0,00853	0,00736	0,00493	0,00174	0,00040	0,00121	0,00240
0,00328	0,00406	0,00525	0,00760	0,01046	0,01418	0,01758	0,02163	0,02568	0,02911	0,03335	0,03988	0,04741	0,05520	0,06166	0,07138	0,08466	0,10110	0,11724	0,13282	0,15785	0,18331	0,20622	0,21707	0,23637	0,25189	0,27178	0,28518	0,29903	0,30058	0,30476	0,26339	0,23597	0,17967	0,14989	0,10850	0,08817	0,06536	0,05075	0,03402	0,02420	0,01475	0,01176	0,01025	0,01037	0,00820	0,00471	0,00130	0,00054	0,00170	0,00289
0,00353	0,00437	0,00581	0,00846	0,01156	0,01493	0,01853	0,02286	0,02725	0,03158	0,03604	0,04307	0,05197	0,05989	0,06781	0,07706	0,09169	0,11187	0,12878	0,14344	0,16783	0,19556	0,22214	0,24029	0,25913	0,27373	0,29150	0,30515	0,32883	0,34489	0,35100	0,31148	0,28006	0,21747	0,18333	0,13215	0,10931	0,08041	0,06307	0,04147	0,02931	0,01811	0,01491	0,01342	0,01246	0,00819	0,00426	0,00124	0,00092	0,00222	0,00326
0,00367	0,00482	0,00640	0,00930	0,01229	0,01597	0,01927	0,02380	0,02911	0,03397	0,03893	0,04661	0,05573	0,06500	0,07289	0,08229	0,09653	0,11773	0,13729	0,15103	0,17406	0,20251	0,22894	0,25550	0,26975	0,28507	0,30435	0,32615	0,35019	0,37623	0,39515	0,36482	0,33367	0,26749	0,22481	0,17022	0,13576	0,09891	0,07601	0,04921	0,03430	0,02211	0,01962	0,01694	0,01368	0,00812	0,00352	0,00118	0,00148	0,00280	0,00382
0,00383	0,00519	0,00668	0,00961	0,01295	0,01647	0,02028	0,02526	0,03030	0,03560	0,04166	0,04945	0,05881	0,06912	0,07766	0,08662	0,10171	0,12395	0,14203	0,15773	0,17635	0,20474	0,22926	0,25297	0,27221	0,28889	0,30743	0,33108	0,36272	0,40029	0,42559	0,40705	0,38129	0,32146	0,27619	0,20833	0,16604	0,11890	0,08795	0,05813	0,04025	0,02758	0,02426	0,01971	0,01449	0,00733	0,00291	0,00137	0,00216	0,00333	0,00427
0,00389	0,00525	0,00694	0,01000	0,01355	0,01721	0,02088	0,02593	0,03151	0,03700	0,04343	0,05194	0,06165	0,07156	0,08043	0,09024	0,10404	0,12567	0,14357	0,16018	0,17509	0,19990	0,22232	0,24912	0,25923	0,27531	0,29686	0,33098	0,36491	0,40592	0,43987	0,43647	0,42622	0,37423	0,32897	0,25190	0,20298	0,14312	0,10114	0,06548	0,04678	0,03354	0,02813	0,02158	0,01394	0,00658	0,00293	0,00187	0,00288	0,00410	0,00523
0,00393	0,00518	0,00708	0,01030	0,01410	0,01792	0,02171	0,02665	0,03243	0,03866	0,04534	0,05395	0,06454	0,07495	0,08242	0,09280	0,10611	0,12613	0,14692	0,15989	0,16804	0,18793	0,20464	0,22948	0,23675	0,25610	0,27079	0,30793	0,34857	0,39991	0,43764	0,45814	0,45717	0,41525	0,37486	0,29614	0,23990	0,16636	0,11505	0,07512	0,05401	0,03932	0,03122	0,02136	0,01239	0,00553	0,00301	0,00256	0,00387	0,00527	0,00649
0,00397	0,00540	0,00743	0,01076	0,01453	0,01842	0,02224	0,02705	0,03330	0,03979	0,04619	0,05504	0,06532	0,07562	0,08381	0,09296	0,10395	0,12427	0,14026	0,15462	0,15784	0,17178	0,18280	0,20211	0,20996	0,22516	0,24365	0,28488	0,32572	0,38274	0,43011	0,46502	0,47143	0,44663	0,40462	0,32901	0,26542	0,18327	0,12871	0,08402	0,06060	0,04341	0,03267	0,02033	0,01129	0,00536	0,00324	0,00337	0,00514	0,00683	0,00778
0,00379	0,00541	0,00738	0,01085	0,01491	0,01878	0,02228	0,02757	0,03362	0,04019	0,04638	0,05445	0,06538	0,07593	0,08419	0,09123	0,10276	0,12021	0,13469	0,14709	0,14660	0,15422	0,15849	0,17234	0,17961	0,19308	0,20704	0,25614	0,29395	0,35838	0,41308	0,45416	0,46906	0,45380	0,41613	0,35009	0,27902	0,19725	0,14056	0,09320	0,06620	0,04639	0,03329	0,01952	0,01043	0,00479	0,00353	0,00437	0,00729	0,00917	0,00922
0,00375	0,00550	0,00758	0,01097	0,01513	0,01929	0,02262	0,02725	0,03343	0,04076	0,04686	0,05440	0,06401	0,07682	0,08359	0,09170	0,10066	0,11312	0,12915	0,13912	0,13880	0,13561	0,13545	0,14388	0,14641	0,16428	0,17702	0,21337	0,25787	0,32468	0,38659	0,43505	0,45167	0,44541	0,40944	0,34998	0,28078	0,20759	0,14794	0,10017	0,07301	0,04917	0,03310	0,01828	0,00928	0,00445	0,00431	0,00663	0,01081	0,01170	0,01011
0,00364	0,00556	0,00762	0,01116	0,01527	0,01951	0,02265	0,02674	0,03274	0,04036	0,04688	0,05392	0,06210	0,07446	0,08313	0,09164	0,09563	0,11064	0,12183	0,13262	0,13041	0,12320	0,11765	0,12120	0,12464	0,13796	0,15070	0,18488	0,22908	0,29345	0,35802	0,40806	0,42984	0,42246	0,39312	0,34292	0,27713	0,20877	0,15595	0,10667	0,07733	0,05047	0,03257	0,01707	0,00820	0,00483	0,00645	0,01028	0,01515	0,01453	0,01016
0,00363	0,00563	0,00789	0,01125	0,01526	0,01954	0,02256	0,02587	0,03151	0,03908	0,04552	0,05272	0,05973	0,07122	0,08211	0,09012	0,09401	0,10287	0,11474	0,12496	0,12457	0,11638	0,10676	0,10626	0,11095	0,12083	0,13456	0,16203	0,20141	0,26175	0,33070	0,38209	0,40221	0,40089	0,37338	0,32483	0,27056	0,20596	0,15539	0,10905	0,07561	0,04939	0,03043	0,01598	0,00880	0,00712	0,01070	0,01536	0,01923	0,01598	0,00890
0,00343	0,00532	0,00779	0,01104	0,01505	0,01937	0,02241	0,02528	0,02999	0,03816	0,04534	0,05222	0,05837	0,06875	0,07865	0,09003	0,09484	0,09964	0,10649	0,11899	0,12065	0,11287	0,10141	0,09844	0,10388	0,11670	0,13197	0,15668	0,19084	0,24175	0,30265	0,35348	0,37658	0,37403	0,35206	0,30917	0,25597	0,20008	0,14980	0,10632	0,07231	0,04681	0,02716	0,01570	0,01156	0,01178	0,01658	0,02047	0,02059	0,01483	0,00652
0,00323	0,00522	0,00757	0,01086	0,01450	0,01902	0,02210	0,02459	0,02850	0,03560	0,04408	0,05196	0,05663	0,06606	0,07598	0,08610	0,09235	0,09805	0,10307	0,11420	0,11952	0,11572	0,10617	0,10060	0,10645	0,12110	0,13984	0,16484	0,19669	0,23868	0,28871	0,33015	0,35033	0,35616	0,33295	0,29407	0,24660	0,19134	0,14202	0,10078	0,06664	0,04077	0,02584	0,01694	0,01695	0,01836	0,02201	0,02282	0,01798	0,01025	0,00354
0,00315	0,00505	0,00765	0,01052	0,01370	0,01823	0,02156	0,02422	0,02734	0,03376	0,04193	0,05087	0,05633	0,06327	0,07250	0,08349	0,09256	0,09662	0,10123	0,10981	0,11911	0,12212	0,11576	0,11061	0,11561	0,13016	0,15334	0,17993	0,20906	0,24397	0,28607	0,31444	0,33110	0,33419	0,31443	0,28093	0,22951	0,17756	0,13028	0,08955	0,05891	0,03864	0,02590	0,02071	0,02162	0,02321	0,02360	0,02037	0,01216	0,00561	0,00111
0,00281	0,00481	0,00734	0,01030	0,01321	0,01734	0,02080	0,02388	0,02659	0,03184	0,04016	0,05013	0,05640	0,06212	0,06964	0,08158	0,09209	0,09799	0,10277	0,10837	0,11861	0,12721	0,12813	0,12720	0,12994	0,14279	0,16607	0,19855	0,22973	0,25672	0,28679	0,30558	0,31446	0,31102	0,28734	0,25530	0,20776	0,15804	0,11495	0,07844	0,05265	0,03595	0,02745	0,02414	0,02407	0,02356	0,02061	0,01474	0,00616	0,00198	0,00058
0,00257	0,00447	0,00688	0,01001	0,01248	0,01611	0,01998	0,02333	0,02592	0,03105	0,03815	0,04795	0,05583	0,06173	0,06769	0,07838	0,08974	0,09654	0,10268	0,10700	0,11687	0,13189	0,13851	0,14475	0,14831	0,15853	0,17894	0,20744	0,24306	0,26832	0,28999	0,29719	0,29648	0,28656	0,25972	0,22538	0,17866	0,13815	0,09982	0,06890	0,04803	0,03600	0,02983	0,02593	0,02291	0,01977	0,01433	0,00769	0,00227	0,00075	0,00171
0,00241	0,00399	0,00639	0,00954	0,01209	0,01515	0,01851	0,02261	0,02559	0,02993	0,03635	0,04613	0,05361	0,06088	0,06576	0,07355	0,08485	0,09477	0,10188	0,10834	0,11727	0,13142	0,14528	0,15561	0,16235	0,17178	0,18688	0,21444	0,24331	0,26863	0,28507	0,28626	0,27717	0,26129	0,23248	0,19559	0,15210	0,11518	0,08506	0,06136	0,04518	0,03566	0,02986	0,02466	0,01857	0,01338	0,00752	0,00320	0,00098	0,00177	0,00330
0,00228	0,00365	0,00596	0,00906	0,01160	0,01433	0,01718	0,02121	0,02506	0,02919	0,03510	0,04419	0,05161	0,05997	0,06538	0,07121	0,08122	0,09157	0,09990	0,10978	0,11674	0,12991	0,14690	0,16225	0,17349	0,18501	0,19338	0,21153	0,23691	0,25748	0,26804	0,26650	0,25308	0,23266	0,20070	0,16635	0,12844	0,09676	0,07236	0,05405	0,04217	0,03395	0,02681	0,01980	0,01252	0,00719	0,00298	0,00122	0,00178	0,00341	0,00464
0,00228	0,00349	0,00553	0,00834	0,01091	0,01342	0,01596	0,01968	0,02397	0,02857	0,03383	0,04141	0,04930	0,05806	0,06297	0,06747	0,07596	0,08549	0,09662	0,10675	0,11423	0,12586	0,14192	0,15909	0,17587	0,19050	0,19677	0,20841	0,22135	0,23530	0,24070	0,23640	0,22348	0,20266	0,17330	0,13964	0,10617	0,08241	0,06282	0,04846	0,03792	0,02884	0,02074	0,01318	0,00694	0,00323	0,00146	0,00149	0,00358	0,00497	0,00606
0,00217	0,00334	0,00488	0,00749	0,01010	0,01272	0,01493	0,01821	0,02235	0,02732	0,03206	0,03873	0,04551	0,05428	0,05976	0,06457	0,07138	0,07991	0,08909	0,10130	0,11039	0,12202	0,13497	0,15058	0,16856	0,18663	0,19408	0,20087	0,20571	0,20941	0,20836	0,20245	0,19070	0,17091	0,14529	0,11680	0,08942	0,07009	0,05451	0,04313	0,03214	0,02326	0,01419	0,00755	0,00316	0,00156	0,00178	0,00327	0,00610	0,00729	0,00820
0,00211	0,00303	0,00459	0,00666	0,00913	0,01170	0,01419	0,01675	0,02039	0,02540	0,03013	0,03610	0,04182	0,04941	0,05544	0,06080	0,06812	0,07387	0,08183	0,09360	0,10450	0,11629	0,12667	0,14003	0,15557	0,17235	0,18196	0,18705	0,18656	0,18453	0,17717	0,16863	0,15733	0,14067	0,11806	0,09519	0,07428	0,05868	0,04627	0,03562	0,02524	0,01664	0,00907	0,00410	0,00203	0,00207	0,00379	0,00599	0,00932	0,01034	0,01076
0,00176	0,00291	0,00429	0,00589	0,00780	0,01091	0,01336	0,01570	0,01831	0,02227	0,02719	0,03316	0,03827	0,04461	0,04972	0,05657	0,06279	0,06864	0,07523	0,08473	0,09506	0,10757	0,11735	0,12782	0,13799	0,15184	0,16087	0,16553	0,16356	0,15928	0,14819	0,13825	0,12652	0,11191	0,09440	0,07595	0,06001	0,04711	0,03763	0,02834	0,01930	0,01189	0,00608	0,00348	0,00343	0,00485	0,00724	0,00988	0,01304	0,01323	0,01164
0,00152	0,00265	0,00400	0,00544	0,00692	0,00970	0,01248	0,01459	0,01649	0,01947	0,02363	0,02998	0,03503	0,04032	0,04485	0,05110	0,05791	0,06407	0,06864	0,07622	0,08505	0,09731	0,10649	0,11491	0,12268	0,13087	0,13646	0,14067	0,13914	0,13450	0,12350	0,11320	0,10376	0,08965	0,07453	0,06115	0,04726	0,03760	0,02977	0,02230	0,01446	0,00915	0,00626	0,00536	0,00675	0,00893	0,01158	0,01342	0,01461	0,01347	0,01033
0,00129	0,00225	0,00370	0,00502	0,00605	0,00839	0,01102	0,01357	0,01494	0,01690	0,02016	0,02651	0,03164	0,03653	0,04061	0,04571	0,05267	0,05887	0,06424	0,06884	0,07575	0,08670	0,09511	0,10260	0,10799	0,11209	0,11434	0,11578	0,11462	0,11110	0,10200	0,09319	0,08473	0,07394	0,06092	0,04961	0,03896	0,03056	0,02378	0,01808	0,01312	0,00959	0,00831	0,00873	0,01091	0,01254	0,01419	0,01467	0,01257	0,01031	0,00645
0,00103	0,00180	0,00315	0,00477	0,00570	0,00725	0,00966	0,01230	0,01384	0,01522	0,01738	0,02259	0,02823	0,03337	0,03723	0,04129	0,04741	0,05330	0,05826	0,06264	0,06768	0,07604	0,08371	0,08945	0,09405	0,09581	0,09491	0,09503	0,09200	0,08961	0,08316	0,07636	0,06994	0,06244	0,05239	0,04258	0,03415	0,02665	0,02116	0,01656	0,01327	0,01127	0,01101	0,01157	0,01261	0,01330	0,01275	0,01135	0,00759	0,00527	0,00239
0,00081	0,00146	0,00274	0,00432	0,00513	0,00634	0,00830	0,01083	0,01256	0,01378	0,01560	0,01965	0,02465	0,03032	0,03428	0,03766	0,04235	0,04752	0,05216	0,05672	0,06137	0,06788	0,07362	0,07809	0,08042	0,08108	0,08024	0,07897	0,07598	0,07345	0,06791	0,06218	0,05862	0,05293	0,04608	0,03813	0,03136	0,02493	0,02020	0,01678	0,01416	0,01298	0,01246	0,01197	0,01133	0,01021	0,00810	0,00614	0,00309	0,00167	0,00052
0,00076	0,00112	0,00209	0,00369	0,00464	0,00573	0,00700	0,00919	0,01139	0,01271	0,01419	0,01691	0,02149	0,02728	0,03154	0,03467	0,03835	0,04231	0,04612	0,05061	0,05478	0,06033	0,06482	0,06739	0,06901	0,06856	0,06803	0,06636	0,06306	0,06010	0,05505	0,05110	0,04763	0,04349	0,03899	0,03344	0,02847	0,02350	0,01972	0,01700	0,01492	0,01335	0,01186	0,00997	0,00772	0,00573	0,00398	0,00280	0,00240	0,00184	0,00122
0,00078	0,00096	0,00174	0,00308	0,00415	0,00487	0,00597	0,00775	0,00966	0,01132	0,01268	0,01494	0,01835	0,02406	0,02809	0,03151	0,03424	0,03721	0,03974	0,04392	0,04786	0,05283	0,05644	0,05793	0,05783	0,05706	0,05656	0,05506	0,05268	0,04947	0,04450	0,04083	0,03789	0,03452	0,03118	0,02778	0,02417	0,02056	0,01756	0,01563	0,01345	0,01200	0,00943	0,00711	0,00426	0,00309	0,00275	0,00355	0,00444	0,00375	0,00245
0,00064	0,00085	0,00137	0,00258	0,00343	0,00426	0,00498	0,00624	0,00796	0,00956	0,01095	0,01294	0,01567	0,02032	0,02433	0,02734	0,03016	0,03208	0,03374	0,03707	0,04067	0,04537	0,04865	0,04943	0,04822	0,04640	0,04563	0,04431	0,04150	0,03931	0,03555	0,03227	0,02900	0,02549	0,02246	0,02022	0,01751	0,01510	0,01355	0,01189	0,00988	0,00822	0,00586	0,00397	0,00246	0,00241	0,00392	0,00570	0,00665	0,00501	0,00283
0,00050	0,00071	0,00117	0,00209	0,00295	0,00359	0,00421	0,00519	0,00639	0,00768	0,00897	0,01085	0,01304	0,01680	0,02029	0,02323	0,02595	0,02710	0,02803	0,03026	0,03355	0,03762	0,04132	0,04133	0,03958	0,03709	0,03576	0,03429	0,03176	0,03015	0,02699	0,02440	0,02173	0,01840	0,01560	0,01313	0,01092	0,00900	0,00810	0,00691	0,00543	0,00442	0,00281	0,00195	0,00221	0,00366	0,00609	0,00752	0,00739	0,00508	0,00247
0,00043	0,00065	0,00100	0,00191	0,00251	0,00308	0,00361	0,00434	0,00521	0,00626	0,00707	0,00882	0,01073	0,01366	0,01643	0,01897	0,02147	0,02235	0,02259	0,02430	0,02672	0,03034	0,03383	0,03423	0,03196	0,02939	0,02708	0,02620	0,02372	0,02237	0,02004	0,01837	0,01606	0,01312	0,01011	0,00775	0,00580	0,00442	0,00374	0,00328	0,00251	0,00203	0,00175	0,00205	0,00369	0,00608	0,00815	0,00897	0,00774	0,00483	0,00267
0,00041	0,00042	0,00088	0,00171	0,00229	0,00278	0,00311	0,00383	0,00447	0,00511	0,00570	0,00690	0,00834	0,01111	0,01320	0,01515	0,01737	0,01804	0,01819	0,01912	0,02084	0,02392	0,02726	0,02816	0,02651	0,02339	0,02093	0,01958	0,01808	0,01732	0,01584	0,01433	0,01231	0,00978	0,00705	0,00503	0,00313	0,00216	0,00169	0,00149	0,00135	0,00145	0,00214	0,00340	0,00580	0,00840	0,01009	0,01000	0,00812	0,00531	0,00302
0,00023	0,00044	0,00074	0,00146	0,00216	0,00240	0,00277	0,00325	0,00398	0,00449	0,00475	0,00539	0,00656	0,00862	0,01040	0,01210	0,01383	0,01469	0,01468	0,01518	0,01617	0,01860	0,02213	0,02359	0,02251	0,01994	0,01695	0,01560	0,01452	0,01408	0,01330	0,01229	0,01031	0,00839	0,00562	0,00382	0,00225	0,00153	0,00112	0,00103	0,00127	0,00176	0,00284	0,00443	0,00695	0,00901	0,01029	0,01005	0,00727	0,00481	0,00275
