12,50000	13,00000	13,50000	14,00000	14,50000	15,00000	15,50000	16,00000	16,50000	17,00000	17,50000	18,00000	18,50000	19,00000	19,50000	20,00000	20,50000	21,00000	21,50000	22,00000	22,50000	23,00000	23,50000	24,00000	24,50000	25,00000	25,50000	26,00000	26,50000	27,00000	27,50000	28,00000	28,50000	29,00000	29,50000	30,00000	30,50000	31,00000	31,50000	32,00000	32,50000	33,00000	33,50000	34,00000	34,50000	35,00000	35,50000	36,00000	36,50000	37,00000	37,50000
12,50000	13,00000	13,50000	14,00000	14,50000	15,00000	15,50000	16,00000	16,50000	17,00000	17,50000	18,00000	18,50000	19,00000	19,50000	20,00000	20,50000	21,00000	21,50000	22,00000	22,50000	23,00000	23,50000	24,00000	24,50000	25,00000	25,50000	26,00000	26,50000	27,00000	27,50000	28,00000	28,50000	29,00000	29,50000	30,00000	30,50000	31,00000	31,50000	32,00000	32,50000	33,00000	33,50000	34,00000	34,50000	35,00000	35,50000	36,00000	36,50000	37,00000	37,50000
0,01673	0,01661	0,01676	0,01667	0,01684	0,01690	0,01672	0,01656	0,01751	0,01687	0,01734	0,01730	0,01742	0,01719	0,01735	0,01709	0,01690	0,01686	0,01736	0,01720	0,01729	0,01733	0,01724	0,01732	0,01729	0,01731	0,01745	0,01741	0,01733	0,01659	0,01708	0,01690	0,01753	0,01742	0,01712	0,01738	0,01714	0,01732	0,01706	0,01684	0,01741	0,01679	0,01726	0,01731	0,01736	0,01733	0,01739	0,01677	0,01711	0,01726	0,01733
0,01685	0,01698	0,01727	0,01739	0,01739	0,01682	0,01732	0,01734	0,01736	0,01747	0,01686	0,01716	0,01734	0,01730	0,01731	0,01740	0,01685	0,01663	0,01739	0,01655	0,01727	0,01715	0,01705	0,01735	0,01663	0,01705	0,01738	0,01733	0,01740	0,01693	0,01749	0,01692	0,01740	0,01729	0,01715	0,01717	0,01671	0,01750	0,01660	0,01734	0,01733	0,01680	0,01656	0,01667	0,01719	0,01719	0,01736	0,01708	0,01721	0,01743	0,01731
0,01735	0,01669	0,01664	0,01659	0,01656	0,01655	0,01688	0,01677	0,01714	0,01728	0,01644	0,01712	0,01721	0,01723	0,01722	0,01711	0,01734	0,01672	0,01713	0,01729	0,01711	0,01693	0,01749	0,01721	0,01723	0,01687	0,01748	0,01732	0,01724	0,01740	0,01751	0,01683	0,01749	0,01701	0,01729	0,01736	0,01680	0,01734	0,01723	0,01690	0,01692	0,01728	0,01748	0,01739	0,01741	0,01701	0,01729	0,01707	0,01745	0,01650	0,01648
0,01673	0,01682	0,01702	0,01653	0,01680	0,01680	0,01736	0,01698	0,01738	0,01694	0,01661	0,01715	0,01750	0,01661	0,01654	0,01742	0,01729	0,01731	0,01654	0,01667	0,01662	0,01732	0,01667	0,01738	0,01669	0,01718	0,01746	0,01730	0,01749	0,01733	0,01759	0,01688	0,01672	0,01660	0,01747	0,01732	0,01683	0,01657	0,01696	0,01659	0,01671	0,01682	0,01735	0,01731	0,01685	0,01720	0,01730	0,01730	0,01676	0,01732	0,01714
0,01716	0,01690	0,01664	0,01714	0,01672	0,01694	0,01667	0,01695	0,01707	0,01726	0,01683	0,01732	0,01707	0,01703	0,01702	0,01647	0,01734	0,01703	0,01721	0,01720	0,01736	0,01727	0,01692	0,01719	0,01753	0,01736	0,01736	0,01670	0,01755	0,01706	0,01704	0,01701	0,01703	0,01703	0,01738	0,01723	0,01684	0,01668	0,01745	0,01728	0,01743	0,01724	0,01721	0,01712	0,01725	0,01714	0,01656	0,01726	0,01730	0,01692	0,01742
0,01733	0,01746	0,01721	0,01661	0,01736	0,01684	0,01671	0,01710	0,01730	0,01654	0,01687	0,01757	0,01700	0,01720	0,01744	0,01727	0,01702	0,01699	0,01682	0,01728	0,01681	0,01686	0,01653	0,01737	0,01762	0,01744	0,01660	0,01725	0,01689	0,01772	0,01678	0,01676	0,01737	0,01731	0,01746	0,01750	0,01746	0,01651	0,01725	0,01706	0,01730	0,01665	0,01661	0,01732	0,01741	0,01658	0,01692	0,01741	0,01679	0,01657	0,01666
0,01706	0,01656	0,01692	0,01656	0,01693	0,01729	0,01663	0,01727	0,01720	0,01709	0,01659	0,01733	0,01735	0,01704	0,01657	0,01678	0,01701	0,01711	0,01729	0,01729	0,01731	0,01757	0,01680	0,01709	0,01700	0,01673	0,01669	0,01746	0,01695	0,01768	0,01688	0,01758	0,01746	0,01745	0,01742	0,01752	0,01656	0,01649	0,01722	0,01722	0,01649	0,01730	0,01647	0,01734	0,01655	0,01741	0,01733	0,01706	0,01723	0,01728	0,01722
0,01704	0,01744	0,01745	0,01651	0,01692	0,01724	0,01690	0,01700	0,01657	0,01735	0,01748	0,01755	0,01739	0,01747	0,01654	0,01685	0,01758	0,01697	0,01763	0,01723	0,01736	0,01666	0,01669	0,01680	0,01725	0,01750	0,01681	0,01687	0,01764	0,01738	0,01673	0,01740	0,01700	0,01761	0,01746	0,01750	0,01720	0,01665	0,01658	0,01736	0,01655	0,01707	0,01725	0,01647	0,01712	0,01641	0,01714	0,01724	0,01737	0,01708	0,01744
0,01739	0,01705	0,01671	0,01654	0,01657	0,01679	0,01738	0,01704	0,01690	0,01731	0,01720	0,01745	0,01743	0,01721	0,01688	0,01734	0,01743	0,01786	0,01685	0,01741	0,01742	0,01698	0,01682	0,01744	0,01750	0,01740	0,01737	0,01784	0,01688	0,01684	0,01752	0,01760	0,01688	0,01707	0,01737	0,01757	0,01749	0,01689	0,01657	0,01740	0,01716	0,01644	0,01721	0,01663	0,01680	0,01710	0,01726	0,01647	0,01740	0,01707	0,01725
0,01704	0,01668	0,01674	0,01701	0,01702	0,01702	0,01741	0,01741	0,01662	0,01724	0,01746	0,01725	0,01665	0,01744	0,01731	0,01668	0,01705	0,01772	0,01737	0,01717	0,01718	0,01737	0,01745	0,01685	0,01771	0,01791	0,01766	0,01753	0,01720	0,01680	0,01757	0,01777	0,01726	0,01702	0,01716	0,01687	0,01671	0,01754	0,01713	0,01658	0,01726	0,01723	0,01737	0,01682	0,01652	0,01647	0,01684	0,01655	0,01726	0,01740	0,01741
0,01739	0,01672	0,01669	0,01672	0,01670	0,01656	0,01657	0,01734	0,01746	0,01732	0,01653	0,01733	0,01669	0,01709	0,01717	0,01722	0,01721	0,01672	0,01724	0,01660	0,01696	0,01715	0,01721	0,01759	0,01789	0,01721	0,01774	0,01780	0,01764	0,01753	0,01793	0,01815	0,01820	0,01776	0,01706	0,01668	0,01758	0,01739	0,01657	0,01723	0,01738	0,01724	0,01714	0,01651	0,01716	0,01675	0,01688	0,01663	0,01738	0,01745	0,01687
0,01661	0,01684	0,01654	0,01703	0,01665	0,01724	0,01640	0,01718	0,01671	0,01743	0,01721	0,01722	0,01739	0,01701	0,01733	0,01752	0,01770	0,01695	0,01720	0,01719	0,01719	0,01710	0,01759	0,01713	0,01730	0,01766	0,01777	0,01759	0,01692	0,01722	0,01806	0,01840	0,01747	0,01783	0,01755	0,01702	0,01752	0,01755	0,01751	0,01708	0,01732	0,01729	0,01740	0,01661	0,01729	0,01735	0,01698	0,01736	0,01731	0,01678	0,01721
0,01667	0,01669	0,01643	0,01660	0,01692	0,01675	0,01644	0,01736	0,01751	0,01691	0,01650	0,01736	0,01733	0,01672	0,01753	0,01735	0,01745	0,01738	0,01691	0,01768	0,01740	0,01715	0,01718	0,01796	0,01801	0,01701	0,01775	0,01787	0,01781	0,01846	0,01855	0,01770	0,01781	0,01786	0,01754	0,01776	0,01763	0,01725	0,01754	0,01658	0,01712	0,01727	0,01681	0,01729	0,01748	0,01718	0,01724	0,01740	0,01732	0,01729	0,01665
0,01740	0,01653	0,01656	0,01696	0,01741	0,01741	0,01715	0,01715	0,01683	0,01674	0,01745	0,01730	0,01779	0,01703	0,01731	0,01678	0,01697	0,01771	0,01750	0,01754	0,01723	0,01760	0,01757	0,01803	0,01778	0,01794	0,01813	0,01811	0,01839	0,01863	0,01866	0,01764	0,01792	0,01781	0,01783	0,01783	0,01694	0,01733	0,01754	0,01676	0,01749	0,01681	0,01721	0,01677	0,01732	0,01745	0,01676	0,01734	0,01656	0,01732	0,01714
0,01693	0,01666	0,01696	0,01691	0,01660	0,01648	0,01725	0,01691	0,01716	0,01671	0,01675	0,01719	0,01710	0,01776	0,01711	0,01762	0,01762	0,01771	0,01748	0,01758	0,01763	0,01773	0,01801	0,01763	0,01802	0,01768	0,01873	0,01854	0,01908	0,01823	0,01824	0,01818	0,01779	0,01749	0,01808	0,01774	0,01755	0,01760	0,01706	0,01752	0,01719	0,01732	0,01667	0,01661	0,01713	0,01727	0,01681	0,01732	0,01709	0,01736	0,01644
0,01712	0,01660	0,01656	0,01700	0,01742	0,01723	0,01729	0,01709	0,01723	0,01734	0,01712	0,01728	0,01721	0,01764	0,01709	0,01689	0,01732	0,01770	0,01686	0,01703	0,01685	0,01783	0,01783	0,01748	0,01791	0,01861	0,01895	0,01968	0,01971	0,01991	0,01888	0,01897	0,01880	0,01795	0,01821	0,01815	0,01782	0,01760	0,01772	0,01689	0,01772	0,01704	0,01709	0,01729	0,01730	0,01724	0,01725	0,01726	0,01673	0,01701	0,01710
0,01745	0,01693	0,01695	0,01696	0,01671	0,01696	0,01720	0,01685	0,01662	0,01733	0,01751	0,01723	0,01735	0,01738	0,01701	0,01692	0,01718	0,01714	0,01725	0,01758	0,01787	0,01859	0,01911	0,01876	0,01907	0,01902	0,01982	0,02074	0,02035	0,02071	0,01967	0,01891	0,01871	0,01900	0,01874	0,01836	0,01812	0,01787	0,01753	0,01762	0,01779	0,01753	0,01738	0,01671	0,01735	0,01685	0,01713	0,01732	0,01662	0,01723	0,01701
0,01662	0,01708	0,01676	0,01659	0,01742	0,01698	0,01704	0,01653	0,01681	0,01738	0,01723	0,01736	0,01747	0,01708	0,01670	0,01760	0,01786	0,01757	0,01769	0,01700	0,01745	0,01856	0,01929	0,01849	0,02002	0,02102	0,02162	0,02233	0,02271	0,02236	0,02116	0,02078	0,02018	0,02006	0,01853	0,01859	0,01747	0,01791	0,01768	0,01776	0,01758	0,01751	0,01734	0,01643	0,01656	0,01730	0,01699	0,01728	0,01728	0,01643	0,01712
0,01677	0,01662	0,01696	0,01725	0,01662	0,01690	0,01675	0,01721	0,01658	0,01719	0,01722	0,01727	0,01672	0,01663	0,01704	0,01721	0,01745	0,01764	0,01777	0,01781	0,01872	0,01968	0,01938	0,01988	0,02109	0,02117	0,02209	0,02529	0,02573	0,02587	0,02396	0,02281	0,02328	0,02098	0,01961	0,01851	0,01873	0,01823	0,01790	0,01763	0,01723	0,01787	0,01668	0,01731	0,01651	0,01732	0,01712	0,01729	0,01673	0,01681	0,01719
0,01656	0,01674	0,01697	0,01653	0,01699	0,01669	0,01741	0,01669	0,01720	0,01725	0,01648	0,01738	0,01665	0,01740	0,01726	0,01727	0,01776	0,01768	0,01802	0,01815	0,01896	0,02010	0,01989	0,01972	0,02181	0,02209	0,02366	0,02781	0,02876	0,02937	0,02934	0,02689	0,02609	0,02328	0,02126	0,01966	0,01862	0,01810	0,01770	0,01779	0,01786	0,01771	0,01715	0,01729	0,01720	0,01720	0,01748	0,01651	0,01720	0,01699	0,01692
0,01685	0,01677	0,01745	0,01731	0,01710	0,01721	0,01662	0,01726	0,01736	0,01708	0,01673	0,01731	0,01754	0,01676	0,01768	0,01762	0,01777	0,01757	0,01787	0,01865	0,01971	0,01997	0,01988	0,02029	0,02195	0,02142	0,02465	0,02957	0,03241	0,03182	0,03291	0,03281	0,03100	0,02699	0,02331	0,02119	0,01996	0,01836	0,01828	0,01792	0,01803	0,01789	0,01788	0,01740	0,01735	0,01648	0,01703	0,01742	0,01705	0,01678	0,01692
0,01669	0,01704	0,01655	0,01679	0,01733	0,01735	0,01730	0,01773	0,01696	0,01698	0,01714	0,01676	0,01718	0,01725	0,01708	0,01781	0,01719	0,01765	0,01850	0,01874	0,01965	0,02020	0,01952	0,02009	0,02062	0,02056	0,02403	0,02854	0,03076	0,03204	0,03494	0,03607	0,03429	0,02937	0,02567	0,02246	0,02008	0,01924	0,01864	0,01836	0,01835	0,01824	0,01806	0,01733	0,01728	0,01741	0,01740	0,01707	0,01706	0,01699	0,01713
0,01660	0,01702	0,01732	0,01703	0,01665	0,01678	0,01680	0,01774	0,01760	0,01662	0,01714	0,01738	0,01757	0,01687	0,01747	0,01752	0,01784	0,01805	0,01858	0,01996	0,02079	0,01950	0,01849	0,01925	0,01935	0,01951	0,02064	0,02416	0,02617	0,02852	0,03450	0,03771	0,03532	0,03211	0,02718	0,02387	0,02123	0,01910	0,01893	0,01838	0,01865	0,01830	0,01773	0,01687	0,01736	0,01744	0,01739	0,01691	0,01708	0,01645	0,01669
0,01701	0,01663	0,01708	0,01697	0,01725	0,01706	0,01734	0,01778	0,01726	0,01743	0,01738	0,01755	0,01737	0,01703	0,01676	0,01776	0,01808	0,01793	0,01874	0,02070	0,02097	0,01989	0,01898	0,01880	0,01771	0,01782	0,01835	0,01917	0,02004	0,02575	0,03187	0,03627	0,03545	0,03202	0,02833	0,02499	0,02217	0,01953	0,01915	0,01889	0,01871	0,01860	0,01813	0,01777	0,01760	0,01725	0,01692	0,01699	0,01660	0,01746	0,01689
0,01679	0,01727	0,01660	0,01670	0,01683	0,01678	0,01698	0,01721	0,01766	0,01752	0,01655	0,01751	0,01734	0,01727	0,01688	0,01710	0,01822	0,01813	0,01937	0,02085	0,02043	0,01894	0,01897	0,01928	0,01825	0,01693	0,01794	0,01837	0,01992	0,02400	0,03006	0,03366	0,03369	0,03131	0,02775	0,02556	0,02295	0,02023	0,01920	0,01918	0,01874	0,01824	0,01747	0,01761	0,01766	0,01740	0,01734	0,01696	0,01700	0,01732	0,01737
0,01666	0,01643	0,01667	0,01713	0,01686	0,01716	0,01752	0,01739	0,01759	0,01756	0,01715	0,01745	0,01765	0,01692	0,01725	0,01750	0,01797	0,01904	0,02023	0,02110	0,02047	0,01951	0,01948	0,02059	0,01946	0,01927	0,02106	0,02272	0,02375	0,02641	0,02878	0,03086	0,03154	0,02998	0,02843	0,02607	0,02380	0,02155	0,01957	0,01926	0,01912	0,01810	0,01815	0,01795	0,01740	0,01737	0,01701	0,01765	0,01687	0,01731	0,01703
0,01681	0,01742	0,01690	0,01666	0,01720	0,01680	0,01688	0,01719	0,01676	0,01751	0,01743	0,01669	0,01764	0,01745	0,01744	0,01783	0,01772	0,01942	0,02011	0,02055	0,02046	0,02035	0,02097	0,02128	0,02173	0,02243	0,02445	0,02783	0,03028	0,02993	0,02946	0,02944	0,02989	0,02869	0,02667	0,02563	0,02382	0,02162	0,01986	0,01937	0,01934	0,01800	0,01812	0,01709	0,01743	0,01747	0,01756	0,01756	0,01733	0,01730	0,01737
0,01707	0,01681	0,01708	0,01727	0,01728	0,01692	0,01726	0,01704	0,01682	0,01729	0,01740	0,01769	0,01767	0,01794	0,01784	0,01758	0,01818	0,01990	0,02009	0,02100	0,02021	0,02023	0,02057	0,02203	0,02258	0,02334	0,02737	0,03152	0,03244	0,03123	0,02955	0,02853	0,02794	0,02693	0,02602	0,02430	0,02270	0,02067	0,01990	0,01943	0,01915	0,01860	0,01807	0,01779	0,01761	0,01738	0,01687	0,01783	0,01752	0,01742	0,01715
0,01672	0,01737	0,01701	0,01649	0,01741	0,01686	0,01773	0,01781	0,01744	0,01686	0,01763	0,01778	0,01781	0,01758	0,01784	0,01826	0,01892	0,01967	0,02088	0,02067	0,02081	0,02054	0,02137	0,02229	0,02314	0,02451	0,02735	0,03101	0,03220	0,02951	0,02713	0,02540	0,02665	0,02530	0,02537	0,02328	0,02245	0,02034	0,02005	0,01870	0,01853	0,01827	0,01794	0,01792	0,01736	0,01701	0,01737	0,01786	0,01780	0,01676	0,01728
0,01677	0,01706	0,01678	0,01659	0,01674	0,01735	0,01736	0,01705	0,01747	0,01765	0,01754	0,01781	0,01722	0,01754	0,01775	0,01837	0,01918	0,02048	0,02031	0,02046	0,02049	0,02068	0,02167	0,02159	0,02153	0,02349	0,02535	0,02839	0,02822	0,02620	0,02479	0,02358	0,02385	0,02416	0,02480	0,02305	0,02266	0,02087	0,01903	0,01862	0,01843	0,01755	0,01804	0,01777	0,01785	0,01760	0,01729	0,01822	0,01773	0,01752	0,01664
0,01698	0,01749	0,01671	0,01694	0,01735	0,01722	0,01756	0,01775	0,01720	0,01696	0,01767	0,01796	0,01808	0,01817	0,01831	0,01800	0,01921	0,02074	0,02106	0,02053	0,02053	0,02133	0,02177	0,02145	0,02101	0,02217	0,02306	0,02496	0,02479	0,02462	0,02326	0,02222	0,02228	0,02229	0,02307	0,02344	0,02155	0,02002	0,01947	0,01904	0,01790	0,01775	0,01803	0,01712	0,01765	0,01776	0,01755	0,01831	0,01778	0,01743	0,01657
0,01747	0,01682	0,01693	0,01664	0,01677	0,01717	0,01696	0,01784	0,01773	0,01734	0,01794	0,01794	0,01831	0,01766	0,01792	0,01809	0,02008	0,02129	0,02109	0,02021	0,02106	0,02091	0,02130	0,02189	0,02184	0,02154	0,02197	0,02228	0,02189	0,02248	0,02187	0,02191	0,02165	0,02162	0,02159	0,02168	0,02135	0,02042	0,01914	0,01829	0,01860	0,01801	0,01818	0,01783	0,01796	0,01778	0,01809	0,01755	0,01775	0,01733	0,01743
0,01675	0,01759	0,01746	0,01714	0,01717	0,01726	0,01790	0,01782	0,01791	0,01729	0,01775	0,01797	0,01845	0,01794	0,01857	0,01820	0,01924	0,02116	0,02110	0,02099	0,02123	0,02013	0,02054	0,02170	0,02179	0,02132	0,02096	0,02140	0,02076	0,02109	0,02119	0,02083	0,02086	0,02104	0,02035	0,02099	0,02018	0,01996	0,01860	0,01860	0,01801	0,01836	0,01813	0,01792	0,01737	0,01751	0,01787	0,01693	0,01752	0,01747	0,01667
0,01692	0,01759	0,01675	0,01694	0,01670	0,01720	0,01722	0,01773	0,01706	0,01776	0,01788	0,01801	0,01847	0,01872	0,01879	0,01881	0,01955	0,02043	0,02086	0,02106	0,02143	0,02092	0,02031	0,02113	0,02133	0,02065	0,02096	0,02070	0,02034	0,01992	0,02020	0,02009	0,01980	0,01960	0,01937	0,01898	0,01906	0,01890	0,01807	0,01873	0,01808	0,01828	0,01743	0,01767	0,01730	0,01771	0,01689	0,01707	0,01749	0,01737	0,01725
0,01706	0,01691	0,01726	0,01672	0,01689	0,01725	0,01764	0,01767	0,01706	0,01788	0,01797	0,01717	0,01763	0,01862	0,01933	0,01908	0,01961	0,01986	0,02034	0,02113	0,02152	0,02129	0,02035	0,02073	0,02033	0,02016	0,01956	0,02005	0,01998	0,01953	0,01818	0,01892	0,01917	0,01907	0,01877	0,01885	0,01788	0,01809	0,01742	0,01789	0,01796	0,01785	0,01788	0,01770	0,01707	0,01759	0,01686	0,01719	0,01758	0,01786	0,01788
0,01714	0,01751	0,01720	0,01672	0,01702	0,01670	0,01734	0,01775	0,01749	0,01808	0,01724	0,01721	0,01791	0,01865	0,01910	0,01978	0,01965	0,02004	0,02005	0,02066	0,02073	0,02159	0,02046	0,01982	0,01999	0,02026	0,01941	0,01937	0,01931	0,01869	0,01851	0,01842	0,01844	0,01823	0,01833	0,01817	0,01813	0,01709	0,01780	0,01792	0,01788	0,01796	0,01777	0,01702	0,01720	0,01740	0,01735	0,01771	0,01713	0,01783	0,01826
0,01707	0,01715	0,01716	0,01745	0,01753	0,01750	0,01716	0,01779	0,01777	0,01826	0,01755	0,01774	0,01732	0,01845	0,01967	0,01928	0,01976	0,01959	0,02001	0,02043	0,02097	0,02154	0,02054	0,01946	0,02007	0,02014	0,01858	0,01848	0,01888	0,01858	0,01796	0,01718	0,01813	0,01808	0,01781	0,01732	0,01729	0,01771	0,01747	0,01674	0,01688	0,01764	0,01753	0,01696	0,01774	0,01706	0,01769	0,01776	0,01733	0,01809	0,01789
0,01701	0,01667	0,01691	0,01698	0,01740	0,01692	0,01762	0,01687	0,01787	0,01788	0,01786	0,01681	0,01684	0,01802	0,01865	0,01963	0,01989	0,01956	0,01980	0,01987	0,02058	0,02042	0,02135	0,02041	0,01958	0,01951	0,01963	0,01762	0,01794	0,01721	0,01793	0,01710	0,01717	0,01770	0,01747	0,01802	0,01782	0,01728	0,01699	0,01761	0,01684	0,01736	0,01728	0,01760	0,01768	0,01793	0,01706	0,01731	0,01721	0,01767	0,01739
0,01667	0,01673	0,01717	0,01679	0,01679	0,01709	0,01725	0,01749	0,01691	0,01813	0,01795	0,01750	0,01760	0,01784	0,01850	0,01962	0,01982	0,01914	0,01891	0,02001	0,02044	0,02037	0,02119	0,02103	0,01979	0,01914	0,01909	0,01902	0,01832	0,01713	0,01695	0,01725	0,01769	0,01788	0,01780	0,01729	0,01816	0,01790	0,01770	0,01756	0,01763	0,01760	0,01753	0,01707	0,01776	0,01776	0,01793	0,01737	0,01796	0,01768	0,01755
0,01706	0,01676	0,01721	0,01705	0,01684	0,01771	0,01755	0,01723	0,01753	0,01733	0,01779	0,01762	0,01730	0,01730	0,01763	0,01833	0,01863	0,01938	0,01965	0,01999	0,01994	0,01980	0,01991	0,02100	0,02024	0,01912	0,01852	0,01881	0,01818	0,01831	0,01780	0,01758	0,01692	0,01779	0,01798	0,01809	0,01844	0,01857	0,01799	0,01775	0,01809	0,01775	0,01758	0,01791	0,01799	0,01782	0,01727	0,01739	0,01705	0,01765	0,01708
0,01729	0,01661	0,01662	0,01665	0,01692	0,01719	0,01701	0,01758	0,01751	0,01730	0,01805	0,01741	0,01680	0,01742	0,01708	0,01820	0,01857	0,01837	0,01912	0,01932	0,01984	0,01867	0,01918	0,02031	0,02047	0,01920	0,01761	0,01863	0,01890	0,01863	0,01853	0,01720	0,01750	0,01760	0,01756	0,01798	0,01810	0,01796	0,01857	0,01839	0,01843	0,01740	0,01778	0,01713	0,01725	0,01745	0,01767	0,01764	0,01739	0,01675	0,01742
0,01748	0,01712	0,01660	0,01679	0,01737	0,01751	0,01761	0,01744	0,01748	0,01729	0,01698	0,01754	0,01777	0,01762	0,01756	0,01806	0,01823	0,01807	0,01828	0,01874	0,01933	0,01900	0,01859	0,01890	0,01924	0,01891	0,01786	0,01826	0,01889	0,01915	0,01870	0,01833	0,01791	0,01741	0,01703	0,01719	0,01807	0,01874	0,01848	0,01818	0,01789	0,01835	0,01815	0,01743	0,01706	0,01697	0,01753	0,01750	0,01726	0,01736	0,01665
0,01750	0,01674	0,01704	0,01653	0,01730	0,01668	0,01681	0,01758	0,01747	0,01677	0,01750	0,01707	0,01748	0,01761	0,01700	0,01731	0,01781	0,01771	0,01815	0,01811	0,01810	0,01848	0,01786	0,01816	0,01875	0,01907	0,01761	0,01795	0,01880	0,01860	0,01887	0,01854	0,01790	0,01776	0,01738	0,01768	0,01735	0,01763	0,01872	0,01806	0,01799	0,01849	0,01795	0,01722	0,01780	0,01771	0,01748	0,01742	0,01737	0,01725	0,01719
0,01737	0,01668	0,01661	0,01680	0,01680	0,01680	0,01711	0,01692	0,01747	0,01763	0,01774	0,01750	0,01742	0,01731	0,01748	0,01714	0,01698	0,01797	0,01737	0,01844	0,01769	0,01794	0,01760	0,01823	0,01763	0,01766	0,01745	0,01723	0,01790	0,01926	0,01894	0,01872	0,01773	0,01709	0,01773	0,01762	0,01745	0,01811	0,01787	0,01867	0,01849	0,01776	0,01824	0,01790	0,01709	0,01712	0,01750	0,01678	0,01716	0,01737	0,01667
0,01666	0,01717	0,01667	0,01679	0,01691	0,01750	0,01686	0,01691	0,01744	0,01739	0,01772	0,01757	0,01738	0,01764	0,01769	0,01776	0,01759	0,01707	0,01751	0,01724	0,01736	0,01776	0,01758	0,01824	0,01837	0,01831	0,01791	0,01808	0,01733	0,01808	0,01889	0,01851	0,01747	0,01731	0,01764	0,01761	0,01748	0,01790	0,01748	0,01838	0,01858	0,01858	0,01842	0,01794	0,01752	0,01752	0,01741	0,01743	0,01707	0,01663	0,01666
0,01660	0,01678	0,01654	0,01652	0,01678	0,01731	0,01679	0,01744	0,01741	0,01733	0,01753	0,01772	0,01732	0,01766	0,01778	0,01781	0,01775	0,01770	0,01679	0,01771	0,01745	0,01770	0,01773	0,01831	0,01834	0,01821	0,01757	0,01807	0,01814	0,01871	0,01833	0,01893	0,01813	0,01829	0,01845	0,01825	0,01831	0,01796	0,01798	0,01803	0,01816	0,01863	0,01853	0,01776	0,01797	0,01743	0,01757	0,01716	0,01668	0,01661	0,01717
0,01670	0,01663	0,01730	0,01709	0,01712	0,01680	0,01741	0,01724	0,01725	0,01761	0,01717	0,01749	0,01737	0,01730	0,01776	0,01720	0,01734	0,01717	0,01730	0,01749	0,01760	0,01766	0,01689	0,01806	0,01775	0,01868	0,01841	0,01807	0,01828	0,01852	0,01805	0,01866	0,01797	0,01778	0,01849	0,01855	0,01749	0,01775	0,01745	0,01764	0,01821	0,01833	0,01803	0,01753	0,01808	0,01781	0,01684	0,01747	0,01738	0,01729	0,01683
0,01668	0,01680	0,01682	0,01743	0,01681	0,01726	0,01673	0,01745	0,01661	0,01742	0,01745	0,01774	0,01745	0,01680	0,01758	0,01776	0,01750	0,01724	0,01749	0,01735	0,01713	0,01762	0,01735	0,01767	0,01868	0,01897	0,01848	0,01826	0,01846	0,01776	0,01850	0,01811	0,01831	0,01835	0,01838	0,01816	0,01776	0,01762	0,01718	0,01702	0,01797	0,01764	0,01832	0,01837	0,01784	0,01773	0,01734	0,01716	0,01741	0,01730	0,01747
0,01660	0,01644	0,01708	0,01732	0,01695	0,01689	0,01750	0,01673	0,01677	0,01750	0,01727	0,01776	0,01695	0,01754	0,01750	0,01759	0,01749	0,01744	0,01781	0,01749	0,01738	0,01759	0,01666	0,01746	0,01827	0,01874	0,01918	0,01869	0,01758	0,01749	0,01833	0,01849	0,01872	0,01819	0,01801	0,01842	0,01796	0,01766	0,01705	0,01745	0,01782	0,01812	0,01842	0,01805	0,01776	0,01769	0,01747	0,01749	0,01739	0,01734	0,01696
0,01660	0,01679	0,01669	0,01737	0,01669	0,01719	0,01703	0,01673	0,01735	0,01682	0,01745	0,01737	0,01687	0,01737	0,01713	0,01755	0,01697	0,01757	0,01773	0,01747	0,01720	0,01750	0,01678	0,01691	0,01783	0,01889	0,01932	0,01886	0,01753	0,01796	0,01760	0,01795	0,01834	0,01879	0,01902	0,01874	0,01812	0,01717	0,01735	0,01749	0,01766	0,01738	0,01793	0,01789	0,01697	0,01748	0,01723	0,01759	0,01751	0,01715	0,01717
0,01667	0,01687	0,01668	0,01656	0,01738	0,01696	0,01726	0,01708	0,01663	0,01746	0,01768	0,01742	0,01741	0,01741	0,01764	0,01732	0,01708	0,01700	0,01726	0,01783	0,01780	0,01734	0,01761	0,01725	0,01671	0,01784	0,01877	0,01955	0,01886	0,01794	0,01689	0,01785	0,01733	0,01846	0,01862	0,01864	0,01839	0,01801	0,01782	0,01756	0,01678	0,01750	0,01743	0,01753	0,01779	0,01769	0,01751	0,01810	0,01795	0,01780	0,01702
