12,50000	13,00000	13,50000	14,00000	14,50000	15,00000	15,50000	16,00000	16,50000	17,00000	17,50000	18,00000	18,50000	19,00000	19,50000	20,00000	20,50000	21,00000	21,50000	22,00000	22,50000	23,00000	23,50000	24,00000	24,50000	25,00000	25,50000	26,00000	26,50000	27,00000	27,50000	28,00000	28,50000	29,00000	29,50000	30,00000	30,50000	31,00000	31,50000	32,00000	32,50000	33,00000	33,50000	34,00000	34,50000	35,00000	35,50000	36,00000	36,50000	37,00000	37,50000
12,50000	13,00000	13,50000	14,00000	14,50000	15,00000	15,50000	16,00000	16,50000	17,00000	17,50000	18,00000	18,50000	19,00000	19,50000	20,00000	20,50000	21,00000	21,50000	22,00000	22,50000	23,00000	23,50000	24,00000	24,50000	25,00000	25,50000	26,00000	26,50000	27,00000	27,50000	28,00000	28,50000	29,00000	29,50000	30,00000	30,50000	31,00000	31,50000	32,00000	32,50000	33,00000	33,50000	34,00000	34,50000	35,00000	35,50000	36,00000	36,50000	37,00000	37,50000
0,01718	0,01732	0,01789	0,01761	0,01793	0,01719	0,01825	0,01845	0,01982	0,02074	0,01941	0,01839	0,01766	0,01746	0,01740	0,01767	0,01771	0,01800	0,01698	0,01831	0,01823	0,01792	0,01842	0,01718	0,01848	0,02026	0,01936	0,01842	0,01752	0,01793	0,01887	0,01960	0,01842	0,01717	0,01723	0,01904	0,01909	0,01862	0,01766	0,01742	0,01739	0,01780	0,01765	0,01773	0,01707	0,01726	0,01766	0,01824	0,01835	0,01707	0,01772
0,01763	0,01799	0,01745	0,01829	0,01701	0,01748	0,01855	0,01890	0,01998	0,01901	0,01836	0,01785	0,01877	0,01846	0,01804	0,01801	0,01837	0,01723	0,01748	0,01731	0,01806	0,01819	0,01758	0,01722	0,01794	0,01875	0,01915	0,01882	0,01780	0,01954	0,02114	0,02064	0,01837	0,01823	0,01925	0,02055	0,02010	0,01907	0,01762	0,01703	0,01725	0,01757	0,01681	0,01746	0,01684	0,01753	0,01753	0,01766	0,01745	0,01686	0,01770
0,01729	0,01758	0,01718	0,01747	0,01691	0,01860	0,01834	0,01859	0,01834	0,01862	0,01837	0,01911	0,01985	0,01988	0,01928	0,01781	0,01744	0,01739	0,01749	0,01765	0,01785	0,01872	0,01724	0,01704	0,01840	0,01904	0,01950	0,01768	0,01909	0,02213	0,02318	0,02109	0,01910	0,01910	0,02044	0,02043	0,02013	0,02010	0,01839	0,01799	0,01707	0,01690	0,01722	0,01680	0,01739	0,01795	0,01806	0,01793	0,01740	0,01821	0,01926
0,01791	0,01736	0,01753	0,01746	0,01750	0,01903	0,01866	0,01825	0,01749	0,01793	0,01834	0,02037	0,02175	0,02088	0,01930	0,01715	0,01742	0,01856	0,01758	0,01747	0,01808	0,01919	0,01775	0,01789	0,01898	0,02023	0,01794	0,01807	0,02136	0,02315	0,02230	0,02061	0,01970	0,02019	0,02056	0,02010	0,01985	0,01868	0,01846	0,01720	0,01762	0,01766	0,01684	0,01676	0,01695	0,01748	0,01824	0,01758	0,01761	0,01810	0,01991
0,01745	0,01710	0,01789	0,01785	0,01821	0,01876	0,01805	0,01716	0,01784	0,01807	0,01907	0,02149	0,02273	0,02159	0,01857	0,01732	0,01860	0,01976	0,01754	0,01681	0,01850	0,01951	0,01811	0,01874	0,02004	0,01969	0,01798	0,02017	0,02175	0,02261	0,02117	0,02041	0,01970	0,02028	0,02062	0,02026	0,01903	0,01818	0,01776	0,01752	0,01685	0,01675	0,01683	0,01654	0,01739	0,01830	0,01852	0,01824	0,01829	0,01805	0,01943
0,01801	0,01740	0,01709	0,01731	0,01837	0,01917	0,01814	0,01726	0,01752	0,01809	0,01915	0,02157	0,02257	0,01900	0,01784	0,01841	0,02044	0,02104	0,01893	0,01732	0,01892	0,01981	0,01857	0,01989	0,01999	0,01938	0,01870	0,02122	0,02151	0,02140	0,02172	0,02016	0,02010	0,02060	0,02243	0,02060	0,02003	0,01797	0,01700	0,01715	0,01669	0,01731	0,01750	0,01684	0,01667	0,01755	0,01865	0,01908	0,01838	0,01782	0,01822
0,01756	0,01728	0,01717	0,01716	0,01837	0,01863	0,01743	0,01742	0,01733	0,01843	0,01891	0,02088	0,02071	0,01748	0,01726	0,01939	0,02185	0,02201	0,01917	0,01819	0,01978	0,01990	0,01831	0,02057	0,02104	0,02047	0,02105	0,02055	0,02045	0,02179	0,02065	0,01979	0,02034	0,02293	0,02288	0,02197	0,02005	0,01817	0,01705	0,01727	0,01683	0,01677	0,01715	0,01731	0,01754	0,01780	0,01867	0,01954	0,01926	0,01833	0,01761
0,01714	0,01810	0,01731	0,01783	0,01848	0,01761	0,01750	0,01728	0,01806	0,01797	0,01918	0,01965	0,01792	0,01765	0,01768	0,02010	0,02187	0,02255	0,02001	0,01906	0,01999	0,01833	0,01814	0,02095	0,02374	0,02286	0,02243	0,02055	0,02022	0,02067	0,01945	0,02073	0,02383	0,02605	0,02362	0,02119	0,01882	0,01790	0,01737	0,01754	0,01668	0,01683	0,01693	0,01725	0,01751	0,01780	0,01769	0,01851	0,01818	0,01806	0,01707
0,01783	0,01798	0,01787	0,01782	0,01814	0,01782	0,01674	0,01779	0,01824	0,01755	0,01783	0,01803	0,01705	0,01729	0,01815	0,01962	0,02127	0,02143	0,01873	0,01875	0,02004	0,01850	0,01985	0,02539	0,02633	0,02596	0,02346	0,02001	0,01940	0,01937	0,02180	0,02719	0,02864	0,02688	0,02225	0,01939	0,01840	0,01790	0,01796	0,01794	0,01761	0,01730	0,01750	0,01728	0,01779	0,01744	0,01719	0,01773	0,01759	0,01773	0,01768
0,01765	0,01750	0,01847	0,01791	0,01827	0,01731	0,01684	0,01796	0,01821	0,01788	0,01779	0,01810	0,01821	0,01886	0,01935	0,01942	0,02106	0,01944	0,01843	0,02021	0,02017	0,01822	0,02301	0,02907	0,02875	0,02564	0,02237	0,01993	0,01976	0,02292	0,03012	0,03698	0,03417	0,02556	0,01973	0,01869	0,01901	0,01899	0,01881	0,01872	0,01759	0,01760	0,01721	0,01769	0,01713	0,01758	0,01761	0,01720	0,01722	0,01780	0,01787
0,01768	0,01880	0,01908	0,01831	0,01756	0,01664	0,01689	0,01792	0,01855	0,01847	0,01729	0,01843	0,01998	0,02137	0,02074	0,01988	0,01980	0,01908	0,01951	0,02010	0,01937	0,02016	0,02617	0,03048	0,02774	0,02436	0,02128	0,02315	0,02693	0,03191	0,03748	0,04157	0,03427	0,02474	0,02177	0,02097	0,02153	0,02101	0,01954	0,01845	0,01819	0,01758	0,01731	0,01746	0,01791	0,01745	0,01715	0,01704	0,01756	0,01763	0,01805
0,01750	0,01851	0,01855	0,01741	0,01756	0,01765	0,01803	0,01921	0,01917	0,01794	0,01746	0,01971	0,02226	0,02334	0,02176	0,02026	0,02079	0,02108	0,02010	0,02068	0,02067	0,02333	0,02930	0,03022	0,02595	0,02333	0,02369	0,02935	0,03554	0,03830	0,04447	0,04213	0,03343	0,02697	0,02508	0,02452	0,02257	0,02136	0,01981	0,01945	0,01832	0,01771	0,01783	0,01737	0,01787	0,01749	0,01798	0,01773	0,01751	0,01767	0,01810
0,01784	0,01879	0,01794	0,01742	0,01719	0,01744	0,01802	0,01954	0,01903	0,01741	0,01746	0,02047	0,02382	0,02450	0,02175	0,02150	0,02356	0,02228	0,02122	0,02100	0,02180	0,02670	0,03071	0,02949	0,02586	0,02846	0,03499	0,04305	0,04560	0,04485	0,04633	0,04417	0,03729	0,03238	0,03070	0,02727	0,02422	0,02193	0,02083	0,01963	0,01916	0,01756	0,01709	0,01744	0,01789	0,01792	0,01797	0,01728	0,01756	0,01771	0,01804
0,01868	0,01897	0,01813	0,01758	0,01780	0,01839	0,01945	0,01980	0,01910	0,01697	0,01833	0,02116	0,02339	0,02326	0,02222	0,02272	0,02469	0,02494	0,02219	0,02277	0,02589	0,03000	0,03369	0,03061	0,03235	0,03969	0,05309	0,05737	0,05327	0,05314	0,05653	0,05188	0,04534	0,03927	0,03685	0,03176	0,02757	0,02572	0,02344	0,02211	0,01975	0,01821	0,01740	0,01781	0,01741	0,01725	0,01738	0,01823	0,01706	0,01754	0,01774
0,01916	0,01838	0,01727	0,01777	0,01779	0,01966	0,02035	0,01996	0,01870	0,01780	0,01873	0,02056	0,02238	0,02183	0,02155	0,02238	0,02617	0,02497	0,02320	0,02629	0,03018	0,03331	0,03617	0,03547	0,04786	0,06004	0,06785	0,06490	0,06611	0,06671	0,06796	0,06250	0,05283	0,04745	0,04416	0,03824	0,03265	0,02915	0,02601	0,02457	0,02294	0,01967	0,01840	0,01712	0,01755	0,01825	0,01766	0,01783	0,01778	0,01726	0,01826
0,01864	0,01786	0,01785	0,01777	0,01823	0,01939	0,02093	0,01990	0,01873	0,01834	0,01996	0,02037	0,02160	0,02051	0,02014	0,02298	0,02608	0,02458	0,02509	0,03024	0,03482	0,03868	0,04061	0,04696	0,07355	0,08829	0,07930	0,07828	0,08297	0,09414	0,08414	0,07930	0,07111	0,06417	0,05526	0,04547	0,03916	0,03245	0,02935	0,02671	0,02563	0,02240	0,01853	0,01750	0,01748	0,01756	0,01814	0,01804	0,01723	0,01752	0,01887
0,01808	0,01805	0,01853	0,01774	0,01876	0,02011	0,02058	0,02028	0,01915	0,01980	0,01993	0,02011	0,02078	0,02054	0,02154	0,02422	0,02542	0,02311	0,02638	0,03403	0,03738	0,04319	0,05067	0,06874	0,09850	0,10033	0,08854	0,09778	0,12301	0,11545	0,11024	0,10897	0,09173	0,08327	0,06611	0,05879	0,04801	0,03950	0,03385	0,03068	0,02931	0,02552	0,02112	0,01823	0,01733	0,01789	0,01812	0,01816	0,01764	0,01775	0,01771
0,01793	0,01852	0,01919	0,01880	0,01851	0,02008	0,02080	0,02068	0,02048	0,02033	0,02060	0,01973	0,02108	0,02106	0,02353	0,02537	0,02411	0,02269	0,02960	0,03596	0,03861	0,04772	0,06242	0,09366	0,11932	0,10479	0,10309	0,14243	0,16924	0,16189	0,14979	0,14168	0,12514	0,10005	0,08566	0,06791	0,05643	0,04532	0,03759	0,03285	0,03162	0,02757	0,02267	0,01829	0,01724	0,01824	0,01791	0,01833	0,01779	0,01815	0,01810
0,01847	0,01899	0,01978	0,01995	0,01979	0,02069	0,02088	0,02194	0,02316	0,02102	0,02022	0,01985	0,02113	0,02341	0,02617	0,02606	0,02204	0,02390	0,03325	0,03801	0,03786	0,05053	0,07020	0,10539	0,12081	0,10112	0,12328	0,19621	0,23382	0,20884	0,18623	0,18708	0,16984	0,13161	0,10848	0,08218	0,06686	0,05010	0,03960	0,03508	0,03323	0,02862	0,02356	0,01910	0,01798	0,01796	0,01914	0,01888	0,01863	0,01863	0,01877
0,01805	0,01974	0,02053	0,02008	0,02002	0,02023	0,02139	0,02421	0,02459	0,02212	0,01959	0,02068	0,02196	0,02388	0,02789	0,02532	0,02162	0,02533	0,03474	0,03760	0,03734	0,05167	0,07150	0,09850	0,10509	0,09174	0,14878	0,24129	0,25597	0,22845	0,21713	0,22029	0,21566	0,17651	0,13188	0,09378	0,07188	0,05436	0,04278	0,03577	0,03340	0,02938	0,02528	0,01964	0,01864	0,01885	0,01968	0,01894	0,01933	0,01901	0,01909
0,01790	0,01901	0,01973	0,02084	0,02099	0,02075	0,02247	0,02525	0,02613	0,02169	0,01949	0,02127	0,02332	0,02454	0,02709	0,02464	0,02145	0,02530	0,03557	0,03815	0,03469	0,04678	0,05971	0,08124	0,07335	0,08085	0,14950	0,23457	0,22746	0,21069	0,23950	0,26927	0,24159	0,19987	0,14815	0,10675	0,07891	0,05753	0,04318	0,03741	0,03554	0,03112	0,02579	0,02141	0,01967	0,01901	0,02011	0,01966	0,01992	0,01931	0,01892
0,01894	0,01841	0,01969	0,02193	0,02156	0,02195	0,02307	0,02630	0,02690	0,02082	0,01924	0,02397	0,02516	0,02492	0,02458	0,02283	0,02222	0,02575	0,03632	0,03755	0,03317	0,03776	0,04803	0,05801	0,04853	0,06134	0,11647	0,16062	0,14599	0,16977	0,24441	0,29869	0,27328	0,21945	0,16276	0,11416	0,08371	0,05731	0,04599	0,03900	0,03669	0,03306	0,02777	0,02333	0,02124	0,02079	0,02065	0,02008	0,02079	0,02022	0,01950
0,01947	0,01842	0,01944	0,02204	0,02268	0,02241	0,02282	0,02560	0,02599	0,02135	0,01884	0,02438	0,02691	0,02571	0,02325	0,02284	0,02472	0,02944	0,03718	0,03922	0,03312	0,03416	0,03803	0,03922	0,03629	0,04120	0,06812	0,09062	0,07911	0,14700	0,24897	0,30805	0,28162	0,22086	0,16347	0,11730	0,08726	0,06231	0,04884	0,04253	0,03958	0,03615	0,03102	0,02647	0,02376	0,02238	0,02142	0,02126	0,02154	0,02110	0,01968
0,02000	0,01766	0,01935	0,02167	0,02207	0,02349	0,02416	0,02389	0,02471	0,02164	0,02020	0,02498	0,02796	0,02639	0,02147	0,02382	0,02896	0,03388	0,04267	0,04415	0,03879	0,03883	0,04305	0,03983	0,03532	0,03440	0,03912	0,04138	0,06755	0,15730	0,26481	0,30674	0,27048	0,20861	0,16209	0,11962	0,09090	0,06658	0,05270	0,04593	0,04339	0,03982	0,03528	0,02939	0,02617	0,02449	0,02269	0,02185	0,02211	0,02152	0,01994
0,02013	0,01822	0,01893	0,02120	0,02212	0,02502	0,02536	0,02253	0,02338	0,02323	0,02194	0,02495	0,02771	0,02639	0,02150	0,02461	0,03304	0,03876	0,04824	0,05166	0,04794	0,04974	0,05702	0,05263	0,05090	0,04507	0,04153	0,05635	0,10094	0,19401	0,27805	0,29977	0,25622	0,20099	0,15119	0,11754	0,08973	0,06643	0,05535	0,04937	0,04729	0,04497	0,03881	0,03363	0,02818	0,02557	0,02399	0,02271	0,02142	0,02151	0,01965
0,02063	0,01804	0,01851	0,01993	0,02161	0,02548	0,02631	0,02185	0,02140	0,02353	0,02302	0,02427	0,02723	0,02638	0,02306	0,02537	0,03472	0,04587	0,05597	0,06179	0,06090	0,06722	0,08482	0,07635	0,06964	0,06775	0,07317	0,09274	0,15116	0,22345	0,27819	0,29113	0,24835	0,19547	0,14716	0,10922	0,08205	0,06169	0,05357	0,04888	0,04834	0,04679	0,04225	0,03631	0,03073	0,02790	0,02584	0,02332	0,02274	0,02094	0,01915
0,02001	0,01931	0,01853	0,01965	0,02068	0,02488	0,02725	0,02126	0,02071	0,02416	0,02472	0,02449	0,02548	0,02625	0,02474	0,02709	0,03565	0,04827	0,06117	0,06922	0,07227	0,08302	0,10509	0,09308	0,08370	0,09201	0,10006	0,11815	0,16476	0,22590	0,25677	0,26155	0,23076	0,19014	0,14631	0,10635	0,07639	0,05621	0,04829	0,04507	0,04501	0,04497	0,04233	0,03856	0,03448	0,02964	0,02797	0,02565	0,02331	0,02078	0,01871
0,02008	0,01891	0,01911	0,01942	0,02053	0,02445	0,02582	0,02187	0,01977	0,02387	0,02562	0,02548	0,02635	0,02633	0,02656	0,02951	0,03936	0,05014	0,06129	0,07466	0,08387	0,09294	0,11725	0,10742	0,08802	0,09816	0,10903	0,11816	0,15876	0,20309	0,22857	0,21974	0,20433	0,18554	0,14862	0,11144	0,07964	0,05620	0,04366	0,03881	0,03812	0,04136	0,04241	0,04040	0,03752	0,03346	0,03052	0,02763	0,02413	0,01985	0,01840
0,01951	0,01949	0,01918	0,01908	0,02002	0,02296	0,02432	0,02182	0,02014	0,02265	0,02515	0,02661	0,02740	0,02716	0,02842	0,03522	0,04464	0,05164	0,05903	0,07474	0,08738	0,09759	0,11790	0,11354	0,08790	0,09133	0,10781	0,10995	0,14082	0,18884	0,20455	0,19389	0,17967	0,17195	0,14721	0,11236	0,08146	0,05728	0,04311	0,03567	0,03631	0,04079	0,04323	0,04232	0,03944	0,03552	0,03288	0,02851	0,02445	0,02036	0,01821
0,01988	0,01982	0,01871	0,01858	0,01961	0,02313	0,02329	0,02140	0,02118	0,02266	0,02517	0,02918	0,03076	0,02917	0,02822	0,03789	0,05073	0,05488	0,05630	0,07040	0,08394	0,09348	0,11208	0,11685	0,09200	0,08477	0,09961	0,10398	0,13493	0,18089	0,19238	0,17186	0,16025	0,15524	0,13991	0,10889	0,08089	0,05565	0,04125	0,03538	0,03775	0,04170	0,04430	0,04225	0,03885	0,03705	0,03353	0,02979	0,02424	0,01922	0,01828
0,01905	0,02026	0,01907	0,01872	0,02048	0,02241	0,02202	0,02154	0,02262	0,02360	0,02453	0,02943	0,03470	0,03254	0,02846	0,03787	0,05527	0,05813	0,05282	0,06149	0,07338	0,08351	0,09674	0,10900	0,09342	0,08304	0,09425	0,10065	0,12830	0,17493	0,18429	0,15534	0,13303	0,12832	0,12407	0,10296	0,07598	0,05516	0,03970	0,03501	0,03725	0,04110	0,04099	0,03807	0,03592	0,03453	0,03225	0,02705	0,02189	0,01884	0,01845
0,01901	0,01954	0,01926	0,01813	0,01983	0,02240	0,02216	0,02146	0,02408	0,02496	0,02384	0,02938	0,03765	0,03740	0,03158	0,03679	0,05387	0,06239	0,05567	0,05219	0,06307	0,06855	0,08044	0,09807	0,09290	0,08460	0,09472	0,09924	0,11866	0,15207	0,16801	0,13831	0,10124	0,09765	0,08994	0,08862	0,06961	0,04950	0,03654	0,03300	0,03587	0,03524	0,03239	0,02879	0,02841	0,02916	0,02721	0,02469	0,02123	0,02049	0,02016
0,01926	0,01905	0,01922	0,01824	0,02015	0,02200	0,02215	0,02235	0,02552	0,02623	0,02432	0,02728	0,03872	0,04475	0,03686	0,03695	0,05147	0,06069	0,05632	0,05088	0,05409	0,05868	0,06200	0,07967	0,08181	0,08311	0,09357	0,09994	0,09957	0,13011	0,13789	0,11888	0,07999	0,05809	0,06564	0,06447	0,06085	0,04574	0,03420	0,03049	0,02886	0,02893	0,02609	0,02335	0,02248	0,02398	0,02298	0,02141	0,02099	0,02333	0,02442
0,01909	0,01840	0,01883	0,01930	0,02007	0,02086	0,02116	0,02323	0,02787	0,02931	0,02409	0,02393	0,03689	0,04826	0,04458	0,03883	0,04686	0,05725	0,05695	0,05375	0,05283	0,05387	0,05313	0,05912	0,06714	0,07180	0,08746	0,09518	0,08687	0,09160	0,10303	0,09908	0,06986	0,04615	0,04503	0,05002	0,04956	0,04222	0,03436	0,02804	0,02623	0,02377	0,02044	0,01886	0,01957	0,02138	0,02038	0,01994	0,02394	0,02776	0,02670
0,01925	0,01819	0,01837	0,01940	0,02029	0,02112	0,02016	0,02358	0,02991	0,03079	0,02502	0,02185	0,03083	0,04845	0,05115	0,04329	0,04439	0,05072	0,05390	0,05525	0,05322	0,05420	0,05435	0,05393	0,05585	0,05921	0,07094	0,08421	0,07447	0,06355	0,07169	0,07860	0,06323	0,04436	0,03651	0,03940	0,03982	0,03704	0,03269	0,02759	0,02601	0,02268	0,02112	0,01907	0,02020	0,01949	0,01939	0,02145	0,02595	0,02877	0,02657
0,01901	0,01831	0,01791	0,01925	0,02119	0,02088	0,02041	0,02280	0,03013	0,03217	0,02659	0,02155	0,02672	0,04229	0,05292	0,04620	0,04336	0,04563	0,04999	0,05206	0,05231	0,05485	0,05848	0,05850	0,05384	0,04740	0,05304	0,06579	0,06170	0,04673	0,04675	0,05698	0,05571	0,04576	0,03587	0,03227	0,03235	0,02855	0,02706	0,02538	0,02336	0,02202	0,02027	0,01975	0,01949	0,01929	0,01964	0,02352	0,02748	0,02852	0,02509
0,01920	0,01800	0,01744	0,01882	0,02091	0,02162	0,02098	0,02202	0,02954	0,03266	0,02767	0,02266	0,02271	0,03448	0,04800	0,04749	0,04220	0,04099	0,04593	0,04897	0,04767	0,05166	0,05914	0,06427	0,05927	0,04400	0,04135	0,04949	0,05079	0,03915	0,02964	0,03756	0,04101	0,04649	0,04205	0,03939	0,03170	0,02903	0,02419	0,02155	0,02047	0,01875	0,01819	0,01821	0,01927	0,01884	0,02144	0,02564	0,02767	0,02606	0,02275
0,01923	0,01865	0,01763	0,01852	0,01982	0,02242	0,02159	0,02208	0,02681	0,03041	0,02866	0,02384	0,02143	0,03006	0,03889	0,04313	0,04045	0,03909	0,04153	0,04445	0,04102	0,04385	0,05541	0,06545	0,06165	0,04505	0,03253	0,03506	0,04377	0,03967	0,02682	0,02256	0,02799	0,04184	0,04757	0,04829	0,04550	0,03773	0,02974	0,02615	0,02308	0,02039	0,01816	0,01863	0,01965	0,02144	0,02432	0,02720	0,02672	0,02349	0,02132
0,01875	0,01824	0,01770	0,01819	0,01909	0,02147	0,02278	0,02280	0,02587	0,02726	0,02720	0,02486	0,02276	0,02409	0,03099	0,03539	0,03801	0,03618	0,03838	0,04106	0,03771	0,03499	0,04446	0,05776	0,06128	0,04593	0,03118	0,02785	0,03549	0,04223	0,03519	0,02318	0,02100	0,02638	0,04128	0,04919	0,05260	0,04981	0,04489	0,03746	0,03243	0,02689	0,02333	0,02265	0,02323	0,02392	0,02544	0,02626	0,02352	0,01988	0,01966
0,01804	0,01843	0,01789	0,01760	0,01808	0,02058	0,02341	0,02410	0,02424	0,02449	0,02445	0,02527	0,02405	0,02294	0,02444	0,02860	0,03284	0,03397	0,03515	0,03748	0,03567	0,03041	0,03400	0,04771	0,05461	0,04374	0,03259	0,02604	0,03070	0,04206	0,04387	0,03577	0,02504	0,02253	0,02689	0,03909	0,04242	0,04865	0,04810	0,04483	0,04020	0,03609	0,03114	0,02772	0,02656	0,02564	0,02514	0,02250	0,01950	0,01846	0,01981
0,01872	0,01820	0,01766	0,01748	0,01848	0,01947	0,02212	0,02339	0,02383	0,02206	0,02267	0,02490	0,02587	0,02418	0,02233	0,02245	0,02663	0,02984	0,03263	0,03390	0,03371	0,02969	0,02876	0,03881	0,04438	0,03853	0,03197	0,02915	0,03075	0,03638	0,04406	0,04139	0,03319	0,02645	0,02482	0,02801	0,03305	0,03619	0,04261	0,04345	0,04288	0,03964	0,03565	0,03198	0,02885	0,02497	0,02286	0,02082	0,01840	0,01713	0,01972
0,01807	0,01730	0,01803	0,01793	0,01837	0,01904	0,02040	0,02210	0,02251	0,02178	0,02188	0,02417	0,02501	0,02532	0,02274	0,02097	0,02097	0,02558	0,02993	0,03033	0,02989	0,02988	0,02828	0,03182	0,03555	0,03274	0,02858	0,03053	0,03487	0,03706	0,03887	0,03867	0,03420	0,02983	0,03017	0,03125	0,03233	0,03224	0,03294	0,03698	0,03641	0,03616	0,03482	0,03134	0,02742	0,02412	0,02138	0,01950	0,01730	0,01680	0,01908
0,01862	0,01750	0,01795	0,01845	0,01811	0,01920	0,01997	0,02037	0,02026	0,01988	0,02068	0,02324	0,02344	0,02370	0,02328	0,02047	0,01986	0,02056	0,02329	0,02564	0,02461	0,02768	0,02952	0,02882	0,03065	0,02982	0,02539	0,02728	0,03648	0,04153	0,03905	0,03540	0,02916	0,02844	0,03103	0,03621	0,03729	0,03540	0,03308	0,03272	0,03329	0,03338	0,03250	0,02874	0,02513	0,02224	0,01969	0,01903	0,01829	0,01770	0,01878
0,01859	0,01722	0,01715	0,01800	0,01876	0,01850	0,01891	0,01924	0,01979	0,01924	0,02030	0,02260	0,02185	0,02184	0,02196	0,02113	0,01948	0,01842	0,02043	0,02303	0,02209	0,02360	0,02779	0,02913	0,02943	0,02968	0,02662	0,02461	0,03228	0,04376	0,04630	0,03784	0,02879	0,02473	0,02934	0,03546	0,03884	0,03753	0,03466	0,03231	0,03350	0,03378	0,03283	0,02914	0,02484	0,02157	0,02048	0,01960	0,01921	0,01860	0,01860
0,01828	0,01725	0,01763	0,01813	0,01852	0,01854	0,01928	0,01873	0,01893	0,01964	0,02029	0,02138	0,02096	0,02003	0,02093	0,02132	0,01990	0,01756	0,01793	0,02038	0,02086	0,02200	0,02605	0,02993	0,03051	0,03002	0,02907	0,02583	0,02910	0,03902	0,04551	0,04209	0,03191	0,02394	0,02429	0,02918	0,03370	0,03439	0,03306	0,03361	0,03566	0,03757	0,03759	0,03383	0,02853	0,02353	0,02120	0,02090	0,02024	0,01956	0,01812
0,01741	0,01783	0,01746	0,01796	0,01866	0,01829	0,01892	0,01916	0,01915	0,01915	0,02129	0,02132	0,02091	0,01961	0,01891	0,02137	0,02174	0,01933	0,01794	0,01993	0,02008	0,02036	0,02419	0,03050	0,03259	0,03183	0,03084	0,03024	0,03091	0,03368	0,04150	0,04262	0,03722	0,02833	0,02497	0,02446	0,02526	0,02715	0,02963	0,03102	0,03729	0,04185	0,04360	0,03946	0,03197	0,02659	0,02295	0,02181	0,02208	0,02079	0,01953
0,01790	0,01770	0,01790	0,01800	0,01797	0,01810	0,01770	0,01875	0,01970	0,01992	0,02154	0,02219	0,02086	0,01927	0,01837	0,02059	0,02411	0,02264	0,01819	0,01862	0,02034	0,01956	0,02110	0,02874	0,03540	0,03509	0,03147	0,03086	0,03164	0,03547	0,03837	0,03872	0,03665	0,03265	0,02854	0,02611	0,02404	0,02152	0,02234	0,02627	0,03145	0,04003	0,04242	0,03898	0,03171	0,02647	0,02296	0,02339	0,02366	0,02241	0,01902
0,01782	0,01800	0,01818	0,01754	0,01739	0,01707	0,01772	0,01898	0,01932	0,02099	0,02327	0,02358	0,02164	0,01936	0,01872	0,01982	0,02399	0,02459	0,02210	0,01894	0,02145	0,02152	0,01932	0,02201	0,03333	0,03909	0,03728	0,03019	0,02824	0,03070	0,03786	0,03933	0,03921	0,03643	0,03298	0,02958	0,02704	0,02478	0,02347	0,02391	0,02634	0,03003	0,03372	0,03078	0,02548	0,02271	0,02134	0,02290	0,02426	0,02431	0,02246
0,01760	0,01764	0,01732	0,01727	0,01737	0,01779	0,01719	0,01847	0,01977	0,02188	0,02443	0,02536	0,02289	0,02050	0,01905	0,01968	0,02271	0,02384	0,02227	0,01992	0,02091	0,02353	0,02033	0,01946	0,02591	0,03921	0,04356	0,03763	0,02960	0,02383	0,02713	0,03493	0,04097	0,04268	0,03942	0,03187	0,02730	0,02539	0,02339	0,02191	0,02066	0,02170	0,02359	0,02432	0,02007	0,01877	0,02091	0,02484	0,02745	0,02727	0,02396
0,01760	0,01841	0,01798	0,01797	0,01712	0,01773	0,01772	0,01853	0,02019	0,02243	0,02471	0,02646	0,02493	0,02177	0,01973	0,02026	0,02177	0,02237	0,02238	0,02117	0,02121	0,02330	0,02593	0,02079	0,02028	0,03021	0,04339	0,04513	0,03787	0,02647	0,02044	0,02485	0,03430	0,04120	0,03996	0,03545	0,02871	0,02364	0,02169	0,01941	0,01867	0,01964	0,01995	0,01989	0,01935	0,01826	0,02070	0,02613	0,02887	0,02844	0,02516
0,01780	0,01783	0,01737	0,01720	0,01775	0,01783	0,01838	0,01975	0,02096	0,02235	0,02356	0,02547	0,02629	0,02424	0,02158	0,01969	0,02275	0,02264	0,02148	0,02185	0,02288	0,02197	0,02581	0,02581	0,02003	0,02170	0,03328	0,04577	0,04344	0,03089	0,02045	0,01909	0,02656	0,03390	0,03803	0,03595	0,03122	0,02644	0,02253	0,02015	0,01788	0,01752	0,01923	0,01928	0,01839	0,01861	0,02097	0,02492	0,02703	0,02712	0,02380
