12,50000	13,00000	13,50000	14,00000	14,50000	15,00000	15,50000	16,00000	16,50000	17,00000	17,50000	18,00000	18,50000	19,00000	19,50000	20,00000	20,50000	21,00000	21,50000	22,00000	22,50000	23,00000	23,50000	24,00000	24,50000	25,00000	25,50000	26,00000	26,50000	27,00000	27,50000	28,00000	28,50000	29,00000	29,50000	30,00000	30,50000	31,00000	31,50000	32,00000	32,50000	33,00000	33,50000	34,00000	34,50000	35,00000	35,50000	36,00000	36,50000	37,00000	37,50000
12,50000	13,00000	13,50000	14,00000	14,50000	15,00000	15,50000	16,00000	16,50000	17,00000	17,50000	18,00000	18,50000	19,00000	19,50000	20,00000	20,50000	21,00000	21,50000	22,00000	22,50000	23,00000	23,50000	24,00000	24,50000	25,00000	25,50000	26,00000	26,50000	27,00000	27,50000	28,00000	28,50000	29,00000	29,50000	30,00000	30,50000	31,00000	31,50000	32,00000	32,50000	33,00000	33,50000	34,00000	34,50000	35,00000	35,50000	36,00000	36,50000	37,00000	37,50000
0,01811	0,01835	0,01838	0,01981	0,01779	0,01787	0,01901	0,01987	0,02110	0,02216	0,01932	0,01819	0,01829	0,01819	0,01805	0,01806	0,01799	0,01766	0,01852	0,01838	0,01853	0,01872	0,01799	0,01736	0,01908	0,02056	0,01983	0,01847	0,01788	0,02047	0,02269	0,02260	0,01984	0,01768	0,01866	0,02102	0,02101	0,01994	0,01824	0,01708	0,01718	0,01802	0,01776	0,01832	0,01736	0,01740	0,01843	0,01902	0,01860	0,01724	0,01756
0,01775	0,01737	0,01807	0,01860	0,01776	0,01795	0,01950	0,02007	0,02045	0,02004	0,01906	0,01849	0,02015	0,01937	0,01876	0,01845	0,01810	0,01821	0,01914	0,01797	0,01818	0,01850	0,01804	0,01764	0,01868	0,01946	0,01957	0,01841	0,01955	0,02386	0,02576	0,02437	0,01939	0,01892	0,02149	0,02323	0,02305	0,02124	0,01867	0,01778	0,01696	0,01748	0,01674	0,01684	0,01706	0,01723	0,01826	0,01772	0,01801	0,01769	0,01808
0,01734	0,01760	0,01830	0,01806	0,01729	0,01885	0,01972	0,01910	0,01915	0,01871	0,01897	0,02020	0,02239	0,02156	0,01977	0,01778	0,01746	0,01900	0,01859	0,01759	0,01888	0,02018	0,01864	0,01729	0,01913	0,02067	0,01902	0,01886	0,02285	0,02894	0,02732	0,02307	0,02041	0,02118	0,02423	0,02420	0,02330	0,02136	0,01905	0,01836	0,01781	0,01722	0,01766	0,01742	0,01802	0,01832	0,01831	0,01836	0,01780	0,01858	0,02135
0,01749	0,01720	0,01857	0,01865	0,01857	0,02027	0,01993	0,01802	0,01832	0,01878	0,01979	0,02212	0,02520	0,02396	0,01996	0,01779	0,01918	0,02102	0,01848	0,01778	0,02025	0,02083	0,01901	0,01863	0,02037	0,02002	0,01884	0,02104	0,02642	0,02900	0,02566	0,02342	0,02248	0,02412	0,02449	0,02369	0,02146	0,01971	0,01876	0,01747	0,01691	0,01745	0,01719	0,01726	0,01767	0,01825	0,01951	0,01893	0,01747	0,01930	0,02265
0,01739	0,01769	0,01789	0,01789	0,01915	0,02085	0,01939	0,01740	0,01767	0,01918	0,02057	0,02354	0,02688	0,02439	0,01986	0,01863	0,02097	0,02152	0,01839	0,01745	0,02038	0,02126	0,01985	0,02034	0,02161	0,01977	0,02042	0,02418	0,02697	0,02677	0,02527	0,02412	0,02465	0,02475	0,02417	0,02273	0,02091	0,01924	0,01869	0,01768	0,01736	0,01788	0,01774	0,01678	0,01724	0,01877	0,02017	0,02027	0,01924	0,01863	0,02145
0,01813	0,01763	0,01801	0,01783	0,01863	0,02089	0,01864	0,01759	0,01806	0,01885	0,02014	0,02383	0,02525	0,02241	0,01858	0,01978	0,02373	0,02329	0,01936	0,01876	0,02166	0,02143	0,01956	0,02046	0,02241	0,02184	0,02336	0,02502	0,02580	0,02605	0,02546	0,02496	0,02394	0,02498	0,02609	0,02424	0,02169	0,01913	0,01761	0,01678	0,01788	0,01779	0,01734	0,01762	0,01750	0,01845	0,01987	0,02113	0,02036	0,01866	0,01850
0,01839	0,01804	0,01903	0,01832	0,01872	0,01936	0,01800	0,01752	0,01800	0,01920	0,01949	0,02290	0,02110	0,01892	0,01802	0,02195	0,02579	0,02372	0,02005	0,02006	0,02245	0,02086	0,01923	0,02261	0,02537	0,02645	0,02642	0,02582	0,02457	0,02545	0,02432	0,02286	0,02410	0,02746	0,02729	0,02583	0,02204	0,01898	0,01731	0,01691	0,01686	0,01755	0,01792	0,01740	0,01810	0,01752	0,01918	0,02061	0,02016	0,01821	0,01790
0,01810	0,01849	0,01874	0,01852	0,01897	0,01916	0,01746	0,01731	0,01903	0,01897	0,01903	0,02072	0,01837	0,01761	0,01853	0,02232	0,02495	0,02361	0,02044	0,02118	0,02347	0,01942	0,02080	0,02704	0,03048	0,02924	0,02725	0,02519	0,02429	0,02352	0,02244	0,02538	0,03160	0,03040	0,02843	0,02393	0,02064	0,01861	0,01776	0,01802	0,01755	0,01735	0,01741	0,01743	0,01786	0,01810	0,01815	0,01922	0,01927	0,01834	0,01748
0,01866	0,01813	0,02028	0,01935	0,01835	0,01737	0,01704	0,01815	0,01879	0,01874	0,01851	0,01883	0,01817	0,01776	0,01960	0,02269	0,02415	0,02194	0,02040	0,02376	0,02416	0,01986	0,02546	0,03239	0,03561	0,03190	0,02778	0,02335	0,02349	0,02334	0,02972	0,03468	0,04153	0,03326	0,02531	0,02084	0,01959	0,01947	0,01927	0,01822	0,01795	0,01761	0,01747	0,01765	0,01806	0,01752	0,01786	0,01819	0,01847	0,01763	0,01739
0,01913	0,01921	0,02116	0,02001	0,01785	0,01703	0,01706	0,01863	0,01992	0,01916	0,01868	0,01911	0,01960	0,02057	0,02162	0,02264	0,02260	0,02068	0,02016	0,02391	0,02246	0,02189	0,03078	0,03758	0,03516	0,03084	0,02561	0,02390	0,02609	0,03141	0,04512	0,05101	0,04607	0,03202	0,02324	0,02079	0,02127	0,02073	0,01997	0,01988	0,01917	0,01867	0,01855	0,01836	0,01830	0,01793	0,01720	0,01754	0,01692	0,01802	0,01772
0,01890	0,01972	0,02132	0,01931	0,01818	0,01715	0,01732	0,01968	0,02055	0,01911	0,01871	0,01924	0,02194	0,02378	0,02329	0,02305	0,02330	0,02229	0,02248	0,02341	0,02302	0,02621	0,03601	0,03806	0,03364	0,02819	0,02758	0,03031	0,03604	0,04461	0,05611	0,05880	0,04591	0,03051	0,02569	0,02460	0,02381	0,02238	0,02093	0,01993	0,01854	0,01892	0,01885	0,01891	0,01888	0,01853	0,01804	0,01789	0,01769	0,01724	0,01761
0,01914	0,02038	0,02075	0,01888	0,01768	0,01747	0,01920	0,02092	0,02065	0,01855	0,01896	0,02018	0,02427	0,02601	0,02490	0,02496	0,02586	0,02534	0,02384	0,02355	0,02485	0,03082	0,04002	0,03762	0,03155	0,03155	0,04118	0,04486	0,05255	0,05739	0,06571	0,06419	0,04742	0,03572	0,03100	0,03058	0,02672	0,02344	0,02235	0,02083	0,01942	0,01822	0,01793	0,01793	0,01818	0,01805	0,01827	0,01774	0,01789	0,01788	0,01732
0,02098	0,02094	0,01959	0,01782	0,01735	0,01857	0,02062	0,02111	0,01988	0,01865	0,01946	0,02176	0,02622	0,02679	0,02584	0,02677	0,02849	0,02715	0,02481	0,02553	0,03023	0,03688	0,04217	0,03627	0,03573	0,04902	0,06116	0,06957	0,07015	0,07058	0,07456	0,06784	0,05638	0,04353	0,03918	0,03455	0,02981	0,02644	0,02455	0,02245	0,02052	0,01901	0,01845	0,01785	0,01853	0,01854	0,01798	0,01799	0,01812	0,01816	0,01856
0,02171	0,02080	0,01909	0,01743	0,01787	0,02013	0,02104	0,02075	0,01930	0,01933	0,02034	0,02287	0,02561	0,02658	0,02562	0,02694	0,02963	0,02909	0,02789	0,03108	0,03640	0,04204	0,04342	0,03873	0,04971	0,07456	0,09223	0,08831	0,08341	0,08803	0,09335	0,07934	0,07012	0,05771	0,05077	0,04292	0,03696	0,03179	0,02882	0,02621	0,02359	0,01987	0,01816	0,01821	0,01787	0,01811	0,01820	0,01815	0,01776	0,01815	0,01896
0,02131	0,01998	0,01857	0,01753	0,01900	0,02074	0,02222	0,02065	0,01980	0,02045	0,02147	0,02328	0,02548	0,02500	0,02458	0,02560	0,02924	0,02906	0,03013	0,03761	0,04216	0,04660	0,04743	0,05071	0,08477	0,11675	0,11237	0,10070	0,10332	0,11099	0,11359	0,10405	0,08394	0,07190	0,06481	0,05457	0,04473	0,03736	0,03418	0,02916	0,02717	0,02184	0,01886	0,01751	0,01794	0,01879	0,01882	0,01809	0,01772	0,01847	0,01942
0,02096	0,01944	0,01942	0,01896	0,01878	0,02186	0,02335	0,02077	0,02037	0,02175	0,02215	0,02347	0,02431	0,02351	0,02339	0,02510	0,02823	0,02886	0,03216	0,04201	0,04753	0,04994	0,05345	0,07595	0,12256	0,14395	0,12298	0,11443	0,13850	0,15049	0,14429	0,12713	0,11451	0,09992	0,08633	0,07169	0,05521	0,04512	0,04029	0,03544	0,03138	0,02636	0,02131	0,01834	0,01723	0,01792	0,01864	0,01851	0,01731	0,01809	0,01970
0,01979	0,01965	0,01989	0,01939	0,01992	0,02262	0,02293	0,02134	0,02210	0,02291	0,02291	0,02357	0,02460	0,02429	0,02460	0,02565	0,02720	0,02746	0,03260	0,04417	0,04742	0,05277	0,06734	0,10940	0,16685	0,15033	0,12544	0,15537	0,20238	0,21212	0,19372	0,17017	0,15579	0,12670	0,10864	0,09051	0,06982	0,05436	0,04642	0,04160	0,03691	0,03100	0,02363	0,01863	0,01744	0,01869	0,01905	0,01804	0,01707	0,01786	0,01903
0,01903	0,02079	0,02122	0,02111	0,02064	0,02256	0,02364	0,02333	0,02554	0,02560	0,02284	0,02169	0,02469	0,02522	0,02733	0,02762	0,02659	0,02675	0,03556	0,04481	0,04648	0,05658	0,08499	0,14679	0,17761	0,13753	0,14220	0,23915	0,28187	0,28017	0,23956	0,21835	0,20241	0,15925	0,12614	0,10443	0,08175	0,06270	0,05095	0,04412	0,03951	0,03388	0,02615	0,02076	0,01891	0,01897	0,01963	0,01941	0,01803	0,01877	0,01947
0,01939	0,02125	0,02244	0,02142	0,02079	0,02352	0,02478	0,02617	0,02788	0,02671	0,02272	0,02164	0,02584	0,02904	0,03135	0,02921	0,02417	0,02705	0,03764	0,04532	0,04490	0,05840	0,09768	0,15238	0,16172	0,12388	0,18039	0,31613	0,37141	0,32228	0,29457	0,27751	0,24187	0,20278	0,15760	0,12396	0,09509	0,07007	0,05484	0,04624	0,04113	0,03457	0,02776	0,02064	0,01918	0,01928	0,02102	0,02012	0,01919	0,01929	0,01999
0,02033	0,02145	0,02336	0,02305	0,02279	0,02396	0,02592	0,02842	0,02953	0,02738	0,02333	0,02298	0,02827	0,03230	0,03497	0,02773	0,02358	0,02813	0,03980	0,04449	0,04322	0,05808	0,09662	0,13851	0,12518	0,11714	0,22879	0,37656	0,38734	0,33760	0,33599	0,33292	0,31596	0,24080	0,19026	0,13893	0,10225	0,07499	0,05812	0,04825	0,04333	0,03643	0,02836	0,02229	0,02058	0,01994	0,02154	0,02171	0,02115	0,01979	0,02031
0,02132	0,02072	0,02241	0,02451	0,02390	0,02528	0,02793	0,03047	0,03180	0,02702	0,02215	0,02466	0,03091	0,03354	0,03406	0,02629	0,02287	0,02848	0,04080	0,04567	0,04192	0,05328	0,08046	0,10227	0,08943	0,10261	0,21561	0,35580	0,33036	0,29811	0,35759	0,39658	0,37195	0,28569	0,20841	0,15577	0,11049	0,07981	0,06063	0,05081	0,04418	0,03800	0,03138	0,02469	0,02166	0,02166	0,02243	0,02331	0,02236	0,02083	0,02043
0,02149	0,02076	0,02156	0,02482	0,02538	0,02573	0,02837	0,03127	0,03122	0,02636	0,02272	0,02695	0,03370	0,03349	0,03128	0,02461	0,02516	0,03121	0,04175	0,04744	0,04290	0,04827	0,06706	0,07195	0,06961	0,08630	0,16604	0,23590	0,20644	0,25413	0,36900	0,44338	0,40865	0,31053	0,22995	0,16481	0,11792	0,08435	0,06456	0,05310	0,04769	0,04077	0,03285	0,02870	0,02475	0,02262	0,02260	0,02376	0,02378	0,02249	0,02081
0,02275	0,01954	0,02169	0,02561	0,02559	0,02747	0,02816	0,02930	0,03069	0,02597	0,02374	0,03037	0,03510	0,03359	0,02835	0,02537	0,03153	0,03771	0,04609	0,05233	0,05056	0,05175	0,06085	0,06155	0,05777	0,06316	0,07935	0,09284	0,11152	0,21591	0,36985	0,44058	0,39877	0,31217	0,23205	0,16832	0,12479	0,08973	0,06887	0,05674	0,05107	0,04478	0,03798	0,03201	0,02753	0,02497	0,02408	0,02421	0,02578	0,02350	0,02084
0,02269	0,01982	0,02068	0,02488	0,02561	0,02773	0,02919	0,02792	0,02831	0,02703	0,02555	0,03125	0,03703	0,03259	0,02578	0,02687	0,03764	0,04659	0,05367	0,06098	0,06442	0,07057	0,08014	0,07558	0,07255	0,06133	0,04615	0,04924	0,09716	0,22961	0,36954	0,42634	0,37159	0,29646	0,22555	0,17084	0,13077	0,09381	0,07267	0,05982	0,05532	0,05133	0,04361	0,03600	0,03105	0,02680	0,02558	0,02535	0,02591	0,02449	0,02166
0,02286	0,01904	0,02043	0,02341	0,02441	0,02964	0,03049	0,02666	0,02600	0,02797	0,02785	0,03158	0,03592	0,03214	0,02555	0,02909	0,04215	0,05392	0,06290	0,07440	0,08079	0,09691	0,11044	0,09613	0,09655	0,08579	0,07531	0,07861	0,13999	0,27635	0,38867	0,41600	0,36508	0,27514	0,21093	0,16057	0,12323	0,09343	0,07163	0,06129	0,05815	0,05402	0,04819	0,03959	0,03325	0,02999	0,02753	0,02617	0,02577	0,02311	0,02033
0,02230	0,01943	0,02032	0,02225	0,02477	0,03065	0,03163	0,02471	0,02396	0,02859	0,02993	0,03058	0,03331	0,03222	0,02719	0,02822	0,04320	0,05965	0,07224	0,08954	0,09764	0,12665	0,15313	0,13235	0,12335	0,13813	0,12094	0,14092	0,21757	0,32952	0,39777	0,41052	0,34871	0,27670	0,20978	0,15050	0,10891	0,08105	0,06340	0,05749	0,05631	0,05343	0,04977	0,04267	0,03791	0,03345	0,02995	0,02771	0,02562	0,02246	0,01999
0,02158	0,02020	0,02017	0,02164	0,02306	0,03004	0,03170	0,02506	0,02284	0,02732	0,03033	0,03048	0,03218	0,03288	0,02940	0,02992	0,04427	0,06338	0,07861	0,10215	0,11676	0,14666	0,18569	0,16039	0,14099	0,16649	0,16745	0,18063	0,25976	0,34839	0,37829	0,38025	0,33482	0,27135	0,21306	0,14701	0,10104	0,06885	0,05326	0,04587	0,04735	0,05033	0,04939	0,04613	0,04153	0,03640	0,03225	0,02889	0,02517	0,02132	0,01903
0,02158	0,02044	0,02037	0,02148	0,02249	0,02755	0,02990	0,02455	0,02289	0,02701	0,02988	0,03114	0,03286	0,03350	0,03204	0,03190	0,04804	0,06305	0,07729	0,10904	0,12993	0,15387	0,19530	0,17674	0,14476	0,17486	0,18673	0,19202	0,26054	0,33618	0,34970	0,32658	0,29058	0,25360	0,20634	0,14955	0,10218	0,06744	0,04799	0,03793	0,04006	0,04767	0,05112	0,04915	0,04524	0,04153	0,03665	0,03074	0,02494	0,02090	0,01897
0,02073	0,02010	0,02068	0,02002	0,02167	0,02614	0,02693	0,02430	0,02410	0,02608	0,02948	0,03188	0,03529	0,03564	0,03475	0,03763	0,05422	0,06412	0,06982	0,10388	0,13060	0,14952	0,19084	0,18662	0,14918	0,16497	0,18549	0,18848	0,24404	0,31371	0,32148	0,28164	0,25326	0,22430	0,18882	0,14300	0,10088	0,06712	0,04816	0,03737	0,04047	0,04877	0,05346	0,05158	0,04740	0,04380	0,03830	0,03105	0,02438	0,01998	0,01793
0,02084	0,02063	0,01969	0,01907	0,02201	0,02578	0,02510	0,02413	0,02533	0,02742	0,02890	0,03378	0,03872	0,03682	0,03576	0,04344	0,06113	0,06577	0,06513	0,08960	0,11538	0,13436	0,16973	0,18506	0,15581	0,15934	0,17916	0,18414	0,22835	0,29278	0,29188	0,24801	0,21314	0,19629	0,16904	0,13158	0,09471	0,06413	0,04529	0,03775	0,04168	0,05003	0,05107	0,04806	0,04499	0,04164	0,03705	0,03016	0,02369	0,01959	0,01860
0,02072	0,02070	0,01948	0,01897	0,02154	0,02449	0,02402	0,02341	0,02696	0,02913	0,02854	0,03481	0,04436	0,04077	0,03634	0,04562	0,06563	0,07195	0,06261	0,07671	0,09975	0,11383	0,13912	0,17312	0,16100	0,16231	0,18044	0,17940	0,21256	0,27043	0,27464	0,21108	0,16466	0,14521	0,13631	0,11863	0,08649	0,06016	0,04244	0,03671	0,03995	0,04295	0,04229	0,03701	0,03702	0,03635	0,03241	0,02684	0,02212	0,02111	0,02016
0,02041	0,02017	0,01939	0,01927	0,02091	0,02446	0,02335	0,02383	0,02829	0,03164	0,02907	0,03503	0,04804	0,04771	0,03901	0,04703	0,06645	0,07630	0,06557	0,06527	0,08201	0,09280	0,10637	0,14584	0,15216	0,15757	0,18076	0,17862	0,18404	0,23802	0,24421	0,18760	0,12521	0,10273	0,09980	0,09896	0,07882	0,05575	0,03932	0,03216	0,03289	0,03374	0,03171	0,02861	0,02902	0,02903	0,02651	0,02422	0,02218	0,02322	0,02247
0,02028	0,02029	0,01897	0,01921	0,02021	0,02311	0,02255	0,02456	0,03139	0,03355	0,02904	0,03235	0,04898	0,05407	0,04609	0,04882	0,06417	0,07584	0,07088	0,06365	0,07073	0,07929	0,09110	0,10633	0,12264	0,13805	0,16516	0,17115	0,15261	0,16835	0,19197	0,16968	0,10603	0,07454	0,06956	0,07501	0,06683	0,05278	0,03781	0,02899	0,02675	0,02482	0,02199	0,02105	0,02117	0,02253	0,02308	0,02203	0,02574	0,02842	0,02589
0,01958	0,01897	0,01861	0,01977	0,02012	0,02209	0,02193	0,02548	0,03336	0,03638	0,02991	0,03034	0,04485	0,06068	0,05511	0,05204	0,06392	0,07315	0,07356	0,06766	0,06651	0,07210	0,07699	0,08736	0,09941	0,10915	0,13556	0,15377	0,13117	0,11709	0,13435	0,13602	0,10028	0,06398	0,05193	0,05512	0,05668	0,04890	0,03752	0,02976	0,02595	0,02349	0,01977	0,01869	0,02031	0,02095	0,02051	0,02364	0,02836	0,03034	0,02721
0,02034	0,01940	0,01889	0,01909	0,02107	0,02132	0,02136	0,02604	0,03566	0,03752	0,03071	0,02742	0,03685	0,06249	0,06385	0,05625	0,06062	0,06807	0,07180	0,06883	0,06598	0,06867	0,07623	0,08146	0,08066	0,07802	0,10134	0,12498	0,10408	0,08443	0,09100	0,10409	0,08937	0,06313	0,04681	0,04238	0,04313	0,04076	0,03676	0,03129	0,02785	0,02459	0,02033	0,01957	0,01927	0,01905	0,02015	0,02483	0,03000	0,03091	0,02613
0,01992	0,01871	0,01734	0,01908	0,02040	0,02179	0,02058	0,02535	0,03547	0,03807	0,03340	0,02603	0,03188	0,05577	0,06588	0,05911	0,05554	0,06026	0,06807	0,06744	0,06279	0,06530	0,07740	0,08618	0,08044	0,06593	0,06531	0,08702	0,08500	0,05827	0,05109	0,07082	0,07166	0,06588	0,04959	0,04066	0,03572	0,03268	0,03025	0,02755	0,02550	0,02210	0,02027	0,01896	0,01830	0,01825	0,01984	0,02600	0,03113	0,02972	0,02526
0,01991	0,01903	0,01742	0,01853	0,01982	0,02255	0,02158	0,02456	0,03403	0,03667	0,03526	0,02794	0,02897	0,04393	0,06092	0,05969	0,05315	0,05462	0,06156	0,06283	0,05681	0,05577	0,07369	0,08925	0,08771	0,06360	0,05002	0,05853	0,06892	0,05278	0,03476	0,03923	0,04884	0,06010	0,06142	0,05143	0,04504	0,03478	0,02751	0,02447	0,02234	0,02057	0,01948	0,01815	0,01881	0,01914	0,02268	0,02807	0,02989	0,02699	0,02265
0,02006	0,01921	0,01743	0,01796	0,02000	0,02277	0,02371	0,02568	0,02982	0,03235	0,03401	0,03122	0,02715	0,03916	0,05182	0,05621	0,04960	0,04814	0,05457	0,05805	0,04892	0,04614	0,06313	0,07978	0,08634	0,06900	0,04737	0,04329	0,05298	0,05513	0,04163	0,02741	0,03090	0,04826	0,06227	0,06559	0,06148	0,05071	0,04197	0,03186	0,02811	0,02496	0,02245	0,02064	0,02106	0,02269	0,02556	0,02849	0,02751	0,02357	0,02212
0,01907	0,01956	0,01761	0,01786	0,01940	0,02268	0,02624	0,02700	0,02860	0,02830	0,03185	0,03263	0,02924	0,03082	0,03943	0,04629	0,04467	0,04312	0,04585	0,05054	0,04419	0,03898	0,04793	0,06839	0,07429	0,06516	0,04822	0,04130	0,04681	0,05818	0,05668	0,03554	0,02640	0,03154	0,04558	0,05881	0,06542	0,06109	0,05294	0,04606	0,04040	0,03369	0,02897	0,02800	0,02632	0,02569	0,02698	0,02594	0,02368	0,02097	0,02165
0,01927	0,01834	0,01848	0,01800	0,01895	0,02126	0,02616	0,02821	0,02906	0,02702	0,03013	0,03238	0,03129	0,02976	0,03170	0,03732	0,03727	0,03841	0,04109	0,04458	0,04071	0,03451	0,04072	0,05407	0,06154	0,05634	0,04778	0,04300	0,04695	0,05600	0,06068	0,05444	0,04006	0,02940	0,03306	0,04469	0,05520	0,05249	0,05362	0,05119	0,04895	0,04539	0,04014	0,03469	0,03178	0,02987	0,02685	0,02408	0,02107	0,01961	0,02132
0,01854	0,01780	0,01873	0,01777	0,01822	0,02069	0,02449	0,02669	0,02771	0,02459	0,02758	0,03178	0,03148	0,03021	0,02670	0,02816	0,02846	0,03148	0,03416	0,03717	0,03614	0,03439	0,03436	0,04302	0,04995	0,04608	0,04367	0,04444	0,04899	0,05428	0,05859	0,05696	0,04761	0,04002	0,03610	0,03922	0,04215	0,04240	0,04534	0,04535	0,04620	0,04662	0,04213	0,03922	0,03521	0,03088	0,02602	0,02320	0,02011	0,01911	0,01997
0,01903	0,01737	0,01816	0,01805	0,01825	0,02044	0,02295	0,02451	0,02455	0,02327	0,02680	0,02951	0,02840	0,03076	0,02733	0,02411	0,02404	0,02639	0,02855	0,03080	0,03044	0,03275	0,03440	0,03805	0,04379	0,04025	0,03543	0,04220	0,05355	0,05887	0,05669	0,05145	0,04332	0,03967	0,04318	0,04631	0,04867	0,04426	0,04046	0,03849	0,04000	0,03989	0,03784	0,03624	0,03129	0,02797	0,02429	0,02207	0,01954	0,01791	0,01914
0,01847	0,01712	0,01821	0,01921	0,01877	0,01955	0,02139	0,02153	0,02207	0,02244	0,02503	0,02858	0,02627	0,02831	0,02721	0,02217	0,02044	0,02210	0,02333	0,02594	0,02559	0,02811	0,03267	0,03633	0,04073	0,03942	0,03193	0,03723	0,05427	0,06546	0,06285	0,05047	0,03778	0,03393	0,03994	0,05024	0,05508	0,05271	0,04733	0,04104	0,03952	0,03758	0,03505	0,03046	0,02729	0,02463	0,02257	0,02153	0,02000	0,01860	0,01963
0,01901	0,01784	0,01817	0,01890	0,01869	0,01906	0,02063	0,01974	0,01948	0,02036	0,02388	0,02724	0,02441	0,02396	0,02669	0,02320	0,01958	0,01846	0,02065	0,02333	0,02344	0,02549	0,03004	0,03377	0,03756	0,03986	0,03399	0,03189	0,04358	0,06591	0,06990	0,05676	0,04061	0,02910	0,03376	0,04203	0,05138	0,05049	0,04798	0,04452	0,04292	0,04147	0,03719	0,03198	0,02672	0,02303	0,02227	0,02172	0,02162	0,02024	0,01975
0,01816	0,01832	0,01879	0,01869	0,01926	0,01933	0,02025	0,01959	0,01914	0,01998	0,02238	0,02463	0,02345	0,02078	0,02392	0,02300	0,02132	0,01795	0,01834	0,02102	0,02284	0,02412	0,02816	0,03416	0,03774	0,03982	0,03969	0,03534	0,03798	0,05261	0,06545	0,06286	0,04835	0,03072	0,02533	0,02934	0,03616	0,04171	0,04148	0,04341	0,04728	0,04851	0,04634	0,03914	0,02925	0,02383	0,02222	0,02248	0,02247	0,02193	0,02055
0,01899	0,01826	0,01895	0,01834	0,01828	0,01868	0,01899	0,01967	0,01970	0,02102	0,02202	0,02331	0,02352	0,02039	0,02169	0,02446	0,02455	0,02072	0,01738	0,01937	0,02227	0,02252	0,02572	0,03251	0,03846	0,04001	0,03979	0,03904	0,04087	0,04647	0,05541	0,05856	0,05090	0,03561	0,02737	0,02498	0,02554	0,02582	0,02875	0,03826	0,04545	0,05139	0,05079	0,04360	0,03416	0,02653	0,02389	0,02449	0,02543	0,02400	0,02108
0,01891	0,01895	0,01818	0,01845	0,01756	0,01780	0,01861	0,01929	0,02004	0,02139	0,02396	0,02380	0,02261	0,02044	0,01942	0,02343	0,02713	0,02521	0,01935	0,02016	0,02245	0,02238	0,02208	0,02775	0,03914	0,04587	0,04177	0,03663	0,03894	0,04513	0,05146	0,05211	0,04917	0,04175	0,03665	0,03091	0,02761	0,02451	0,02532	0,02941	0,03703	0,04173	0,04353	0,04203	0,03276	0,02694	0,02507	0,02644	0,02800	0,02584	0,02242
0,01834	0,01908	0,01833	0,01810	0,01770	0,01760	0,01828	0,01951	0,02057	0,02296	0,02507	0,02571	0,02388	0,02006	0,01894	0,02272	0,02696	0,02680	0,02264	0,02125	0,02417	0,02580	0,02096	0,02351	0,03621	0,04866	0,04934	0,04257	0,03297	0,03231	0,04137	0,04938	0,05090	0,04685	0,04126	0,03524	0,03292	0,03045	0,02864	0,02691	0,02829	0,03050	0,03349	0,03073	0,02554	0,02237	0,02278	0,02630	0,03063	0,02820	0,02541
0,01889	0,01897	0,01832	0,01796	0,01716	0,01754	0,01795	0,01864	0,02103	0,02418	0,02659	0,02780	0,02587	0,02165	0,01907	0,02226	0,02557	0,02516	0,02433	0,02375	0,02369	0,02851	0,02737	0,02246	0,02693	0,04326	0,05724	0,05532	0,04140	0,02709	0,02834	0,04010	0,05013	0,05219	0,04547	0,03669	0,03013	0,02779	0,02569	0,02445	0,02253	0,02352	0,02587	0,02600	0,02343	0,02092	0,02334	0,02858	0,03228	0,03162	0,02740
0,01831	0,01859	0,01806	0,01803	0,01796	0,01741	0,01864	0,02006	0,02242	0,02458	0,02690	0,02981	0,02766	0,02371	0,01997	0,02304	0,02624	0,02450	0,02417	0,02643	0,02451	0,02675	0,03136	0,02779	0,02292	0,02991	0,05154	0,06021	0,05021	0,03264	0,02176	0,02451	0,03443	0,04411	0,04785	0,04196	0,03214	0,02608	0,02298	0,01936	0,01875	0,02116	0,02296	0,02422	0,02190	0,02061	0,02349	0,02784	0,03234	0,03093	0,02665
0,01908	0,01867	0,01812	0,01775	0,01776	0,01794	0,01967	0,02133	0,02450	0,02503	0,02623	0,02759	0,02937	0,02727	0,02123	0,02245	0,02725	0,02625	0,02353	0,02768	0,03112	0,02603	0,02884	0,03295	0,02526	0,02206	0,03380	0,05107	0,05579	0,04338	0,02503	0,01906	0,02493	0,03525	0,04252	0,04271	0,03765	0,03213	0,02581	0,02207	0,01919	0,01887	0,02043	0,02140	0,02089	0,02006	0,02174	0,02729	0,03031	0,03038	0,02573
