12,50000	13,00000	13,50000	14,00000	14,50000	15,00000	15,50000	16,00000	16,50000	17,00000	17,50000	18,00000	18,50000	19,00000	19,50000	20,00000	20,50000	21,00000	21,50000	22,00000	22,50000	23,00000	23,50000	24,00000	24,50000	25,00000	25,50000	26,00000	26,50000	27,00000	27,50000	28,00000	28,50000	29,00000	29,50000	30,00000	30,50000	31,00000	31,50000	32,00000	32,50000	33,00000	33,50000	34,00000	34,50000	35,00000	35,50000	36,00000	36,50000	37,00000	37,50000
12,50000	13,00000	13,50000	14,00000	14,50000	15,00000	15,50000	16,00000	16,50000	17,00000	17,50000	18,00000	18,50000	19,00000	19,50000	20,00000	20,50000	21,00000	21,50000	22,00000	22,50000	23,00000	23,50000	24,00000	24,50000	25,00000	25,50000	26,00000	26,50000	27,00000	27,50000	28,00000	28,50000	29,00000	29,50000	30,00000	30,50000	31,00000	31,50000	32,00000	32,50000	33,00000	33,50000	34,00000	34,50000	35,00000	35,50000	36,00000	36,50000	37,00000	37,50000
0,01289	0,01305	0,01301	0,01307	0,01301	0,01300	0,01273	0,01209	0,01209	0,02018	0,01922	0,01885	0,01863	0,01939	0,01968	0,01854	0,01816	0,01913	0,02021	0,01991	0,02084	0,02149	0,01982	0,01721	0,01945	0,02084	0,01977	0,01914	0,02177	0,02579	0,02481	0,02089	0,01858	0,01951	0,02162	0,02250	0,02310	0,02089	0,01854	0,01770	0,01760	0,01773	0,01889	0,01764	0,01813	0,01742	0,01811	0,01722	0,01695	0,01673	0,01720
0,01282	0,01252	0,01255	0,01323	0,01276	0,01261	0,01286	0,01239	0,01254	0,01945	0,01924	0,01810	0,01978	0,02024	0,02028	0,01962	0,01988	0,02101	0,02149	0,02029	0,02154	0,02170	0,02003	0,01998	0,02165	0,02076	0,01904	0,02250	0,02614	0,02607	0,02215	0,01903	0,01820	0,01999	0,02311	0,02312	0,02200	0,01975	0,01755	0,01734	0,01727	0,01747	0,01741	0,01729	0,01727	0,01797	0,01795	0,01764	0,01753	0,01724	0,01715
0,01235	0,01286	0,01249	0,01273	0,01261	0,01268	0,01279	0,01240	0,01190	0,01869	0,01795	0,01856	0,02039	0,02212	0,02044	0,02001	0,02155	0,02364	0,02163	0,02023	0,02178	0,02271	0,02177	0,02361	0,02376	0,02091	0,02159	0,02570	0,02671	0,02264	0,01916	0,01794	0,02040	0,02300	0,02447	0,02301	0,02073	0,01906	0,01767	0,01755	0,01761	0,01773	0,01732	0,01775	0,01814	0,01884	0,01901	0,01845	0,01784	0,01754	0,01764
0,01299	0,01290	0,01255	0,01249	0,01280	0,01258	0,01260	0,01218	0,01210	0,01834	0,01812	0,01902	0,02093	0,02287	0,02107	0,02078	0,02351	0,02502	0,02175	0,02097	0,02520	0,02625	0,02636	0,02705	0,02521	0,02216	0,02393	0,02499	0,02441	0,02040	0,01837	0,01985	0,02384	0,02554	0,02488	0,02237	0,01918	0,01799	0,01732	0,01726	0,01771	0,01787	0,01734	0,01777	0,01810	0,01877	0,01875	0,01908	0,01832	0,01866	0,01887
0,01251	0,01255	0,01256	0,01296	0,01309	0,01259	0,01281	0,01301	0,01142	0,01811	0,01821	0,01927	0,02205	0,02344	0,02134	0,02157	0,02656	0,02716	0,02252	0,02393	0,02887	0,02961	0,02854	0,02902	0,02460	0,02242	0,02302	0,02433	0,02229	0,01879	0,02033	0,02284	0,02635	0,02498	0,02185	0,01920	0,01752	0,01866	0,01869	0,01868	0,01867	0,01811	0,01784	0,01715	0,01758	0,01799	0,01875	0,01915	0,01898	0,01893	0,01845
0,01254	0,01267	0,01331	0,01260	0,01243	0,01256	0,01288	0,01235	0,01192	0,01886	0,01852	0,01994	0,02283	0,02259	0,02023	0,02432	0,03220	0,02999	0,02483	0,02865	0,03450	0,03078	0,02971	0,02852	0,02411	0,02189	0,02394	0,02360	0,02103	0,02018	0,02308	0,02695	0,02715	0,02265	0,01958	0,01911	0,02141	0,02388	0,02305	0,02105	0,01988	0,01885	0,01820	0,01737	0,01677	0,01755	0,01708	0,01802	0,01871	0,01831	0,01890
0,01329	0,01254	0,01319	0,01322	0,01253	0,01243	0,01280	0,01230	0,01141	0,01936	0,01990	0,02140	0,02375	0,02178	0,02175	0,03130	0,04043	0,03577	0,02888	0,03429	0,03906	0,03215	0,02998	0,02872	0,02393	0,02346	0,02538	0,02287	0,02067	0,02128	0,02461	0,02595	0,02259	0,02057	0,02005	0,02241	0,02634	0,02597	0,02308	0,02044	0,01818	0,01835	0,01689	0,01735	0,01692	0,01763	0,01750	0,01712	0,01769	0,01812	0,01776
0,01245	0,01254	0,01257	0,01264	0,01300	0,01245	0,01306	0,01234	0,01100	0,01946	0,02111	0,02363	0,02442	0,02225	0,02480	0,04027	0,04928	0,03945	0,03321	0,03923	0,03964	0,03145	0,02967	0,02665	0,02382	0,02804	0,02730	0,02458	0,02151	0,02195	0,02226	0,02203	0,02105	0,02089	0,02235	0,02464	0,02429	0,02266	0,02008	0,01908	0,01828	0,01778	0,01716	0,01702	0,01707	0,01801	0,01765	0,01682	0,01754	0,01789	0,01793
0,01238	0,01334	0,01278	0,01253	0,01254	0,01248	0,01265	0,01309	0,01152	0,02022	0,02325	0,02555	0,02473	0,02267	0,03062	0,05173	0,05948	0,04283	0,03607	0,04146	0,04059	0,03310	0,02877	0,02523	0,02873	0,03931	0,04127	0,03018	0,02378	0,02160	0,02250	0,02246	0,02427	0,02416	0,02373	0,02307	0,02121	0,01991	0,01884	0,01868	0,01854	0,01859	0,01806	0,01782	0,01765	0,01767	0,01787	0,01685	0,01702	0,01745	0,01773
0,01242	0,01257	0,01260	0,01325	0,01262	0,01325	0,01255	0,01276	0,01134	0,02129	0,02611	0,02671	0,02478	0,02552	0,03687	0,06123	0,06263	0,04367	0,03562	0,04217	0,04255	0,03263	0,02721	0,02762	0,04532	0,05723	0,05299	0,03632	0,02676	0,02483	0,02820	0,03188	0,03239	0,02892	0,02470	0,02300	0,02203	0,02141	0,01982	0,01961	0,01872	0,01912	0,01909	0,01828	0,01743	0,01754	0,01771	0,01750	0,01763	0,01752	0,01799
0,01279	0,01257	0,01249	0,01246	0,01304	0,01246	0,01270	0,01312	0,01158	0,02362	0,02786	0,02697	0,02538	0,02807	0,04336	0,06746	0,06274	0,03656	0,03532	0,04710	0,04625	0,03191	0,02729	0,04075	0,07211	0,07353	0,05611	0,03718	0,03901	0,04286	0,04558	0,04094	0,03892	0,03216	0,02811	0,02504	0,02337	0,02262	0,02212	0,02084	0,01994	0,01943	0,01885	0,01897	0,01867	0,01809	0,01797	0,01691	0,01730	0,01764	0,01724
0,01273	0,01234	0,01329	0,01299	0,01255	0,01263	0,01275	0,01319	0,01133	0,02474	0,02863	0,02812	0,02757	0,03324	0,05036	0,06731	0,05293	0,03064	0,03883	0,05597	0,04752	0,02922	0,03233	0,05940	0,08885	0,08139	0,05683	0,05214	0,07333	0,07355	0,06816	0,05901	0,04875	0,03870	0,03340	0,02892	0,02618	0,02461	0,02406	0,02210	0,02073	0,01999	0,01924	0,01815	0,01902	0,01928	0,01901	0,01812	0,01804	0,01840	0,01815
0,01302	0,01268	0,01237	0,01289	0,01330	0,01240	0,01274	0,01228	0,01197	0,02760	0,03117	0,02994	0,03436	0,04138	0,05641	0,06129	0,03863	0,03043	0,04916	0,06175	0,04364	0,02799	0,04696	0,08535	0,10223	0,07745	0,06662	0,08605	0,11919	0,10645	0,09931	0,07213	0,06511	0,04479	0,03992	0,03273	0,03046	0,02702	0,02556	0,02371	0,02262	0,02078	0,01906	0,01844	0,01866	0,01939	0,01944	0,01816	0,01821	0,01826	0,01821
0,01243	0,01299	0,01261	0,01254	0,01318	0,01247	0,01296	0,01322	0,01160	0,03032	0,03359	0,03505	0,04101	0,05032	0,05901	0,05076	0,02836	0,03959	0,06162	0,05917	0,03274	0,03504	0,07261	0,10313	0,10025	0,07708	0,10398	0,14333	0,18063	0,14819	0,13329	0,09884	0,08284	0,06214	0,05155	0,03918	0,03382	0,02959	0,02781	0,02474	0,02395	0,02143	0,01870	0,01810	0,01838	0,01934	0,01867	0,01843	0,01763	0,01918	0,01907
0,01235	0,01319	0,01331	0,01325	0,01282	0,01318	0,01266	0,01299	0,01173	0,03439	0,03574	0,03979	0,04898	0,05641	0,05859	0,04056	0,02957	0,05279	0,06614	0,04721	0,02969	0,05512	0,08992	0,10393	0,09467	0,10437	0,15935	0,21357	0,22358	0,19147	0,16667	0,13531	0,11605	0,08812	0,06793	0,05113	0,04096	0,03240	0,03016	0,02659	0,02568	0,02248	0,01946	0,01805	0,01820	0,01893	0,01873	0,01799	0,01724	0,01857	0,01954
0,01295	0,01256	0,01305	0,01294	0,01255	0,01316	0,01255	0,01249	0,01168	0,03714	0,03925	0,04328	0,05442	0,05974	0,05615	0,03736	0,03976	0,06450	0,05919	0,03301	0,03934	0,08647	0,10065	0,09646	0,10647	0,14800	0,22042	0,25813	0,24460	0,22866	0,22105	0,18987	0,16237	0,11489	0,08563	0,06131	0,04960	0,03795	0,03325	0,03068	0,02851	0,02486	0,02163	0,01898	0,01836	0,01805	0,01880	0,01725	0,01662	0,01905	0,02001
0,01278	0,01252	0,01327	0,01264	0,01318	0,01307	0,01284	0,01233	0,01171	0,04018	0,04135	0,04458	0,05413	0,06156	0,05763	0,04089	0,04769	0,06462	0,04519	0,03011	0,06493	0,10733	0,09906	0,09996	0,14190	0,20597	0,25002	0,26477	0,25121	0,24602	0,26136	0,25658	0,21070	0,15545	0,11307	0,07821	0,05777	0,04430	0,03841	0,03308	0,03081	0,02610	0,02325	0,02047	0,01923	0,01849	0,01915	0,01747	0,01685	0,01871	0,02097
0,01299	0,01276	0,01285	0,01253	0,01253	0,01237	0,01299	0,01258	0,01176	0,04261	0,04321	0,04287	0,05121	0,06487	0,06103	0,04638	0,05108	0,05776	0,03628	0,04277	0,10168	0,12080	0,10185	0,12989	0,21317	0,24784	0,24553	0,24350	0,23302	0,26287	0,31338	0,32672	0,27960	0,19144	0,14559	0,09585	0,06995	0,05191	0,04317	0,03630	0,03179	0,02714	0,02441	0,02169	0,02045	0,01858	0,01989	0,01896	0,01803	0,01912	0,02125
0,01245	0,01314	0,01247	0,01323	0,01292	0,01271	0,01255	0,01324	0,01235	0,04433	0,04480	0,04216	0,05165	0,07172	0,06889	0,04826	0,05051	0,04896	0,03807	0,07249	0,12791	0,12699	0,11974	0,20784	0,27572	0,26850	0,22490	0,21234	0,20771	0,27060	0,37720	0,39645	0,35744	0,24231	0,17397	0,11212	0,07601	0,05812	0,04864	0,03892	0,03275	0,02725	0,02380	0,02252	0,02109	0,01917	0,02015	0,02113	0,01976	0,01878	0,02201
0,01271	0,01276	0,01296	0,01254	0,01264	0,01260	0,01267	0,01331	0,01182	0,04511	0,04685	0,04289	0,05529	0,07950	0,07146	0,04785	0,04785	0,04567	0,04535	0,09620	0,13895	0,13191	0,16063	0,28567	0,33469	0,27647	0,20105	0,17037	0,17595	0,28041	0,43260	0,50404	0,41918	0,30166	0,19686	0,12544	0,08049	0,06158	0,05150	0,04267	0,03435	0,02625	0,02391	0,02300	0,02098	0,02002	0,02139	0,02250	0,02127	0,01927	0,02009
0,01265	0,01310	0,01254	0,01326	0,01235	0,01235	0,01335	0,01299	0,01234	0,04602	0,04816	0,04483	0,06146	0,08304	0,06936	0,04720	0,04711	0,04605	0,05697	0,11410	0,14130	0,14487	0,21518	0,33262	0,36560	0,26743	0,17451	0,11785	0,13162	0,29236	0,51270	0,61077	0,52760	0,33667	0,21873	0,13354	0,08612	0,06557	0,05541	0,04592	0,03744	0,02803	0,02469	0,02329	0,02208	0,02038	0,02136	0,02353	0,02304	0,01933	0,01884
0,01291	0,01263	0,01334	0,01242	0,01246	0,01245	0,01308	0,01257	0,01238	0,04717	0,04965	0,05101	0,07047	0,08178	0,06348	0,04671	0,05043	0,05004	0,06428	0,11636	0,13659	0,15027	0,23872	0,34516	0,35760	0,25350	0,13427	0,06902	0,07605	0,30698	0,59086	0,70774	0,60959	0,38867	0,24431	0,14061	0,09468	0,06900	0,05917	0,04864	0,04023	0,03292	0,02682	0,02519	0,02396	0,02077	0,02141	0,02294	0,02344	0,02047	0,01837
0,01275	0,01258	0,01247	0,01302	0,01246	0,01284	0,01276	0,01324	0,01218	0,04696	0,04950	0,06016	0,07923	0,07755	0,05587	0,04746	0,05534	0,05981	0,07053	0,11638	0,12899	0,15594	0,22899	0,31794	0,31915	0,21189	0,10014	0,04205	0,07932	0,33633	0,65589	0,81029	0,68273	0,44877	0,26818	0,16063	0,10151	0,07554	0,06389	0,05323	0,04295	0,03542	0,03031	0,02830	0,02578	0,02219	0,02177	0,02319	0,02452	0,02187	0,01939
0,01256	0,01318	0,01288	0,01322	0,01276	0,01257	0,01252	0,01240	0,01219	0,04503	0,04771	0,06629	0,08567	0,07369	0,05055	0,05001	0,06748	0,07287	0,08118	0,11547	0,12426	0,15173	0,22296	0,26384	0,27050	0,19482	0,11123	0,10378	0,17453	0,41139	0,74259	0,88252	0,73126	0,47231	0,30013	0,16503	0,10986	0,08100	0,06526	0,05418	0,04342	0,03566	0,03243	0,02984	0,02650	0,02234	0,02271	0,02561	0,02469	0,02220	0,01983
0,01300	0,01258	0,01297	0,01285	0,01267	0,01324	0,01267	0,01239	0,01266	0,04343	0,04432	0,07119	0,09026	0,07149	0,04896	0,05319	0,07545	0,09153	0,09323	0,11691	0,12791	0,15313	0,20809	0,23158	0,23219	0,19899	0,17744	0,22443	0,30128	0,50952	0,76944	0,89392	0,74799	0,47796	0,27910	0,17204	0,10944	0,07866	0,06288	0,04816	0,03710	0,03199	0,03023	0,02928	0,02572	0,02319	0,02480	0,02713	0,02607	0,02186	0,02010
0,01279	0,01292	0,01300	0,01321	0,01247	0,01338	0,01270	0,01267	0,01263	0,04037	0,03922	0,06596	0,08985	0,07307	0,05048	0,05503	0,07985	0,10325	0,11155	0,12838	0,13801	0,16080	0,20737	0,21659	0,22395	0,23824	0,26452	0,36025	0,42658	0,56580	0,74050	0,83387	0,69472	0,44307	0,25799	0,15291	0,10334	0,07442	0,05727	0,04076	0,03091	0,02802	0,02899	0,02850	0,02522	0,02558	0,02877	0,03065	0,02629	0,02101	0,01903
0,01265	0,01309	0,01251	0,01290	0,01277	0,01310	0,01311	0,01247	0,01242	0,03903	0,03571	0,06061	0,08335	0,07321	0,05717	0,05988	0,08304	0,11126	0,12423	0,13990	0,15329	0,17645	0,22285	0,23872	0,24168	0,28384	0,34957	0,43150	0,50189	0,57394	0,66872	0,70029	0,58927	0,37942	0,22557	0,13391	0,09348	0,07056	0,05399	0,03929	0,02884	0,02707	0,03036	0,03067	0,02998	0,03032	0,03584	0,03500	0,02828	0,02014	0,01787
0,01248	0,01258	0,01264	0,01284	0,01327	0,01314	0,01257	0,01263	0,01251	0,03844	0,03450	0,04688	0,07060	0,07160	0,06626	0,06707	0,08101	0,10679	0,12522	0,15326	0,17225	0,19526	0,24299	0,26841	0,26741	0,33705	0,39637	0,46081	0,50478	0,52425	0,53964	0,55255	0,44441	0,30309	0,17964	0,11238	0,08542	0,06992	0,05594	0,03981	0,03253	0,03247	0,03604	0,03450	0,03476	0,03665	0,04171	0,03764	0,02807	0,01933	0,01789
0,01231	0,01293	0,01261	0,01255	0,01337	0,01268	0,01316	0,01237	0,01205	0,03925	0,03603	0,04315	0,05807	0,06648	0,07228	0,07690	0,08320	0,09979	0,11814	0,15252	0,18578	0,20835	0,25972	0,30178	0,30368	0,36848	0,42654	0,46499	0,47902	0,45891	0,43877	0,38046	0,34053	0,23730	0,14764	0,10145	0,08308	0,07096	0,06085	0,04382	0,03799	0,03856	0,03985	0,03833	0,03907	0,04301	0,04477	0,03845	0,02759	0,02099	0,01839
0,01298	0,01328	0,01245	0,01321	0,01307	0,01330	0,01302	0,01305	0,01210	0,03867	0,03868	0,03991	0,04614	0,05731	0,07714	0,09078	0,09018	0,08990	0,09846	0,13891	0,18329	0,20427	0,25483	0,30428	0,33285	0,39566	0,44133	0,45962	0,45107	0,41895	0,35055	0,27917	0,23668	0,17745	0,13173	0,09929	0,08363	0,07544	0,06078	0,04639	0,03958	0,04111	0,04109	0,03754	0,03841	0,04172	0,04205	0,03527	0,03020	0,02440	0,02051
0,01251	0,01236	0,01318	0,01290	0,01322	0,01250	0,01302	0,01334	0,01281	0,03656	0,04061	0,04149	0,04364	0,05185	0,07414	0,09735	0,10120	0,09079	0,08051	0,11039	0,16515	0,18574	0,22130	0,26913	0,32498	0,39257	0,44104	0,43606	0,41856	0,37798	0,31156	0,23243	0,17728	0,13616	0,11144	0,08849	0,08048	0,07411	0,05969	0,04431	0,03698	0,03565	0,03490	0,03295	0,03390	0,03743	0,03368	0,03286	0,03369	0,03201	0,02565
0,01327	0,01292	0,01297	0,01306	0,01241	0,01240	0,01254	0,01237	0,01247	0,03395	0,04047	0,04493	0,04282	0,04480	0,06955	0,09884	0,11080	0,09619	0,07448	0,08684	0,13093	0,16451	0,17804	0,22439	0,27322	0,33374	0,38509	0,38555	0,33744	0,32358	0,28481	0,21576	0,15673	0,11104	0,08756	0,07439	0,07143	0,06810	0,05758	0,04122	0,03223	0,03057	0,02803	0,02603	0,02577	0,02774	0,02845	0,03444	0,04002	0,03896	0,02914
0,01255	0,01264	0,01245	0,01292	0,01238	0,01298	0,01280	0,01257	0,01223	0,02850	0,03730	0,04420	0,04483	0,04372	0,05744	0,09192	0,10789	0,10383	0,07681	0,06893	0,10546	0,12722	0,14877	0,16261	0,20559	0,26513	0,29463	0,30509	0,24508	0,21946	0,23049	0,18533	0,14002	0,09739	0,07119	0,06096	0,05870	0,06110	0,05507	0,04162	0,03166	0,02706	0,02433	0,02247	0,02323	0,02467	0,02800	0,03647	0,04413	0,04076	0,03090
0,01300	0,01287	0,01248	0,01234	0,01293	0,01247	0,01295	0,01243	0,01259	0,02656	0,03351	0,04056	0,04458	0,04402	0,05255	0,07387	0,09812	0,10354	0,08494	0,06564	0,07104	0,08969	0,10562	0,12701	0,15251	0,16995	0,20327	0,19978	0,17754	0,13606	0,14023	0,13513	0,11934	0,08606	0,06273	0,05056	0,05052	0,05628	0,05410	0,04509	0,03882	0,03183	0,02551	0,02294	0,02188	0,02270	0,02831	0,03755	0,04178	0,03917	0,03008
0,01241	0,01268	0,01244	0,01324	0,01299	0,01284	0,01280	0,01248	0,01203	0,02561	0,02954	0,03460	0,04071	0,04473	0,04681	0,06164	0,07752	0,09234	0,08504	0,06823	0,05844	0,05954	0,08111	0,10208	0,12261	0,11867	0,11246	0,12457	0,11819	0,08389	0,08024	0,07596	0,08037	0,06719	0,05745	0,04860	0,04743	0,05037	0,04953	0,04667	0,04376	0,03931	0,03213	0,02514	0,02293	0,02292	0,02811	0,03372	0,03730	0,03444	0,02904
0,01322	0,01280	0,01278	0,01246	0,01239	0,01248	0,01274	0,01245	0,01203	0,02495	0,02823	0,03000	0,03581	0,04440	0,04585	0,04955	0,05896	0,07361	0,07600	0,06881	0,05395	0,04489	0,05665	0,07832	0,09764	0,09089	0,07761	0,07471	0,07600	0,06350	0,04964	0,04745	0,05267	0,05326	0,05194	0,04843	0,04533	0,04370	0,04298	0,04273	0,04462	0,04304	0,03812	0,03291	0,02691	0,02545	0,02703	0,02987	0,03030	0,02940	0,02634
0,01310	0,01276	0,01269	0,01297	0,01288	0,01292	0,01275	0,01335	0,01197	0,02447	0,02639	0,02603	0,02949	0,03807	0,04393	0,04274	0,04439	0,05513	0,06113	0,06132	0,05195	0,04035	0,04307	0,05693	0,07635	0,08033	0,06757	0,05309	0,05314	0,05236	0,04731	0,04157	0,04155	0,04403	0,04675	0,04721	0,04484	0,03951	0,03394	0,03415	0,03854	0,04302	0,04274	0,03812	0,03307	0,02618	0,02430	0,02409	0,02390	0,02607	0,02653
0,01320	0,01308	0,01273	0,01249	0,01288	0,01311	0,01255	0,01315	0,01195	0,02338	0,02650	0,02395	0,02641	0,03388	0,04057	0,03772	0,03707	0,04209	0,04736	0,05344	0,04775	0,03857	0,04052	0,04627	0,05197	0,06292	0,06416	0,05392	0,04689	0,04727	0,04829	0,04911	0,04728	0,04690	0,04902	0,04883	0,04685	0,03887	0,03111	0,02810	0,03401	0,04085	0,04406	0,04016	0,03413	0,02687	0,02200	0,02130	0,02362	0,02584	0,02922
0,01255	0,01257	0,01291	0,01260	0,01243	0,01247	0,01332	0,01238	0,01231	0,02322	0,02784	0,02317	0,02418	0,02930	0,03289	0,03399	0,03035	0,03161	0,03562	0,04204	0,04133	0,03691	0,04110	0,04552	0,04174	0,04579	0,05357	0,05396	0,04972	0,04776	0,04857	0,05335	0,05636	0,05801	0,05994	0,05989	0,05614	0,04258	0,03247	0,02760	0,03179	0,03824	0,04078	0,03934	0,03367	0,02677	0,02254	0,02152	0,02488	0,02692	0,02874
0,01249	0,01243	0,01298	0,01291	0,01309	0,01310	0,01296	0,01286	0,01202	0,02356	0,02906	0,02352	0,02154	0,02623	0,02852	0,02858	0,02688	0,02607	0,02841	0,03347	0,03481	0,03488	0,04073	0,04793	0,04247	0,03723	0,03863	0,04548	0,05270	0,05583	0,05204	0,05301	0,05665	0,06295	0,07012	0,07204	0,06805	0,05347	0,03938	0,02801	0,02810	0,03401	0,03787	0,03888	0,03643	0,02996	0,02524	0,02476	0,02740	0,02667	0,02468
0,01236	0,01302	0,01235	0,01330	0,01328	0,01244	0,01303	0,01274	0,01213	0,02339	0,03073	0,02612	0,02022	0,02580	0,02753	0,02636	0,02424	0,02315	0,02432	0,02797	0,02987	0,03260	0,03847	0,04775	0,04683	0,03791	0,03159	0,03547	0,04781	0,06094	0,06032	0,05404	0,05240	0,06006	0,07184	0,08284	0,08218	0,06862	0,04900	0,03338	0,02744	0,03067	0,03357	0,03805	0,03650	0,03073	0,02783	0,02702	0,02603	0,02330	0,01925
0,01273	0,01243	0,01291	0,01289	0,01233	0,01283	0,01322	0,01236	0,01223	0,02391	0,03050	0,02775	0,02033	0,02622	0,02872	0,02553	0,02259	0,02157	0,02084	0,02441	0,02815	0,02949	0,03472	0,04415	0,04700	0,03915	0,03128	0,03107	0,04324	0,05923	0,06776	0,06156	0,05222	0,05470	0,06868	0,07875	0,08488	0,07566	0,05896	0,04365	0,03324	0,02834	0,03053	0,03272	0,03145	0,02811	0,02551	0,02530	0,02319	0,02023	0,01737
0,01316	0,01262	0,01323	0,01247	0,01310	0,01326	0,01245	0,01306	0,01263	0,02125	0,02841	0,02872	0,02252	0,02682	0,03033	0,02563	0,02201	0,02068	0,01922	0,02276	0,02598	0,02663	0,02966	0,04066	0,04608	0,04088	0,03158	0,03092	0,03851	0,05567	0,06860	0,07006	0,05820	0,05255	0,05694	0,06713	0,07045	0,07178	0,06276	0,05080	0,04218	0,03534	0,03007	0,02694	0,02522	0,02307	0,02257	0,02328	0,02186	0,01951	0,01822
0,01320	0,01270	0,01267	0,01340	0,01241	0,01262	0,01251	0,01319	0,01336	0,02049	0,02530	0,02718	0,02393	0,02772	0,02999	0,02568	0,02162	0,01997	0,01895	0,02157	0,02582	0,02539	0,02610	0,03260	0,04573	0,04500	0,03631	0,03296	0,03816	0,05278	0,06709	0,07038	0,06220	0,05293	0,04854	0,05015	0,05564	0,05644	0,05154	0,04881	0,04385	0,03801	0,03202	0,02600	0,02263	0,02069	0,02146	0,02176	0,02156	0,02039	0,02112
0,01311	0,01241	0,01261	0,01309	0,01327	0,01330	0,01258	0,01266	0,01620	0,01964	0,02257	0,02427	0,02434	0,02737	0,02965	0,02604	0,02094	0,02051	0,01978	0,02061	0,02443	0,02647	0,02249	0,02619	0,04172	0,04887	0,04404	0,03566	0,03661	0,04621	0,05996	0,06528	0,06018	0,04920	0,04181	0,04011	0,03885	0,03954	0,03691	0,04155	0,04038	0,03709	0,03244	0,02796	0,02344	0,02003	0,02071	0,02197	0,02333	0,02415	0,02487
0,01256	0,01271	0,01279	0,01325	0,01302	0,01315	0,01338	0,01302	0,01622	0,01911	0,02109	0,02278	0,02338	0,02623	0,02868	0,02592	0,02076	0,01977	0,02106	0,02063	0,02229	0,02680	0,02206	0,02178	0,03817	0,04978	0,04896	0,03806	0,03373	0,03979	0,05057	0,05540	0,05266	0,04590	0,03926	0,03463	0,03116	0,02966	0,03028	0,03351	0,03482	0,03481	0,03177	0,02865	0,02461	0,02135	0,02115	0,02270	0,02735	0,02903	0,02891
0,01280	0,01308	0,01247	0,01319	0,01323	0,01258	0,01244	0,01317	0,01810	0,01958	0,02150	0,02246	0,02234	0,02480	0,02792	0,02734	0,02138	0,01913	0,02146	0,02329	0,02350	0,02748	0,02646	0,01902	0,02909	0,04947	0,05363	0,04274	0,03191	0,03209	0,04332	0,04654	0,04598	0,04041	0,03642	0,03269	0,02757	0,02592	0,02724	0,03142	0,03320	0,03272	0,03073	0,02723	0,02339	0,02124	0,02131	0,02516	0,02886	0,03049	0,02972
0,01321	0,01240	0,01275	0,01261	0,01309	0,01289	0,01273	0,01251	0,02123	0,02190	0,02363	0,02312	0,02294	0,02391	0,02789	0,02870	0,02359	0,01885	0,02236	0,02692	0,02578	0,02696	0,03094	0,02317	0,02069	0,03939	0,05429	0,05116	0,03797	0,02952	0,03239	0,03706	0,03978	0,03846	0,03540	0,03013	0,02673	0,02598	0,02872	0,03320	0,03373	0,03281	0,03109	0,02960	0,02542	0,02216	0,02132	0,02258	0,02434	0,02665	0,02642
0,01269	0,01272	0,01253	0,01237	0,01297	0,01259	0,01249	0,01325	0,02331	0,02454	0,02564	0,02387	0,02295	0,02295	0,02661	0,03207	0,02964	0,02060	0,02414	0,03259	0,03038	0,02479	0,03183	0,03520	0,02305	0,02167	0,03975	0,05533	0,05529	0,04072	0,02642	0,02554	0,03407	0,03636	0,03705	0,03215	0,02764	0,02547	0,02554	0,02843	0,03047	0,03112	0,03507	0,03812	0,03419	0,02839	0,02441	0,02239	0,02190	0,02267	0,02329
0,01239	0,01293	0,01247	0,01303	0,01248	0,01323	0,01253	0,01256	0,02440	0,02720	0,02720	0,02443	0,02226	0,02170	0,02702	0,03481	0,03432	0,02542	0,02653	0,03940	0,04227	0,02899	0,02748	0,03919	0,03554	0,02191	0,02126	0,04052	0,05716	0,05322	0,03154	0,02138	0,02273	0,03152	0,03691	0,03494	0,03043	0,02696	0,02435	0,02251	0,02222	0,02244	0,03039	0,03590	0,03829	0,03424	0,03062	0,02574	0,02324	0,02348	0,02302
0,01297	0,01289	0,01295	0,01242	0,01244	0,01241	0,01248	0,01248	0,02393	0,02810	0,02658	0,02409	0,02162	0,02086	0,02601	0,03483	0,03730	0,03133	0,02781	0,04182	0,05539	0,03877	0,02304	0,03393	0,04725	0,04143	0,02348	0,02458	0,03952	0,05313	0,04606	0,03116	0,01894	0,02204	0,03189	0,03612	0,03369	0,03176	0,03002	0,02696	0,02084	0,01930	0,02305	0,02958	0,03454	0,03559	0,03341	0,02901	0,02490	0,02322	0,02304
