****************************************
     NPOF Spectra  (03/05/2016 11:28:15)
****************************************

Start wavelength : 385,764
Stop wavelebgth  : 923,626
Integration Time :  5,000
Number of averages : 20

385,764	1930,850
386,052	1932,737
386,341	1942,237
386,629	1939,050
386,918	1949,737
387,206	1952,862
387,494	1976,662
387,782	1959,537
388,071	1989,612
388,359	1994,562
388,647	1979,000
388,935	1995,300
389,223	2012,987
389,512	2020,537
389,800	2024,950
390,088	2047,300
390,376	2033,037
390,664	2043,013
390,952	2059,287
391,240	2059,075
391,528	2070,262
391,816	2087,713
392,104	2072,437
392,392	2105,625
392,680	2104,838
392,968	2096,613
393,256	2128,775
393,544	2108,713
393,832	2115,863
394,120	2135,863
394,407	2128,200
394,695	2138,937
394,983	2147,762
395,271	2167,425
395,559	2143,800
395,846	2160,425
396,134	2159,575
396,422	2165,175
396,710	2189,450
396,997	2172,875
397,285	2187,412
397,572	2190,925
397,860	2203,100
398,148	2198,412
398,435	2187,012
398,723	2221,225
399,010	2222,875
399,298	2223,662
399,585	2223,100
399,873	2230,187
400,160	2256,675
400,448	2262,425
400,735	2244,012
401,023	2275,463
401,310	2288,275
401,597	2289,687
401,885	2294,713
402,172	2282,350
402,459	2292,450
402,747	2302,512
403,034	2310,975
403,321	2324,562
403,608	2333,537
403,896	2323,187
404,183	2350,575
404,470	2357,762
404,757	2362,113
405,044	2360,812
405,331	2381,363
405,619	2379,012
405,906	2384,975
406,193	2378,525
406,480	2420,162
406,767	2409,937
407,054	2421,125
407,341	2423,675
407,628	2428,850
407,915	2444,162
408,202	2458,200
408,488	2457,412
408,775	2481,937
409,062	2474,488
409,349	2470,025
409,636	2489,550
409,923	2479,075
410,210	2501,675
410,496	2518,162
410,783	2539,912
411,070	2545,400
411,357	2563,525
411,643	2554,150
411,930	2542,562
412,217	2563,662
412,503	2597,900
412,790	2614,625
413,076	2602,875
413,363	2620,500
413,650	2628,800
413,936	2655,088
414,223	2662,325
414,509	2658,200
414,796	2666,300
415,082	2695,025
415,368	2718,450
415,655	2713,512
415,941	2716,500
416,228	2726,287
416,514	2749,937
416,800	2754,562
417,087	2762,975
417,373	2766,650
417,659	2766,725
417,946	2791,012
418,232	2788,250
418,518	2805,713
418,804	2802,363
419,090	2817,787
419,377	2845,200
419,663	2863,875
419,949	2870,113
420,235	2877,488
420,521	2904,762
420,807	2910,175
421,093	2910,925
421,379	2936,125
421,665	2946,488
421,951	2986,412
422,237	2977,738
422,523	2998,213
422,809	3003,613
423,095	3025,113
423,381	3038,650
423,667	3028,512
423,953	3049,800
424,239	3076,062
424,524	3080,113
424,810	3082,338
425,096	3131,637
425,382	3099,512
425,667	3116,750
425,953	3096,412
426,239	3094,713
426,524	3090,238
426,810	3058,200
427,096	3090,963
427,381	3162,625
427,667	3229,512
427,953	3269,050
428,238	3260,812
428,524	3281,050
428,809	3303,100
429,095	3308,262
429,380	3299,325
429,666	3343,425
429,951	3341,825
430,236	3354,750
430,522	3357,238
430,807	3382,088
431,093	3442,912
431,378	3393,238
431,663	3431,275
431,949	3479,550
432,234	3453,025
432,519	3461,838
432,804	3466,662
433,090	3517,200
433,375	3527,200
433,660	3520,925
433,945	3527,537
434,230	3559,100
434,515	3562,488
434,800	3590,875
435,085	3607,900
435,371	3626,463
435,656	3620,800
435,941	3656,738
436,226	3674,512
436,511	3713,863
436,796	3704,838
437,080	3713,475
437,365	3736,012
437,650	3769,687
437,935	3769,887
438,220	3790,775
438,505	3828,588
438,790	3815,850
439,074	3827,787
439,359	3858,912
439,644	3865,963
439,929	3889,025
440,213	3907,463
440,498	3930,088
440,783	3944,162
441,067	3934,425
441,352	3967,375
441,637	3977,912
441,921	3987,425
442,206	4001,725
442,490	4004,400
442,775	4043,925
443,059	4066,025
443,344	4054,750
443,628	4078,625
443,913	4077,412
444,197	4106,038
444,482	4114,700
444,766	4128,525
445,050	4158,650
445,335	4165,637
445,619	4154,837
445,903	4187,562
446,188	4216,225
446,472	4215,225
446,756	4216,137
447,040	4239,962
447,325	4252,575
447,609	4257,738
447,893	4298,962
448,177	4283,625
448,461	4288,663
448,745	4323,962
449,029	4346,488
449,313	4348,650
449,597	4384,387
449,881	4398,100
450,165	4417,525
450,449	4443,437
450,733	4468,637
451,017	4450,913
451,301	4481,400
451,585	4510,012
451,869	4531,175
452,153	4537,212
452,437	4545,525
452,721	4560,937
453,004	4604,212
453,288	4577,687
453,572	4594,437
453,856	4590,475
454,139	4612,062
454,423	4613,350
454,707	4671,238
454,990	4665,975
455,274	4654,375
455,558	4685,837
455,841	4681,312
456,125	4697,437
456,408	4723,288
456,692	4728,400
456,975	4716,350
457,259	4747,288
457,542	4753,400
457,826	4760,500
458,109	4779,775
458,392	4786,913
458,676	4799,850
458,959	4824,562
459,242	4841,512
459,526	4852,062
459,809	4857,262
460,092	4873,262
460,376	4875,413
460,659	4893,262
460,942	4905,400
461,225	4924,387
461,508	4928,363
461,792	4928,500
462,075	4924,600
462,358	4936,062
462,641	4961,712
462,924	4958,238
463,207	4989,600
463,490	4967,475
463,773	4981,812
464,056	5026,450
464,339	5022,275
464,622	5009,163
464,905	5048,012
465,188	5022,113
465,470	5019,413
465,753	5044,462
466,036	5039,337
466,319	5047,450
466,602	5089,512
466,885	5076,950
467,167	5091,700
467,450	5088,900
467,733	5073,863
468,015	5095,825
468,298	5120,200
468,581	5120,725
468,863	5129,425
469,146	5142,538
469,428	5156,450
469,711	5138,512
469,994	5164,012
470,276	5172,600
470,559	5181,163
470,841	5177,425
471,123	5153,225
471,406	5199,837
471,688	5212,387
471,971	5185,275
472,253	5222,962
472,535	5181,712
472,818	5214,238
473,100	5196,562
473,382	5211,038
473,664	5208,712
473,947	5264,850
474,229	5236,100
474,511	5255,387
474,793	5259,988
475,075	5247,238
475,358	5265,988
475,640	5280,863
475,922	5281,437
476,204	5301,163
476,486	5294,825
476,768	5312,312
477,050	5273,863
477,332	5321,738
477,614	5314,875
477,896	5346,825
478,178	5274,175
478,460	5312,738
478,741	5311,475
479,023	5352,950
479,305	5328,750
479,587	5332,163
479,869	5285,975
480,150	5334,350
480,432	5322,937
480,714	5349,212
480,996	5350,337
481,277	5361,400
481,559	5340,150
481,841	5327,387
482,122	5346,150
482,404	5346,163
482,685	5345,562
482,967	5370,887
483,248	5362,000
483,530	5344,125
483,811	5376,288
484,093	5363,675
484,374	5386,337
484,656	5366,800
484,937	5377,450
485,218	5370,337
485,500	5377,337
485,781	5376,325
486,062	5378,050
486,344	5402,062
486,625	5400,050
486,906	5393,225
487,187	5400,488
487,469	5388,125
487,750	5410,562
488,031	5390,538
488,312	5384,875
488,593	5387,425
488,874	5387,825
489,155	5388,125
489,436	5399,387
489,717	5369,875
489,998	5390,275
490,279	5384,387
490,560	5424,012
490,841	5380,525
491,122	5414,300
491,403	5421,913
491,684	5417,587
491,965	5383,762
492,246	5413,762
492,526	5410,038
492,807	5430,400
493,088	5427,437
493,369	5406,950
493,649	5416,337
493,930	5405,738
494,211	5429,163
494,491	5393,050
494,772	5406,050
495,053	5431,637
495,333	5398,012
495,614	5408,762
495,894	5394,488
496,175	5391,350
496,455	5388,837
496,736	5417,238
497,016	5391,788
497,297	5389,187
497,577	5342,262
497,857	5391,538
498,138	5363,275
498,418	5369,375
498,698	5402,837
498,979	5364,413
499,259	5405,163
499,539	5390,087
499,819	5416,750
500,100	5401,200
500,380	5403,125
500,660	5420,337
500,940	5400,350
501,220	5362,100
501,500	5378,425
501,780	5364,038
502,060	5325,937
502,340	5344,113
502,621	5316,613
502,900	5318,400
503,180	5361,700
503,460	5455,125
503,740	5440,137
504,020	5407,750
504,300	5444,900
504,580	5444,187
504,860	5420,437
505,140	5437,262
505,419	5425,625
505,699	5416,425
505,979	5411,700
506,259	5435,663
506,538	5402,150
506,818	5405,038
507,098	5427,663
507,377	5452,300
507,657	5416,800
507,936	5421,312
508,216	5435,050
508,495	5410,012
508,775	5439,488
509,054	5427,812
509,334	5421,625
509,613	5428,687
509,893	5450,550
510,172	5464,775
510,452	5449,837
510,731	5438,250
511,010	5434,050
511,289	5426,587
511,569	5437,725
511,848	5441,187
512,127	5443,125
512,406	5456,462
512,686	5459,762
512,965	5447,387
513,244	5419,988
513,523	5416,025
513,802	5460,075
514,081	5443,950
514,360	5462,462
514,639	5438,462
514,918	5473,212
515,197	5470,113
515,476	5456,050
515,755	5457,900
516,034	5445,900
516,313	5466,325
516,592	5471,587
516,871	5482,225
517,150	5464,812
517,429	5478,525
517,707	5491,788
517,986	5502,762
518,265	5491,575
518,544	5473,738
518,822	5495,187
519,101	5472,887
519,380	5506,212
519,658	5476,363
519,937	5524,525
520,215	5504,538
520,494	5522,375
520,772	5519,962
521,051	5482,800
521,329	5498,225
521,608	5465,725
521,886	5450,113
522,165	5472,500
522,443	5516,400
522,722	5557,250
523,000	5557,175
523,278	5535,225
523,556	5569,312
523,835	5572,325
524,113	5600,075
524,391	5568,363
524,669	5565,775
524,948	5593,562
525,226	5597,538
525,504	5589,062
525,782	5615,900
526,060	5576,275
526,338	5604,775
526,616	5637,825
526,894	5626,488
527,172	5650,100
527,450	5637,225
527,728	5650,175
528,006	5641,187
528,284	5641,437
528,562	5633,100
528,840	5630,200
529,118	5650,025
529,396	5633,562
529,673	5631,113
529,951	5682,212
530,229	5674,575
530,507	5658,163
530,784	5663,675
531,062	5673,475
531,340	5675,075
531,617	5720,675
531,895	5692,613
532,172	5695,850
532,450	5727,488
532,728	5724,637
533,005	5734,687
533,283	5721,988
533,560	5731,275
533,837	5744,500
534,115	5721,288
534,392	5713,525
534,670	5716,350
534,947	5708,200
535,224	5698,863
535,502	5714,725
535,779	5744,837
536,056	5715,550
536,333	5789,262
536,611	5773,937
536,888	5810,738
537,165	5775,387
537,442	5803,238
537,719	5811,137
537,996	5788,187
538,273	5805,562
538,550	5794,238
538,827	5837,413
539,104	5807,988
539,381	5795,738
539,658	5840,187
539,935	5859,300
540,212	5827,300
540,489	5739,663
540,766	5730,475
541,043	5685,175
541,320	5642,437
541,596	5733,812
541,873	5779,262
542,150	5927,550
542,427	5909,637
542,703	5869,462
542,980	5865,413
543,257	5868,863
543,533	5899,500
543,810	5893,387
544,086	5900,550
544,363	5921,738
544,640	5907,325
544,916	5905,012
545,193	5917,650
545,469	5918,913
545,745	5914,325
546,022	5936,725
546,298	5950,387
546,575	5915,212
546,851	5920,950
547,127	5927,812
547,404	5950,325
547,680	5960,525
547,956	5972,437
548,232	5955,225
548,508	5950,350
548,785	5974,163
549,061	5979,587
549,337	5941,387
549,613	5973,187
549,889	5957,663
550,165	5983,512
550,441	5990,000
550,717	5963,837
550,993	5960,100
551,269	5995,913
551,545	6011,050
551,821	6005,038
552,097	6019,913
552,373	6021,475
552,648	6010,575
552,924	6036,100
553,200	6004,637
553,476	6013,837
553,752	6011,488
554,027	6031,175
554,303	6011,988
554,579	6039,500
554,854	6040,562
555,130	6046,512
555,406	6039,900
555,681	6036,725
555,957	6020,087
556,232	6070,175
556,508	6047,675
556,783	6057,675
557,059	6056,900
557,334	6079,637
557,609	6052,925
557,885	6095,087
558,160	6061,988
558,435	6067,950
558,711	6039,700
558,986	6082,738
559,261	6094,375
559,537	6070,337
559,812	6116,925
560,087	6110,788
560,362	6107,637
560,637	6101,637
560,912	6118,325
561,187	6089,575
561,463	6133,087
561,738	6095,512
562,013	6131,062
562,288	6153,150
562,563	6142,687
562,837	6084,988
563,112	6141,762
563,387	6137,988
563,662	6134,187
563,937	6150,113
564,212	6142,012
564,487	6112,725
564,761	6119,750
565,036	6173,400
565,311	6165,012
565,586	6161,462
565,860	6161,050
566,135	6151,913
566,410	6149,988
566,684	6147,637
566,959	6166,750
567,233	6156,762
567,508	6138,238
567,782	6178,262
568,057	6156,600
568,331	6171,262
568,606	6180,863
568,880	6146,800
569,154	6164,625
569,429	6162,975
569,703	6145,762
569,977	6169,775
570,252	6186,187
570,526	6203,812
570,800	6204,525
571,074	6150,187
571,349	6174,175
571,623	6144,913
571,897	6159,437
572,171	6158,375
572,445	6181,637
572,719	6160,812
572,993	6168,275
573,267	6167,300
573,541	6176,187
573,815	6156,512
574,089	6145,025
574,363	6207,925
574,637	6155,587
574,911	6151,400
575,185	6166,025
575,458	6164,837
575,732	6146,175
576,006	6170,950
576,280	6164,425
576,553	6143,200
576,827	6150,637
577,101	6154,475
577,374	6124,750
577,648	6137,937
577,922	6144,262
578,195	6141,000
578,469	6130,712
578,742	6153,425
579,016	6103,137
579,289	6124,562
579,563	6106,962
579,836	6129,238
580,109	6107,613
580,383	6122,288
580,656	6113,887
580,929	6074,925
581,203	6072,863
581,476	6063,900
581,749	6097,462
582,022	6099,225
582,296	6076,025
582,569	6076,100
582,842	6077,725
583,115	6064,425
583,388	6074,137
583,661	6054,950
583,934	6054,325
584,207	6069,600
584,480	6049,762
584,753	6027,087
585,026	6053,750
585,299	6014,025
585,572	6052,500
585,845	6026,325
586,118	6009,437
586,391	6008,650
586,663	5995,712
586,936	6014,062
587,209	6048,562
587,482	6010,413
587,754	6007,650
588,027	5993,387
588,300	6024,113
588,572	6005,387
588,845	5960,962
589,117	5984,350
589,390	5979,050
589,662	5977,200
589,935	5967,363
590,207	5949,538
590,480	5934,950
590,752	5926,762
591,025	5947,238
591,297	5943,663
591,569	5942,925
591,842	5945,875
592,114	5917,725
592,386	5924,850
592,658	5903,375
592,931	5883,500
593,203	5884,700
593,475	5868,950
593,747	5822,100
594,019	5837,500
594,291	5853,137
594,563	5848,637
594,835	5865,012
595,107	5833,837
595,379	5818,250
595,651	5817,387
595,923	5789,425
596,195	5793,512
596,467	5795,863
596,739	5784,825
597,011	5790,262
597,283	5787,488
597,554	5771,700
597,826	5800,512
598,098	5773,525
598,370	5764,250
598,641	5764,387
598,913	5751,825
599,184	5745,988
599,456	5764,525
599,728	5697,687
599,999	5729,825
600,271	5718,275
600,542	5731,038
600,814	5706,350
601,085	5708,575
601,357	5695,650
601,628	5685,775
601,899	5651,675
602,171	5678,913
602,442	5671,137
602,713	5645,225
602,985	5676,038
603,256	5668,875
603,527	5661,863
603,798	5630,475
604,069	5609,525
604,341	5634,900
604,612	5600,413
604,883	5568,975
605,154	5575,950
605,425	5582,937
605,696	5599,200
605,967	5577,863
606,238	5556,212
606,509	5566,100
606,780	5530,062
607,050	5556,350
607,321	5526,500
607,592	5523,575
607,863	5546,262
608,134	5512,113
608,404	5517,975
608,675	5488,475
608,946	5464,812
609,217	5440,337
609,487	5436,900
609,758	5454,762
610,028	5445,663
610,299	5448,087
610,570	5413,675
610,840	5400,500
611,111	5409,187
611,381	5398,625
611,652	5404,288
611,922	5408,462
612,192	5365,962
612,463	5357,750
612,733	5367,762
613,003	5322,437
613,274	5365,788
613,544	5328,087
613,814	5326,825
614,084	5301,538
614,354	5320,837
614,625	5323,288
614,895	5262,887
615,165	5231,288
615,435	5271,262
615,705	5262,825
615,975	5263,062
616,245	5228,812
616,515	5171,850
616,785	5206,863
617,055	5198,288
617,325	5204,250
617,595	5169,575
617,864	5134,300
618,134	5126,900
618,404	5062,738
618,674	5036,038
618,944	5006,500
619,213	4999,375
619,483	5005,225
619,753	5069,475
620,022	5127,400
620,292	5126,337
620,561	5114,387
620,831	5098,387
621,101	5093,800
621,370	5044,613
621,640	5024,962
621,909	5015,937
622,178	5019,250
622,448	5018,562
622,717	5003,600
622,986	4982,312
623,256	4981,625
623,525	4989,900
623,794	4982,988
624,064	4950,262
624,333	4935,312
624,602	4937,175
624,871	4926,675
625,140	4895,300
625,409	4938,988
625,678	4920,212
625,948	4864,300
626,217	4849,175
626,486	4868,087
626,755	4829,400
627,023	4828,762
627,292	4833,387
627,561	4831,250
627,830	4780,375
628,099	4811,812
628,368	4784,113
628,637	4793,538
628,905	4754,700
629,174	4762,087
629,443	4734,312
629,711	4751,275
629,980	4726,425
630,249	4706,812
630,517	4723,200
630,786	4691,137
631,054	4680,950
631,323	4675,488
631,591	4633,650
631,860	4653,550
632,128	4646,400
632,397	4632,750
632,665	4616,613
632,934	4599,712
633,202	4594,562
633,470	4620,150
633,738	4582,775
634,007	4553,550
634,275	4558,700
634,543	4543,512
634,811	4575,100
635,079	4514,050
635,348	4520,663
635,616	4523,150
635,884	4520,425
636,152	4509,400
636,420	4494,062
636,688	4508,113
636,956	4454,500
637,224	4467,738
637,492	4475,475
637,759	4445,925
638,027	4412,800
638,295	4398,350
638,563	4393,925
638,831	4399,087
639,098	4388,200
639,366	4334,238
639,634	4354,525
639,902	4367,762
640,169	4336,312
640,437	4334,113
640,704	4319,887
640,972	4332,600
641,239	4305,913
641,507	4298,225
641,774	4282,788
642,042	4298,712
642,309	4251,600
642,577	4260,038
642,844	4253,712
643,111	4247,875
643,379	4233,325
643,646	4223,700
643,913	4208,125
644,180	4190,050
644,448	4198,562
644,715	4182,337
644,982	4143,913
645,249	4144,762
645,516	4095,250
645,783	4111,913
646,050	4103,113
646,317	4093,037
646,584	4059,562
646,851	4015,012
647,118	4019,812
647,385	3999,963
647,652	3930,000
647,919	3915,575
648,186	3874,137
648,453	3875,550
648,719	3887,762
648,986	3912,325
649,253	3948,425
649,519	3957,838
649,786	3918,713
650,053	3943,100
650,319	3915,025
650,586	3924,088
650,852	3887,525
651,119	3899,000
651,385	3903,350
651,652	3864,825
651,918	3865,113
652,185	3846,338
652,451	3809,387
652,718	3833,050
652,984	3800,537
653,250	3825,025
653,516	3792,550
653,783	3774,037
654,049	3752,037
654,315	3775,800
654,581	3754,125
654,847	3780,488
655,114	3779,463
655,380	3777,425
655,646	3783,800
655,912	3782,750
656,178	3777,950
656,444	3741,950
656,710	3743,363
656,976	3718,950
657,241	3701,150
657,507	3671,575
657,773	3655,150
658,039	3635,988
658,305	3615,350
658,571	3598,537
658,836	3567,787
659,102	3576,637
659,368	3560,787
659,633	3532,600
659,899	3506,100
660,164	3484,800
660,430	3457,650
660,696	3470,650
660,961	3457,850
661,227	3425,975
661,492	3429,550
661,757	3422,113
662,023	3394,312
662,288	3392,425
662,554	3370,875
662,819	3361,475
663,084	3349,437
663,349	3340,387
663,615	3345,613
663,880	3311,812
664,145	3322,187
664,410	3335,037
664,675	3334,613
664,940	3343,312
665,205	3340,863
665,470	3350,812
665,735	3366,025
666,000	3384,463
666,265	3411,562
666,530	3412,025
666,795	3450,412
667,060	3512,600
667,325	3528,738
667,590	3567,812
667,855	3602,925
668,119	3622,875
668,384	3635,925
668,649	3622,187
668,913	3619,575
669,178	3567,988
669,443	3541,150
669,707	3544,500
669,972	3562,488
670,236	3573,575
670,501	3544,812
670,765	3601,075
671,030	3556,062
671,294	3607,600
671,559	3575,625
671,823	3597,675
672,087	3594,863
672,352	3597,450
672,616	3590,912
672,880	3584,062
673,144	3582,275
673,409	3545,375
673,673	3559,012
673,937	3565,187
674,201	3528,025
674,465	3504,162
674,729	3492,762
674,993	3461,488
675,257	3424,425
675,521	3416,500
675,785	3371,963
676,049	3354,775
676,313	3356,225
676,577	3350,238
676,841	3309,850
677,104	3319,662
677,368	3293,213
677,632	3303,912
677,896	3290,300
678,159	3275,675
678,423	3262,450
678,687	3251,600
678,950	3239,937
679,214	3219,863
679,477	3216,412
679,741	3226,687
680,004	3235,088
680,268	3195,450
680,531	3207,187
680,795	3189,338
681,058	3155,650
681,321	3175,687
681,585	3152,562
681,848	3186,075
682,111	3141,613
682,374	3141,725
682,638	3126,238
682,901	3117,637
683,164	3094,762
683,427	3091,838
683,690	3084,500
683,953	3088,687
684,216	3105,575
684,479	3127,250
684,742	3084,250
685,005	3082,312
685,268	3085,600
685,531	3067,275
685,794	3062,912
686,057	3048,662
686,320	3025,662
686,582	3043,900
686,845	3042,488
687,108	3029,300
687,371	3023,988
687,633	3018,950
687,896	3015,838
688,158	3004,137
688,421	2996,100
688,684	2992,500
688,946	2967,975
689,209	2946,850
689,471	2974,250
689,734	2967,200
689,996	2938,850
690,258	2940,850
690,521	2917,600
690,783	2919,613
691,045	2913,613
691,308	2896,075
691,570	2898,437
691,832	2893,012
692,094	2879,850
692,356	2876,937
692,618	2875,637
692,881	2856,738
693,143	2841,175
693,405	2865,787
693,667	2856,025
693,929	2849,175
694,191	2805,687
694,452	2833,912
694,714	2814,325
694,976	2805,900
695,238	2782,062
695,500	2812,900
695,762	2801,162
696,023	2791,075
696,285	2780,537
696,547	2773,512
696,808	2754,950
697,070	2776,250
697,332	2731,512
697,593	2723,825
697,855	2732,012
698,116	2728,750
698,378	2728,537
698,639	2733,213
698,901	2711,950
699,162	2691,650
699,423	2684,925
699,685	2684,775
699,946	2658,787
700,207	2690,137
700,469	2663,262
700,730	2641,012
700,991	2653,012
701,252	2643,075
701,513	2628,050
701,774	2644,437
702,036	2616,900
702,297	2620,775
702,558	2627,713
702,819	2593,863
703,080	2605,437
703,341	2594,950
703,601	2576,025
703,862	2570,338
704,123	2578,250
704,384	2553,575
704,645	2557,713
704,906	2551,912
705,166	2558,450
705,427	2550,375
705,688	2545,100
705,948	2546,662
706,209	2526,850
706,469	2516,600
706,730	2507,562
706,991	2512,512
707,251	2482,900
707,512	2491,400
707,772	2486,338
708,032	2495,875
708,293	2494,012
708,553	2499,062
708,813	2477,400
709,074	2487,437
709,334	2468,525
709,594	2456,925
709,854	2464,113
710,115	2455,225
710,375	2444,787
710,635	2454,937
710,895	2452,037
711,155	2458,012
711,415	2432,575
711,675	2437,363
711,935	2422,963
712,195	2411,875
712,455	2396,387
712,715	2419,762
712,975	2386,512
713,234	2381,012
713,494	2396,512
713,754	2393,550
714,014	2365,325
714,273	2368,400
714,533	2357,262
714,793	2359,900
715,052	2353,050
715,312	2343,575
715,571	2355,937
715,831	2344,750
716,090	2324,475
716,350	2354,100
716,609	2325,275
716,869	2313,850
717,128	2325,375
717,387	2318,125
717,647	2300,437
717,906	2303,925
718,165	2310,588
718,425	2319,575
718,684	2306,325
718,943	2278,675
719,202	2287,238
719,461	2273,613
719,720	2279,075
719,979	2286,713
720,238	2281,075
720,497	2258,675
720,756	2231,137
721,015	2244,287
721,274	2256,900
721,533	2244,650
721,792	2246,537
722,051	2249,912
722,309	2214,187
722,568	2255,325
722,827	2213,363
723,086	2206,275
723,344	2196,750
723,603	2211,075
723,861	2199,275
724,120	2197,387
724,379	2196,937
724,637	2179,838
724,896	2186,825
725,154	2169,963
725,412	2173,162
725,671	2178,150
725,929	2147,925
726,188	2162,875
726,446	2155,488
726,704	2143,713
726,962	2135,363
727,221	2155,963
727,479	2114,363
727,737	2131,512
727,995	2129,700
728,253	2123,338
728,511	2115,662
728,769	2099,187
729,027	2124,713
729,285	2108,637
729,543	2087,863
729,801	2106,738
730,059	2089,000
730,317	2078,512
730,575	2091,100
730,832	2094,800
731,090	2060,312
731,348	2082,550
731,606	2066,475
731,863	2052,838
732,121	2070,075
732,379	2060,937
732,636	2056,975
732,894	2059,375
733,151	2061,412
733,409	2046,100
733,666	2027,025
733,924	2027,450
734,181	2009,237
734,438	2027,362
734,696	2015,862
734,953	2008,725
735,210	1977,388
735,468	2020,725
735,725	2000,625
735,982	1997,675
736,239	1983,600
736,496	2002,450
736,753	1988,737
737,010	1976,775
737,267	1983,213
737,524	1964,600
737,781	1959,312
738,038	1970,963
738,295	1974,300
738,552	1949,275
738,809	1953,237
739,066	1961,100
739,323	1948,162
739,579	1922,612
739,836	1930,800
740,093	1938,787
740,350	1920,325
740,606	1921,987
740,863	1928,213
741,119	1898,612
741,376	1914,237
741,632	1925,937
741,889	1898,362
742,145	1930,975
742,402	1904,050
742,658	1895,875
742,915	1903,975
743,171	1882,213
743,427	1884,775
743,683	1885,050
743,940	1872,888
744,196	1875,737
744,452	1875,088
744,708	1869,425
744,964	1862,375
745,220	1842,000
745,477	1866,537
745,733	1858,025
745,989	1863,100
746,245	1841,588
746,500	1843,787
746,756	1843,088
747,012	1834,088
747,268	1842,550
747,524	1841,588
747,780	1830,562
748,035	1828,525
748,291	1821,138
748,547	1820,638
748,803	1807,112
749,058	1811,187
749,314	1788,550
749,569	1798,662
749,825	1793,037
750,080	1807,325
750,336	1804,737
750,591	1793,650
750,847	1780,612
751,102	1787,125
751,357	1773,075
751,613	1781,888
751,868	1774,125
752,123	1759,375
752,379	1765,412
752,634	1761,763
752,889	1780,588
753,144	1775,362
753,399	1738,550
753,654	1770,912
753,909	1761,125
754,164	1758,162
754,419	1738,013
754,674	1742,187
754,929	1744,588
755,184	1747,662
755,439	1723,600
755,694	1724,112
755,949	1736,750
756,203	1713,125
756,458	1726,388
756,713	1724,850
756,967	1712,600
757,222	1721,763
757,477	1713,325
757,731	1734,862
757,986	1708,400
758,240	1700,950
758,495	1699,588
758,749	1697,713
759,004	1689,763
759,258	1689,612
759,512	1678,138
759,767	1687,050
760,021	1680,025
760,275	1679,225
760,530	1694,475
760,784	1674,362
761,038	1674,912
761,292	1668,763
761,546	1671,088
761,800	1649,112
762,054	1661,925
762,308	1656,588
762,562	1656,600
762,816	1642,537
763,070	1648,550
763,324	1643,550
763,578	1649,888
763,832	1637,037
764,086	1650,800
764,339	1653,175
764,593	1634,862
764,847	1630,338
765,101	1638,150
765,354	1635,525
765,608	1616,362
765,861	1617,500
766,115	1624,750
766,368	1627,050
766,622	1615,112
766,875	1625,850
767,129	1629,800
767,382	1601,412
767,636	1608,437
767,889	1603,237
768,142	1614,437
768,395	1601,000
768,649	1614,437
768,902	1594,537
769,155	1594,200
769,408	1597,125
769,661	1589,925
769,914	1587,250
770,167	1587,075
770,420	1577,600
770,673	1575,525
770,926	1584,800
771,179	1574,325
771,432	1575,513
771,685	1579,425
771,938	1578,325
772,191	1564,612
772,443	1580,463
772,696	1565,800
772,949	1551,412
773,201	1547,062
773,454	1564,150
773,707	1567,200
773,959	1551,850
774,212	1538,725
774,464	1556,787
774,717	1533,600
774,969	1539,550
775,222	1529,013
775,474	1542,662
775,726	1530,875
775,979	1540,062
776,231	1536,950
776,483	1519,713
776,735	1521,975
776,988	1522,725
777,240	1520,600
777,492	1522,713
777,744	1533,375
777,996	1525,800
778,248	1522,075
778,500	1513,263
778,752	1505,600
779,004	1487,737
779,256	1484,437
779,508	1504,575
779,760	1511,900
780,011	1504,775
780,263	1502,025
780,515	1482,062
780,767	1487,350
781,018	1502,625
781,270	1487,125
781,522	1479,838
781,773	1485,888
782,025	1467,700
782,276	1477,737
782,528	1463,787
782,779	1463,287
783,031	1474,125
783,282	1459,200
783,533	1450,987
783,785	1466,138
784,036	1458,925
784,287	1454,050
784,539	1469,975
784,790	1456,075
785,041	1451,562
785,292	1440,987
785,543	1447,825
785,794	1442,450
786,045	1444,000
786,296	1434,400
786,547	1442,062
786,798	1428,537
787,049	1420,350
787,300	1434,112
787,551	1436,062
787,802	1430,550
788,052	1428,713
788,303	1422,338
788,554	1426,175
788,805	1403,487
789,055	1425,662
789,306	1418,562
789,556	1413,713
789,807	1408,812
790,058	1399,775
790,308	1411,950
790,558	1405,950
790,809	1404,862
791,059	1397,662
791,310	1388,862
791,560	1384,500
791,810	1400,250
792,061	1377,175
792,311	1387,838
792,561	1366,638
792,811	1394,575
793,061	1368,388
793,311	1370,800
793,561	1378,537
793,812	1369,375
794,062	1373,513
794,312	1379,550
794,561	1372,687
794,811	1359,487
795,061	1362,088
795,311	1359,775
795,561	1361,775
795,811	1361,662
796,060	1353,500
796,310	1346,862
796,560	1337,750
796,809	1363,287
797,059	1351,625
797,309	1342,187
797,558	1357,225
797,808	1363,612
798,057	1352,900
798,307	1346,650
798,556	1345,013
798,806	1328,888
799,055	1334,150
799,304	1335,088
799,553	1317,450
799,803	1331,088
800,052	1321,275
800,301	1329,000
800,550	1325,375
800,799	1313,562
801,049	1323,150
801,298	1312,350
801,547	1328,463
801,796	1334,588
802,045	1323,225
802,294	1329,463
802,542	1320,225
802,791	1309,338
803,040	1313,900
803,289	1308,463
803,538	1312,575
803,786	1309,100
804,035	1308,588
804,284	1304,312
804,532	1306,963
804,781	1300,175
805,030	1293,600
805,278	1296,862
805,527	1305,625
805,775	1285,625
806,024	1306,275
806,272	1283,787
806,520	1296,362
806,769	1308,550
807,017	1294,612
807,265	1301,338
807,514	1272,037
807,762	1300,575
808,010	1283,750
808,258	1281,787
808,506	1288,775
808,754	1290,237
809,002	1280,925
809,250	1275,800
809,498	1286,487
809,746	1286,487
809,994	1278,525
810,242	1280,013
810,490	1290,250
810,738	1275,725
810,986	1289,812
811,233	1278,950
811,481	1275,200
811,729	1258,588
811,976	1270,050
812,224	1270,975
812,472	1265,537
812,719	1276,650
812,967	1276,750
813,214	1262,963
813,462	1247,200
813,709	1236,325
813,956	1233,513
814,204	1264,062
814,451	1250,575
814,698	1275,775
814,946	1244,112
815,193	1245,037
815,440	1209,638
815,687	1180,825
815,934	1148,500
816,181	1166,950
816,428	1187,888
816,675	1235,675
816,922	1265,612
817,169	1273,475
817,416	1266,588
817,663	1255,500
817,910	1254,412
818,157	1268,025
818,404	1271,013
818,650	1247,750
818,897	1266,513
819,144	1262,675
819,390	1241,213
819,637	1256,612
819,884	1252,138
820,130	1235,088
820,377	1237,487
820,623	1249,138
820,870	1243,975
821,116	1230,687
821,362	1225,625
821,609	1247,013
821,855	1240,750
822,101	1245,150
822,348	1249,275
822,594	1223,513
822,840	1235,275
823,086	1232,662
823,332	1237,275
823,578	1232,187
823,824	1224,450
824,070	1223,937
824,316	1227,150
824,562	1230,388
824,808	1229,475
825,054	1228,775
825,300	1222,250
825,546	1228,600
825,792	1215,912
826,037	1207,300
826,283	1218,375
826,529	1216,975
826,774	1223,825
827,020	1211,987
827,266	1207,750
827,511	1212,725
827,757	1209,675
828,002	1219,213
828,248	1209,862
828,493	1212,662
828,738	1207,900
828,984	1203,912
829,229	1195,825
829,474	1209,187
829,720	1200,550
829,965	1188,888
830,210	1186,600
830,455	1205,150
830,700	1188,800
830,945	1187,100
831,190	1181,575
831,435	1181,550
831,680	1179,412
831,925	1174,838
832,170	1178,787
832,415	1186,812
832,660	1178,437
832,905	1176,700
833,149	1178,100
833,394	1165,513
833,639	1180,150
833,884	1181,013
834,128	1152,425
834,373	1176,900
834,617	1151,650
834,862	1150,687
835,106	1166,200
835,351	1168,362
835,595	1153,775
835,840	1148,925
836,084	1144,575
836,328	1140,525
836,573	1157,787
836,817	1144,825
837,061	1150,325
837,305	1154,937
837,550	1138,675
837,794	1140,825
838,038	1124,088
838,282	1132,763
838,526	1129,025
838,770	1128,575
839,014	1139,737
839,258	1142,437
839,502	1126,300
839,745	1133,625
839,989	1138,525
840,233	1125,138
840,477	1128,963
840,721	1119,312
840,964	1124,050
841,208	1120,875
841,451	1121,850
841,695	1112,425
841,939	1124,350
842,182	1099,325
842,426	1125,588
842,669	1113,275
842,912	1095,213
843,156	1110,900
843,399	1111,037
843,642	1095,287
843,886	1108,737
844,129	1092,937
844,372	1099,213
844,615	1089,713
844,858	1093,162
845,102	1089,263
845,345	1080,700
845,588	1074,013
845,831	1075,300
846,074	1090,987
846,317	1083,550
846,559	1066,537
846,802	1083,800
847,045	1081,675
847,288	1072,513
847,531	1076,225
847,773	1058,200
848,016	1078,075
848,259	1065,700
848,501	1051,437
848,744	1062,350
848,987	1065,050
849,229	1060,100
849,472	1061,525
849,714	1050,888
849,956	1052,075
850,199	1042,713
850,441	1055,675
850,683	1041,150
850,926	1035,225
851,168	1036,375
851,410	1026,838
851,652	1029,750
851,894	1018,013
852,137	1012,650
852,379	1017,700
852,621	1018,263
852,863	1020,200
853,105	1037,463
853,347	1032,562
853,588	1024,013
853,830	1017,663
854,072	1023,587
854,314	1017,800
854,556	1010,825
854,797	1004,750
855,039	999,550
855,281	999,600
855,522	999,075
855,764	984,413
856,005	992,763
856,247	982,138
856,488	995,737
856,730	983,612
856,971	989,087
857,213	977,987
857,454	979,925
857,695	990,125
857,937	972,138
858,178	980,000
858,419	971,750
858,660	964,125
858,901	966,475
859,142	962,025
859,383	962,587
859,625	961,513
859,865	957,800
860,106	956,987
860,347	945,538
860,588	943,875
860,829	949,163
861,070	949,937
861,311	941,175
861,551	926,763
861,792	933,312
862,033	929,825
862,273	934,062
862,514	942,800
862,755	934,175
862,995	931,038
863,236	923,163
863,476	921,175
863,717	919,163
863,957	908,663
864,197	910,913
864,438	917,275
864,678	899,500
864,918	920,737
865,158	893,237
865,399	893,025
865,639	894,487
865,879	889,025
866,119	877,937
866,359	893,975
866,599	885,737
866,839	874,650
867,079	874,087
867,319	879,975
867,559	882,538
867,799	865,612
868,038	872,538
868,278	874,750
868,518	871,525
868,758	850,700
868,997	849,163
869,237	869,400
869,476	856,750
869,716	846,487
869,955	823,125
870,195	840,525
870,434	857,100
870,674	820,050
870,913	825,112
871,153	824,837
871,392	815,750
871,631	810,987
871,870	814,725
872,110	799,362
872,349	787,950
872,588	795,312
872,827	814,675
873,066	806,275
873,305	776,225
873,544	808,163
873,783	818,500
874,022	814,212
874,261	805,300
874,500	811,775
874,738	805,712
874,977	797,900
875,216	783,937
875,455	791,200
875,693	782,425
875,932	783,100
876,171	782,725
876,409	771,462
876,648	775,212
876,886	774,600
877,125	770,825
877,363	772,712
877,601	770,750
877,840	763,038
878,078	754,775
878,316	759,900
878,555	754,150
878,793	754,888
879,031	736,937
879,269	756,112
879,507	736,150
879,745	727,150
879,983	751,388
880,221	740,050
880,459	750,550
880,697	727,187
880,935	735,962
881,173	718,462
881,411	732,413
881,648	718,562
881,886	722,725
882,124	727,775
882,362	696,250
882,599	710,550
882,837	705,913
883,074	698,562
883,312	698,700
883,549	703,325
883,787	697,450
884,024	691,562
884,262	692,100
884,499	684,212
884,736	687,400
884,974	697,913
885,211	684,513
885,448	686,000
885,685	684,737
885,922	678,550
886,159	674,275
886,396	687,288
886,634	671,638
886,870	675,350
887,107	661,075
887,344	676,413
887,581	659,050
887,818	669,350
888,055	665,850
888,292	660,812
888,528	653,237
888,765	662,913
889,002	641,825
889,238	651,562
889,475	646,163
889,712	646,712
889,948	642,625
890,185	653,062
890,421	642,312
890,657	634,775
890,894	627,187
891,130	636,513
891,366	627,237
891,603	629,225
891,839	631,200
892,075	619,625
892,311	616,850
892,547	617,825
892,784	623,237
893,020	624,425
893,256	612,425
893,492	613,013
893,728	610,800
893,963	603,163
894,199	609,850
894,435	609,275
894,671	600,362
894,907	608,663
895,142	591,025
895,378	601,325
895,614	607,513
895,849	594,250
896,085	590,987
896,321	587,575
896,556	576,675
896,792	584,462
897,027	584,150
897,262	569,013
897,498	573,837
897,733	568,175
897,968	575,950
898,204	565,475
898,439	568,062
898,674	568,200
898,909	562,163
899,144	553,138
899,379	557,400
899,614	558,000
899,849	547,138
900,084	555,812
900,319	552,812
900,554	556,638
900,789	556,263
901,024	557,650
901,259	541,225
901,493	540,138
901,728	537,087
901,963	527,650
902,197	552,163
902,432	536,312
902,667	531,212
902,901	525,125
903,136	531,225
903,370	533,337
903,604	523,025
903,839	519,850
904,073	533,125
904,307	524,250
904,542	510,637
904,776	521,212
905,010	506,962
905,244	507,712
905,478	501,350
905,713	499,475
905,947	498,538
906,181	509,587
906,415	503,875
906,649	504,750
906,882	486,700
907,116	500,575
907,350	490,738
907,584	495,975
907,818	483,050
908,051	490,312
908,285	494,050
908,519	492,400
908,752	479,038
908,986	477,450
909,219	474,875
909,453	473,025
909,686	472,825
909,920	479,937
910,153	465,275
910,387	473,525
910,620	458,800
910,853	468,538
911,086	454,887
911,320	461,562
911,553	453,163
911,786	458,863
912,019	456,900
912,252	455,525
912,485	454,600
912,718	451,600
912,951	444,962
913,184	445,875
913,417	442,337
913,650	445,400
913,882	444,788
914,115	434,425
914,348	433,437
914,581	434,562
914,813	428,738
915,046	432,587
915,278	418,163
915,511	416,925
915,743	415,950
915,976	425,238
916,208	419,925
916,441	415,137
916,673	401,538
916,905	400,725
917,138	394,250
917,370	395,137
917,602	398,800
917,834	389,925
918,066	389,050
918,299	385,725
918,531	382,825
918,763	373,113
918,995	367,975
919,227	379,062
919,458	372,700
919,690	368,925
919,922	368,225
920,154	368,800
920,386	363,312
920,617	359,562
920,849	356,675
921,081	352,525
921,312	358,113
921,544	351,462
921,775	350,238
922,007	351,350
922,238	348,875
922,470	348,075
922,701	351,762
922,933	348,000
923,164	342,975
923,395	345,925
923,626	337,613
