17,10000	17,60000	18,10000	18,60000	19,10000	19,60000	20,10000	20,60000	21,10000	21,60000	22,10000	22,60000	23,10000	23,60000	24,10000	24,60000	25,10000	25,60000	26,10000	26,60000	27,10000	27,60000	28,10000	28,60000	29,10000	29,60000	30,10000	30,60000	31,10000	31,60000	32,10000	32,60000	33,10000	33,60000	34,10000	34,60000	35,10000	35,60000	36,10000	36,60000	37,10000	37,60000	38,10000	38,60000	39,10000	39,60000	40,10000	40,60000	41,10000	41,60000	42,10000
13,00000	13,50000	14,00000	14,50000	15,00000	15,50000	16,00000	16,50000	17,00000	17,50000	18,00000	18,50000	19,00000	19,50000	20,00000	20,50000	21,00000	21,50000	22,00000	22,50000	23,00000	23,50000	24,00000	24,50000	25,00000	25,50000	26,00000	26,50000	27,00000	27,50000	28,00000	28,50000	29,00000	29,50000	30,00000	30,50000	31,00000	31,50000	32,00000	32,50000	33,00000	33,50000	34,00000	34,50000	35,00000	35,50000	36,00000	36,50000	37,00000	37,50000	38,00000
0,00396	0,00511	0,00560	0,00702	0,00870	0,01023	0,01048	0,00759	0,00691	0,00628	0,00535	0,00496	0,00507	0,00473	0,00480	0,00424	0,00381	0,00308	0,00302	0,00341	0,00406	0,00495	0,00565	0,00596	0,00574	0,00496	0,00474	0,00553	0,00690	0,00810	0,00847	0,00675	0,00590	0,00520	0,00482	0,00488	0,00626	0,00851	0,00895	0,00726	0,00654	0,00638	0,00562	0,00428	0,00421	0,00575	0,00726	0,00755	0,00633	0,00396	0,00396
0,00448	0,00508	0,00644	0,00850	0,01058	0,01174	0,01161	0,00999	0,00817	0,00671	0,00540	0,00440	0,00411	0,00404	0,00413	0,00398	0,00345	0,00305	0,00301	0,00343	0,00448	0,00593	0,00658	0,00643	0,00599	0,00487	0,00447	0,00498	0,00720	0,00950	0,01033	0,00815	0,00681	0,00557	0,00471	0,00450	0,00569	0,00843	0,00929	0,00743	0,00689	0,00683	0,00612	0,00457	0,00378	0,00468	0,00662	0,00770	0,00737	0,00396	0,00396
0,00474	0,00560	0,00746	0,00999	0,01173	0,01167	0,01103	0,01035	0,00882	0,00709	0,00572	0,00432	0,00354	0,00350	0,00371	0,00384	0,00371	0,00323	0,00306	0,00346	0,00433	0,00595	0,00679	0,00647	0,00568	0,00483	0,00451	0,00505	0,00679	0,00935	0,01187	0,01035	0,00896	0,00701	0,00519	0,00437	0,00485	0,00687	0,00826	0,00654	0,00601	0,00642	0,00607	0,00472	0,00377	0,00366	0,00496	0,00634	0,00719	0,00396	0,00396
0,00522	0,00637	0,00858	0,01137	0,01243	0,01159	0,01039	0,00894	0,00772	0,00640	0,00557	0,00424	0,00365	0,00349	0,00353	0,00385	0,00393	0,00372	0,00318	0,00363	0,00440	0,00543	0,00599	0,00579	0,00461	0,00385	0,00371	0,00386	0,00562	0,00798	0,01020	0,01067	0,00949	0,00838	0,00640	0,00490	0,00447	0,00572	0,00703	0,00592	0,00500	0,00504	0,00527	0,00496	0,00428	0,00378	0,00360	0,00452	0,00573	0,00396	0,00396
0,00634	0,00743	0,00961	0,01190	0,01292	0,01223	0,01131	0,00857	0,00705	0,00607	0,00534	0,00441	0,00423	0,00403	0,00354	0,00359	0,00393	0,00397	0,00356	0,00382	0,00438	0,00499	0,00500	0,00479	0,00422	0,00342	0,00340	0,00328	0,00401	0,00510	0,00744	0,00804	0,00746	0,00715	0,00646	0,00513	0,00417	0,00495	0,00652	0,00613	0,00490	0,00431	0,00421	0,00484	0,00566	0,00503	0,00414	0,00378	0,00426	0,00396	0,00396
0,00736	0,00822	0,00998	0,01214	0,01330	0,01383	0,01397	0,01017	0,00767	0,00591	0,00461	0,00409	0,00434	0,00425	0,00341	0,00320	0,00406	0,00475	0,00436	0,00435	0,00458	0,00436	0,00385	0,00365	0,00341	0,00352	0,00414	0,00430	0,00408	0,00403	0,00517	0,00603	0,00514	0,00477	0,00515	0,00475	0,00419	0,00445	0,00618	0,00677	0,00619	0,00467	0,00408	0,00463	0,00651	0,00742	0,00622	0,00506	0,00419	0,00396	0,00396
0,00802	0,00846	0,01013	0,01283	0,01433	0,01503	0,01521	0,01205	0,00884	0,00699	0,00466	0,00386	0,00420	0,00411	0,00343	0,00374	0,00451	0,00586	0,00583	0,00563	0,00531	0,00455	0,00404	0,00340	0,00334	0,00332	0,00396	0,00526	0,00516	0,00459	0,00417	0,00456	0,00421	0,00401	0,00419	0,00409	0,00412	0,00455	0,00604	0,00729	0,00784	0,00638	0,00518	0,00449	0,00684	0,00890	0,00866	0,00689	0,00580	0,00396	0,00396
0,00880	0,00870	0,01025	0,01367	0,01516	0,01480	0,01425	0,01343	0,01115	0,00956	0,00655	0,00462	0,00471	0,00452	0,00446	0,00484	0,00577	0,00715	0,00751	0,00797	0,00681	0,00571	0,00560	0,00510	0,00503	0,00404	0,00359	0,00432	0,00501	0,00466	0,00408	0,00365	0,00363	0,00354	0,00372	0,00379	0,00431	0,00502	0,00644	0,00777	0,00864	0,00826	0,00714	0,00558	0,00598	0,00879	0,01002	0,00944	0,00749	0,00396	0,00396
0,00793	0,00781	0,00908	0,01294	0,01470	0,01409	0,01310	0,01366	0,01387	0,01410	0,01143	0,00781	0,00741	0,00625	0,00592	0,00618	0,00745	0,00880	0,00897	0,00917	0,00842	0,00612	0,00612	0,00665	0,00726	0,00664	0,00465	0,00361	0,00471	0,00517	0,00441	0,00358	0,00326	0,00318	0,00339	0,00370	0,00433	0,00565	0,00700	0,00751	0,00829	0,00842	0,00826	0,00690	0,00604	0,00758	0,00929	0,01022	0,00926	0,00396	0,00396
0,00717	0,00674	0,00720	0,00960	0,01160	0,01285	0,01332	0,01424	0,01620	0,01689	0,01604	0,01564	0,01546	0,01220	0,00997	0,00738	0,00838	0,00950	0,00856	0,00838	0,00825	0,00721	0,00626	0,00605	0,00692	0,00860	0,00685	0,00435	0,00565	0,00696	0,00592	0,00413	0,00369	0,00343	0,00346	0,00352	0,00449	0,00625	0,00762	0,00741	0,00747	0,00754	0,00768	0,00719	0,00594	0,00623	0,00751	0,00941	0,00982	0,00396	0,00396
0,00749	0,00799	0,00733	0,00735	0,00833	0,01036	0,01374	0,01578	0,01661	0,01676	0,01663	0,01986	0,02289	0,02085	0,01632	0,01192	0,01059	0,01137	0,00885	0,00616	0,00580	0,00748	0,00750	0,00604	0,00542	0,00742	0,00780	0,00620	0,00789	0,00914	0,00746	0,00478	0,00401	0,00395	0,00393	0,00380	0,00491	0,00655	0,00823	0,00759	0,00690	0,00627	0,00636	0,00626	0,00567	0,00521	0,00580	0,00741	0,00894	0,00396	0,00396
0,00845	0,01013	0,00933	0,00765	0,00683	0,00850	0,01167	0,01778	0,01879	0,02050	0,02103	0,02048	0,02094	0,01995	0,01719	0,01472	0,01407	0,01628	0,01289	0,00765	0,00488	0,00640	0,00856	0,00698	0,00514	0,00591	0,00689	0,00775	0,00944	0,00949	0,00755	0,00509	0,00441	0,00474	0,00496	0,00519	0,00591	0,00717	0,00896	0,00813	0,00668	0,00541	0,00507	0,00508	0,00488	0,00462	0,00468	0,00569	0,00705	0,00396	0,00396
0,00841	0,01092	0,01085	0,00997	0,00983	0,01112	0,01114	0,01549	0,01777	0,02216	0,02803	0,02692	0,02133	0,01484	0,01365	0,01478	0,01629	0,01746	0,01561	0,01154	0,00762	0,00611	0,00870	0,00776	0,00612	0,00658	0,00668	0,00747	0,00820	0,00727	0,00587	0,00492	0,00514	0,00614	0,00748	0,00847	0,00898	0,00883	0,00970	0,00912	0,00704	0,00503	0,00421	0,00436	0,00439	0,00426	0,00429	0,00446	0,00538	0,00396	0,00396
0,00717	0,01025	0,01097	0,01090	0,01364	0,01578	0,01454	0,01384	0,01742	0,02292	0,02649	0,02877	0,02541	0,01683	0,01423	0,01514	0,01558	0,01522	0,01412	0,01348	0,01195	0,00796	0,00889	0,00845	0,00687	0,00856	0,00767	0,00676	0,00664	0,00523	0,00496	0,00590	0,00697	0,00865	0,01113	0,01359	0,01355	0,01165	0,01064	0,00975	0,00711	0,00477	0,00412	0,00394	0,00386	0,00425	0,00456	0,00457	0,00457	0,00396	0,00396
0,00669	0,00986	0,01108	0,01046	0,01366	0,01818	0,01591	0,01676	0,02454	0,03272	0,02552	0,01989	0,02106	0,02096	0,01929	0,01903	0,01619	0,01379	0,01258	0,01398	0,01425	0,00978	0,00887	0,00899	0,00658	0,00865	0,00912	0,00711	0,00609	0,00681	0,00793	0,00879	0,01041	0,01225	0,01470	0,01760	0,01802	0,01406	0,01159	0,00999	0,00706	0,00484	0,00399	0,00374	0,00380	0,00421	0,00458	0,00488	0,00424	0,00396	0,00396
0,00692	0,01039	0,01315	0,01076	0,01170	0,01781	0,01780	0,01807	0,03043	0,04390	0,03388	0,01742	0,01484	0,01947	0,02333	0,02402	0,01941	0,01584	0,01327	0,01286	0,01431	0,01095	0,00818	0,00865	0,00670	0,00690	0,00867	0,00825	0,00828	0,01089	0,01299	0,01235	0,01379	0,01551	0,01690	0,01861	0,01917	0,01556	0,01214	0,00962	0,00723	0,00549	0,00444	0,00404	0,00375	0,00402	0,00449	0,00513	0,00454	0,00396	0,00396
0,00643	0,01014	0,01391	0,01165	0,00924	0,01584	0,01855	0,02003	0,03134	0,04655	0,04531	0,02421	0,01720	0,01798	0,02271	0,02801	0,02479	0,02313	0,01915	0,01405	0,01371	0,01200	0,00948	0,00789	0,00634	0,00602	0,00808	0,00984	0,01101	0,01508	0,01821	0,01570	0,01506	0,01609	0,01632	0,01646	0,01727	0,01503	0,01152	0,00799	0,00670	0,00644	0,00571	0,00489	0,00417	0,00414	0,00443	0,00498	0,00476	0,00396	0,00396
0,00900	0,01230	0,01339	0,01105	0,01094	0,01833	0,01864	0,02249	0,03162	0,04644	0,04765	0,03222	0,02343	0,01888	0,02155	0,02786	0,02855	0,02820	0,02568	0,01981	0,01531	0,01295	0,01263	0,01038	0,00735	0,00595	0,00897	0,01202	0,01333	0,01746	0,02124	0,01739	0,01486	0,01505	0,01409	0,01285	0,01330	0,01303	0,01067	0,00600	0,00555	0,00661	0,00738	0,00626	0,00465	0,00397	0,00445	0,00504	0,00496	0,00396	0,00396
0,01512	0,01809	0,01566	0,01163	0,01715	0,02932	0,02454	0,02001	0,02877	0,04431	0,05023	0,03688	0,03092	0,02365	0,02259	0,02937	0,03127	0,03298	0,03166	0,02780	0,01961	0,01344	0,01477	0,01551	0,01180	0,00717	0,00911	0,01351	0,01469	0,01700	0,02139	0,01840	0,01337	0,01291	0,01132	0,00976	0,00987	0,01092	0,01023	0,00514	0,00480	0,00621	0,00808	0,00805	0,00540	0,00415	0,00426	0,00481	0,00524	0,00396	0,00396
0,02216	0,02502	0,02184	0,01854	0,02800	0,04592	0,04203	0,01560	0,02213	0,04236	0,05135	0,04166	0,03751	0,03101	0,02659	0,03361	0,04009	0,03935	0,03971	0,03748	0,03032	0,01664	0,01433	0,01835	0,01672	0,01177	0,00961	0,01293	0,01415	0,01508	0,01849	0,01864	0,01309	0,01134	0,00975	0,00801	0,00849	0,01038	0,01131	0,00587	0,00561	0,00589	0,00786	0,00917	0,00676	0,00450	0,00427	0,00481	0,00557	0,00396	0,00396
0,03635	0,03341	0,02958	0,03141	0,04072	0,05674	0,05797	0,02497	0,03022	0,05777	0,05661	0,04382	0,03859	0,03337	0,03164	0,04014	0,05224	0,04884	0,04274	0,04266	0,04205	0,02596	0,01643	0,01644	0,01613	0,01392	0,01094	0,01185	0,01300	0,01280	0,01473	0,01676	0,01273	0,01058	0,00959	0,00821	0,00822	0,01066	0,01301	0,00846	0,00762	0,00662	0,00791	0,00932	0,00763	0,00513	0,00429	0,00470	0,00563	0,00396	0,00396
0,05076	0,04352	0,03822	0,04741	0,05984	0,06642	0,06365	0,04429	0,05760	0,09796	0,08218	0,05085	0,03287	0,02919	0,03631	0,04705	0,06209	0,06104	0,04624	0,03868	0,04575	0,03601	0,02174	0,01490	0,01235	0,01278	0,01177	0,01120	0,01251	0,01274	0,01330	0,01430	0,01172	0,01032	0,00990	0,00946	0,00913	0,01079	0,01410	0,01103	0,00954	0,00781	0,00808	0,00900	0,00787	0,00576	0,00466	0,00426	0,00534	0,00396	0,00396
0,04486	0,03710	0,03364	0,04360	0,06577	0,07598	0,07868	0,05834	0,08449	0,14090	0,13986	0,07087	0,02759	0,02557	0,04300	0,06308	0,05925	0,06442	0,05653	0,04013	0,05052	0,04655	0,02980	0,01752	0,01129	0,01006	0,01059	0,01004	0,01189	0,01334	0,01380	0,01335	0,01119	0,00995	0,00978	0,01072	0,01046	0,01122	0,01413	0,01236	0,01029	0,00860	0,00818	0,00833	0,00753	0,00616	0,00456	0,00421	0,00481	0,00396	0,00396
0,02470	0,02066	0,02222	0,03112	0,04038	0,04911	0,07084	0,07950	0,10732	0,16498	0,19074	0,11079	0,03800	0,03663	0,05942	0,09287	0,06016	0,05787	0,06355	0,05274	0,06143	0,06829	0,04251	0,02326	0,01433	0,01068	0,00998	0,00842	0,00968	0,01280	0,01452	0,01339	0,01083	0,00965	0,00964	0,01082	0,01173	0,01184	0,01394	0,01237	0,01001	0,00860	0,00763	0,00765	0,00690	0,00573	0,00503	0,00415	0,00422	0,00396	0,00396
0,01653	0,01600	0,02295	0,03552	0,03097	0,02277	0,03535	0,08299	0,10728	0,15124	0,18097	0,11186	0,04372	0,05924	0,08279	0,11332	0,09777	0,08989	0,09303	0,07596	0,06893	0,08672	0,06226	0,03822	0,02204	0,01437	0,01118	0,00884	0,00782	0,01025	0,01425	0,01371	0,01005	0,00923	0,00897	0,01034	0,01227	0,01251	0,01376	0,01150	0,00917	0,00796	0,00716	0,00729	0,00647	0,00549	0,00487	0,00398	0,00408	0,00396	0,00396
0,01944	0,01697	0,01976	0,02978	0,03276	0,01663	0,01704	0,05219	0,07450	0,11870	0,13497	0,08152	0,03780	0,07925	0,11954	0,10520	0,14453	0,15740	0,16840	0,13108	0,08680	0,09351	0,07949	0,05389	0,03622	0,02183	0,01442	0,01085	0,00705	0,00839	0,01271	0,01354	0,00883	0,00740	0,00760	0,00849	0,01109	0,01259	0,01329	0,01084	0,00856	0,00746	0,00662	0,00706	0,00674	0,00552	0,00474	0,00397	0,00397	0,00396	0,00396
0,03531	0,03265	0,02337	0,01848	0,01688	0,00917	0,01114	0,03055	0,05038	0,07819	0,10265	0,06430	0,03442	0,07436	0,14854	0,09902	0,13778	0,23148	0,26762	0,20164	0,12782	0,10190	0,09052	0,06049	0,04381	0,03052	0,01840	0,01306	0,00833	0,00722	0,01050	0,01312	0,00810	0,00597	0,00628	0,00716	0,00888	0,01131	0,01197	0,01028	0,00856	0,00726	0,00603	0,00664	0,00737	0,00642	0,00481	0,00396	0,00372	0,00396	0,00396
0,05191	0,04619	0,03421	0,02249	0,01706	0,02075	0,02665	0,02970	0,05008	0,07711	0,09201	0,07017	0,05147	0,05762	0,13018	0,12421	0,10795	0,24781	0,31708	0,24827	0,15779	0,10920	0,10276	0,06444	0,04448	0,03150	0,01978	0,01413	0,00998	0,00680	0,00756	0,01132	0,00833	0,00537	0,00534	0,00608	0,00708	0,00897	0,00989	0,00977	0,00837	0,00690	0,00543	0,00571	0,00760	0,00717	0,00536	0,00421	0,00370	0,00396	0,00396
0,03433	0,03262	0,02873	0,02662	0,02515	0,03856	0,05333	0,05949	0,09009	0,12872	0,12214	0,09784	0,06322	0,06702	0,10870	0,12736	0,09255	0,21347	0,30767	0,27652	0,17125	0,10211	0,10204	0,06930	0,04287	0,02791	0,01747	0,01236	0,01026	0,00730	0,00522	0,00910	0,00891	0,00604	0,00525	0,00550	0,00613	0,00692	0,00817	0,00855	0,00758	0,00604	0,00437	0,00446	0,00704	0,00762	0,00575	0,00440	0,00387	0,00396	0,00396
0,01712	0,01654	0,01968	0,02220	0,02086	0,03966	0,06288	0,07954	0,11564	0,18076	0,19440	0,15111	0,06526	0,06080	0,11973	0,20799	0,14622	0,22003	0,27510	0,26731	0,19107	0,09900	0,09131	0,07116	0,04255	0,02558	0,01515	0,00991	0,00980	0,00805	0,00574	0,00706	0,00901	0,00697	0,00514	0,00494	0,00574	0,00637	0,00700	0,00774	0,00648	0,00501	0,00352	0,00340	0,00536	0,00673	0,00570	0,00452	0,00396	0,00396	0,00396
0,01937	0,01504	0,01781	0,02018	0,01440	0,02124	0,04886	0,08025	0,11511	0,20048	0,27934	0,22408	0,11145	0,05323	0,08566	0,24291	0,22763	0,24180	0,24957	0,23186	0,18065	0,09907	0,07981	0,06949	0,04286	0,02500	0,01614	0,00919	0,00844	0,00882	0,00749	0,00746	0,00910	0,00751	0,00536	0,00454	0,00508	0,00577	0,00674	0,00790	0,00606	0,00430	0,00313	0,00325	0,00430	0,00541	0,00493	0,00442	0,00396	0,00396	0,00396
0,02004	0,01549	0,01808	0,02616	0,02930	0,02365	0,03712	0,06769	0,10299	0,19696	0,31639	0,29897	0,16964	0,09074	0,09257	0,17906	0,27293	0,24800	0,23439	0,20517	0,15362	0,09256	0,06873	0,06900	0,05016	0,02839	0,01736	0,01076	0,00741	0,00845	0,00846	0,00848	0,00927	0,00756	0,00514	0,00386	0,00418	0,00489	0,00564	0,00839	0,00621	0,00420	0,00342	0,00367	0,00405	0,00453	0,00405	0,00415	0,00396	0,00396	0,00396
0,02513	0,02256	0,02787	0,03935	0,04542	0,03734	0,03695	0,05683	0,09015	0,18213	0,30476	0,31960	0,24660	0,15218	0,11403	0,14497	0,21496	0,19169	0,17502	0,17912	0,12710	0,08102	0,05498	0,06573	0,05853	0,03490	0,01777	0,01189	0,00742	0,00752	0,00801	0,00832	0,00946	0,00790	0,00531	0,00351	0,00398	0,00400	0,00426	0,00743	0,00624	0,00452	0,00376	0,00425	0,00431	0,00443	0,00379	0,00366	0,00396	0,00396	0,00396
0,03171	0,03371	0,04144	0,04432	0,03917	0,02961	0,02574	0,04852	0,09124	0,18330	0,28781	0,30549	0,26565	0,20670	0,15409	0,10221	0,13062	0,10853	0,10608	0,12764	0,09734	0,06958	0,04632	0,05959	0,06168	0,04275	0,02037	0,01108	0,00775	0,00725	0,00815	0,00788	0,00905	0,00811	0,00574	0,00390	0,00399	0,00395	0,00367	0,00543	0,00534	0,00430	0,00402	0,00419	0,00453	0,00458	0,00378	0,00349	0,00396	0,00396	0,00396
0,02788	0,03910	0,04616	0,03608	0,02488	0,02114	0,01667	0,03981	0,08375	0,17477	0,27189	0,26947	0,22875	0,20490	0,16573	0,09987	0,07741	0,07589	0,06527	0,07396	0,06394	0,05530	0,04388	0,05211	0,05480	0,04111	0,02094	0,01049	0,00748	0,00748	0,00875	0,00802	0,00821	0,00812	0,00672	0,00502	0,00445	0,00417	0,00375	0,00387	0,00420	0,00381	0,00391	0,00398	0,00431	0,00443	0,00390	0,00344	0,00396	0,00396	0,00396
0,02395	0,03885	0,04099	0,02355	0,01823	0,02356	0,01945	0,03611	0,07021	0,14842	0,24279	0,21789	0,17132	0,15507	0,13669	0,09858	0,05808	0,05526	0,04518	0,04780	0,04275	0,04496	0,04424	0,04444	0,04351	0,03018	0,01733	0,00946	0,00695	0,00778	0,00976	0,00860	0,00754	0,00807	0,00798	0,00625	0,00489	0,00416	0,00372	0,00335	0,00370	0,00358	0,00393	0,00398	0,00364	0,00379	0,00366	0,00346	0,00396	0,00396	0,00396
0,02381	0,03520	0,03037	0,01647	0,02097	0,03287	0,02855	0,03438	0,05875	0,11590	0,18978	0,16339	0,12087	0,10535	0,10518	0,09246	0,05385	0,03783	0,03273	0,03791	0,03497	0,04120	0,04344	0,03555	0,03178	0,01918	0,01058	0,00678	0,00676	0,00825	0,01077	0,00964	0,00680	0,00741	0,00783	0,00697	0,00545	0,00400	0,00358	0,00327	0,00356	0,00344	0,00411	0,00406	0,00357	0,00344	0,00329	0,00339	0,00396	0,00396	0,00396
0,02764	0,03171	0,02339	0,01228	0,02051	0,03505	0,03770	0,03571	0,05147	0,07794	0,11930	0,10400	0,08318	0,07193	0,08075	0,08400	0,05479	0,03045	0,02340	0,03157	0,02887	0,03394	0,03593	0,02560	0,01989	0,01336	0,00746	0,00505	0,00614	0,00836	0,01075	0,01045	0,00623	0,00557	0,00595	0,00620	0,00499	0,00392	0,00356	0,00332	0,00334	0,00350	0,00385	0,00413	0,00373	0,00334	0,00326	0,00336	0,00396	0,00396	0,00396
0,03190	0,03056	0,01965	0,01016	0,01528	0,02599	0,03102	0,03596	0,04270	0,05327	0,07125	0,06546	0,05841	0,04873	0,05132	0,06214	0,05488	0,03093	0,02265	0,02651	0,02178	0,02274	0,02363	0,01531	0,01317	0,01105	0,00860	0,00569	0,00540	0,00685	0,00914	0,01013	0,00573	0,00392	0,00405	0,00444	0,00399	0,00361	0,00352	0,00332	0,00320	0,00308	0,00349	0,00363	0,00387	0,00344	0,00316	0,00322	0,00396	0,00396	0,00396
0,03218	0,02708	0,01807	0,01164	0,01135	0,01416	0,01471	0,02390	0,02861	0,03216	0,04530	0,04567	0,03813	0,02759	0,02044	0,03782	0,04523	0,03001	0,02257	0,01999	0,01696	0,01360	0,01378	0,01117	0,01345	0,01216	0,01149	0,00944	0,00709	0,00568	0,00663	0,00801	0,00530	0,00320	0,00339	0,00336	0,00320	0,00318	0,00342	0,00353	0,00350	0,00331	0,00340	0,00320	0,00370	0,00354	0,00318	0,00321	0,00396	0,00396	0,00396
0,02540	0,02122	0,01858	0,01531	0,01056	0,00838	0,00688	0,01123	0,01331	0,01781	0,03334	0,03367	0,02475	0,01560	0,00953	0,01746	0,03218	0,02650	0,01799	0,01310	0,01178	0,00878	0,01103	0,01284	0,01653	0,01368	0,01276	0,01151	0,00937	0,00619	0,00483	0,00597	0,00450	0,00332	0,00319	0,00304	0,00307	0,00319	0,00362	0,00329	0,00367	0,00343	0,00348	0,00316	0,00320	0,00334	0,00291	0,00315	0,00396	0,00396	0,00396
0,01537	0,01410	0,01686	0,01733	0,01365	0,01085	0,00927	0,00810	0,00725	0,00902	0,02126	0,02271	0,01621	0,00940	0,00693	0,00880	0,02098	0,01741	0,01172	0,00938	0,00964	0,00836	0,01214	0,01545	0,01745	0,01243	0,01054	0,00940	0,00973	0,00636	0,00415	0,00475	0,00440	0,00388	0,00380	0,00371	0,00329	0,00308	0,00366	0,00294	0,00325	0,00330	0,00360	0,00339	0,00305	0,00317	0,00302	0,00326	0,00396	0,00396	0,00396
0,00917	0,00979	0,01275	0,01506	0,01718	0,01747	0,01608	0,01071	0,00784	0,00691	0,01119	0,01275	0,01054	0,00754	0,00676	0,00750	0,01254	0,00963	0,00691	0,00723	0,00917	0,01015	0,01386	0,01620	0,01584	0,01064	0,00809	0,00672	0,00770	0,00587	0,00421	0,00446	0,00468	0,00472	0,00479	0,00485	0,00387	0,00311	0,00339	0,00295	0,00320	0,00325	0,00359	0,00367	0,00319	0,00304	0,00306	0,00354	0,00396	0,00396	0,00396
0,00880	0,00880	0,01003	0,01245	0,01659	0,01957	0,02011	0,01418	0,01091	0,00674	0,00580	0,00783	0,00912	0,00753	0,00602	0,00673	0,00804	0,00531	0,00431	0,00562	0,00824	0,01047	0,01308	0,01276	0,01128	0,00780	0,00756	0,00565	0,00564	0,00526	0,00471	0,00472	0,00474	0,00477	0,00515	0,00612	0,00466	0,00361	0,00346	0,00325	0,00314	0,00322	0,00354	0,00386	0,00318	0,00293	0,00331	0,00369	0,00396	0,00396	0,00396
0,01061	0,00801	0,00800	0,01090	0,01433	0,01802	0,01911	0,01689	0,01490	0,00919	0,00410	0,00607	0,00703	0,00742	0,00669	0,00680	0,00678	0,00416	0,00388	0,00500	0,00703	0,00880	0,00924	0,00764	0,00614	0,00407	0,00554	0,00471	0,00445	0,00466	0,00472	0,00461	0,00460	0,00428	0,00484	0,00575	0,00430	0,00387	0,00393	0,00366	0,00348	0,00317	0,00330	0,00364	0,00328	0,00310	0,00350	0,00359	0,00396	0,00396	0,00396
0,01122	0,00824	0,00716	0,00825	0,01222	0,01538	0,01739	0,01554	0,01389	0,01011	0,00508	0,00504	0,00447	0,00693	0,00752	0,00682	0,00586	0,00398	0,00448	0,00527	0,00616	0,00659	0,00599	0,00478	0,00412	0,00335	0,00390	0,00445	0,00492	0,00469	0,00458	0,00395	0,00420	0,00416	0,00429	0,00444	0,00332	0,00367	0,00398	0,00377	0,00321	0,00316	0,00328	0,00359	0,00327	0,00335	0,00372	0,00357	0,00396	0,00396	0,00396
0,01070	0,00890	0,00733	0,00684	0,01013	0,01131	0,01467	0,01353	0,01087	0,00902	0,00615	0,00518	0,00403	0,00536	0,00584	0,00450	0,00440	0,00420	0,00527	0,00549	0,00505	0,00465	0,00403	0,00388	0,00383	0,00451	0,00465	0,00577	0,00592	0,00484	0,00450	0,00353	0,00363	0,00379	0,00362	0,00345	0,00304	0,00340	0,00357	0,00353	0,00318	0,00297	0,00313	0,00355	0,00330	0,00349	0,00373	0,00343	0,00396	0,00396	0,00396
0,01037	0,00839	0,00649	0,00539	0,00827	0,00956	0,00970	0,01076	0,00805	0,00735	0,00785	0,00616	0,00507	0,00425	0,00363	0,00359	0,00356	0,00439	0,00507	0,00495	0,00401	0,00332	0,00312	0,00351	0,00414	0,00545	0,00627	0,00693	0,00590	0,00443	0,00401	0,00338	0,00340	0,00341	0,00330	0,00317	0,00331	0,00345	0,00329	0,00337	0,00303	0,00294	0,00319	0,00344	0,00325	0,00336	0,00343	0,00339	0,00396	0,00396	0,00396
0,00868	0,00725	0,00524	0,00468	0,00551	0,00778	0,00737	0,00690	0,00567	0,00579	0,00756	0,00712	0,00612	0,00431	0,00431	0,00545	0,00406	0,00387	0,00408	0,00428	0,00372	0,00356	0,00359	0,00397	0,00449	0,00481	0,00559	0,00560	0,00471	0,00356	0,00326	0,00345	0,00389	0,00390	0,00347	0,00331	0,00346	0,00321	0,00301	0,00320	0,00335	0,00308	0,00341	0,00345	0,00323	0,00319	0,00322	0,00314	0,00396	0,00396	0,00396
0,00694	0,00588	0,00398	0,00436	0,00491	0,00724	0,00768	0,00600	0,00487	0,00479	0,00596	0,00670	0,00625	0,00461	0,00474	0,00557	0,00456	0,00348	0,00361	0,00359	0,00356	0,00481	0,00561	0,00481	0,00416	0,00362	0,00423	0,00403	0,00361	0,00335	0,00294	0,00329	0,00401	0,00389	0,00350	0,00311	0,00335	0,00326	0,00308	0,00319	0,00345	0,00330	0,00339	0,00328	0,00317	0,00297	0,00314	0,00311	0,00396	0,00396	0,00396
0,00548	0,00561	0,00481	0,00496	0,00534	0,00628	0,00825	0,00706	0,00492	0,00418	0,00524	0,00616	0,00551	0,00495	0,00466	0,00418	0,00427	0,00385	0,00343	0,00329	0,00339	0,00501	0,00660	0,00509	0,00361	0,00329	0,00405	0,00377	0,00379	0,00334	0,00290	0,00297	0,00338	0,00330	0,00306	0,00290	0,00320	0,00337	0,00365	0,00372	0,00346	0,00358	0,00333	0,00302	0,00318	0,00295	0,00295	0,00308	0,00396	0,00306	0,00396
