12,50000	13,00000	13,50000	14,00000	14,50000	15,00000	15,50000	16,00000	16,50000	17,00000	17,50000	18,00000	18,50000	19,00000	19,50000	20,00000	20,50000	21,00000	21,50000	22,00000	22,50000	23,00000	23,50000	24,00000	24,50000	25,00000	25,50000	26,00000	26,50000	27,00000	27,50000	28,00000	28,50000	29,00000	29,50000	30,00000	30,50000	31,00000	31,50000	32,00000	32,50000	33,00000	33,50000	34,00000	34,50000	35,00000	35,50000	36,00000	36,50000	37,00000	37,50000
12,50000	13,00000	13,50000	14,00000	14,50000	15,00000	15,50000	16,00000	16,50000	17,00000	17,50000	18,00000	18,50000	19,00000	19,50000	20,00000	20,50000	21,00000	21,50000	22,00000	22,50000	23,00000	23,50000	24,00000	24,50000	25,00000	25,50000	26,00000	26,50000	27,00000	27,50000	28,00000	28,50000	29,00000	29,50000	30,00000	30,50000	31,00000	31,50000	32,00000	32,50000	33,00000	33,50000	34,00000	34,50000	35,00000	35,50000	36,00000	36,50000	37,00000	37,50000
0,00584	0,01010	0,01243	0,00808	0,00556	0,00714	0,00881	0,00703	0,00495	0,00381	0,00495	0,00881	0,01143	0,00858	0,00528	0,01040	0,01398	0,01170	0,00921	0,01694	0,02168	0,01421	0,00639	0,00613	0,00785	0,00956	0,01116	0,01335	0,02003	0,00584	0,00584	0,00584	0,00584	0,00584	0,00584	0,00584	0,00584	0,00584	0,00584	0,00584	0,00584	0,00584	0,00584	0,00584	0,00584	0,00584	0,00584	0,00584	0,00584	0,00584	0,00584
0,00522	0,00966	0,01311	0,01021	0,00593	0,00599	0,00855	0,00908	0,00650	0,00404	0,00539	0,01106	0,01547	0,01318	0,00674	0,00643	0,01247	0,01402	0,00987	0,01220	0,02050	0,01881	0,00984	0,00721	0,00813	0,00877	0,01034	0,01142	0,01796	0,00584	0,00584	0,00584	0,00584	0,00584	0,00584	0,00584	0,00584	0,00584	0,00584	0,00584	0,00584	0,00584	0,00584	0,00584	0,00584	0,00584	0,00584	0,00584	0,00584	0,00584	0,00584
0,00593	0,00631	0,00870	0,00851	0,00516	0,00407	0,00676	0,00992	0,00904	0,00572	0,00635	0,01423	0,02078	0,01825	0,00942	0,00501	0,01166	0,01639	0,01185	0,00890	0,01462	0,01712	0,01379	0,01151	0,01065	0,01018	0,01114	0,01183	0,01448	0,00584	0,00584	0,00584	0,00584	0,00584	0,00584	0,00584	0,00584	0,00584	0,00584	0,00584	0,00584	0,00584	0,00584	0,00584	0,00584	0,00584	0,00584	0,00584	0,00584	0,00584	0,00584
0,00686	0,00440	0,00498	0,00660	0,00550	0,00439	0,00530	0,01000	0,01217	0,00883	0,00740	0,01667	0,02719	0,02535	0,01466	0,00551	0,01134	0,01908	0,01470	0,00846	0,00997	0,01231	0,01368	0,01510	0,01491	0,01281	0,01368	0,01429	0,01464	0,00584	0,00584	0,00584	0,00584	0,00584	0,00584	0,00584	0,00584	0,00584	0,00584	0,00584	0,00584	0,00584	0,00584	0,00584	0,00584	0,00584	0,00584	0,00584	0,00584	0,00584	0,00584
0,00666	0,00502	0,00351	0,00479	0,00620	0,00585	0,00491	0,00908	0,01529	0,01569	0,00943	0,01457	0,02813	0,03167	0,02100	0,00839	0,01214	0,02188	0,01908	0,00885	0,00918	0,00941	0,00986	0,01538	0,01800	0,01595	0,01716	0,01744	0,01693	0,00584	0,00584	0,00584	0,00584	0,00584	0,00584	0,00584	0,00584	0,00584	0,00584	0,00584	0,00584	0,00584	0,00584	0,00584	0,00584	0,00584	0,00584	0,00584	0,00584	0,00584	0,00584
0,00543	0,00715	0,00572	0,00486	0,00721	0,00899	0,00691	0,00640	0,01476	0,02389	0,01882	0,01248	0,02251	0,03170	0,02423	0,01218	0,01333	0,02265	0,02328	0,01212	0,01023	0,01019	0,00771	0,01432	0,01871	0,01735	0,01909	0,01935	0,01909	0,00584	0,00584	0,00584	0,00584	0,00584	0,00584	0,00584	0,00584	0,00584	0,00584	0,00584	0,00584	0,00584	0,00584	0,00584	0,00584	0,00584	0,00584	0,00584	0,00584	0,00584	0,00584
0,00442	0,00645	0,00737	0,00660	0,00872	0,01402	0,01428	0,00753	0,01076	0,02786	0,03244	0,01796	0,01558	0,02684	0,02404	0,01610	0,01623	0,02100	0,02409	0,01837	0,01621	0,01649	0,00964	0,01443	0,02067	0,01716	0,01835	0,01888	0,01875	0,00584	0,00584	0,00584	0,00584	0,00584	0,00584	0,00584	0,00584	0,00584	0,00584	0,00584	0,00584	0,00584	0,00584	0,00584	0,00584	0,00584	0,00584	0,00584	0,00584	0,00584	0,00584
0,00553	0,00568	0,00675	0,00658	0,00844	0,01502	0,02139	0,01580	0,01003	0,02528	0,04338	0,03198	0,01370	0,02201	0,02413	0,01914	0,02420	0,02583	0,02080	0,02099	0,02494	0,02753	0,01654	0,01715	0,02539	0,01797	0,01652	0,01770	0,01703	0,00584	0,00584	0,00584	0,00584	0,00584	0,00584	0,00584	0,00584	0,00584	0,00584	0,00584	0,00584	0,00584	0,00584	0,00584	0,00584	0,00584	0,00584	0,00584	0,00584	0,00584	0,00584
0,00525	0,00500	0,00526	0,00552	0,00593	0,01019	0,01834	0,02103	0,01252	0,01700	0,04085	0,04310	0,01876	0,02026	0,02724	0,02034	0,03222	0,04135	0,02384	0,01875	0,03016	0,04245	0,02699	0,01986	0,03199	0,02299	0,01636	0,01689	0,01602	0,00584	0,00584	0,00584	0,00584	0,00584	0,00584	0,00584	0,00584	0,00584	0,00584	0,00584	0,00584	0,00584	0,00584	0,00584	0,00584	0,00584	0,00584	0,00584	0,00584	0,00584	0,00584
0,00414	0,00477	0,00464	0,00506	0,00520	0,00614	0,00995	0,01781	0,01743	0,01557	0,03300	0,04625	0,02448	0,02525	0,03811	0,02108	0,03383	0,05625	0,03784	0,01904	0,03052	0,05358	0,03623	0,02106	0,03607	0,03123	0,01906	0,01618	0,01541	0,00584	0,00584	0,00584	0,00584	0,00584	0,00584	0,00584	0,00584	0,00584	0,00584	0,00584	0,00584	0,00584	0,00584	0,00584	0,00584	0,00584	0,00584	0,00584	0,00584	0,00584	0,00584
0,00356	0,00449	0,00499	0,00594	0,00709	0,00754	0,00763	0,01293	0,02017	0,02539	0,03467	0,04882	0,03179	0,03178	0,05768	0,02786	0,02905	0,06325	0,05114	0,02459	0,03143	0,06119	0,04499	0,01947	0,03505	0,03913	0,02520	0,01647	0,01405	0,00584	0,00584	0,00584	0,00584	0,00584	0,00584	0,00584	0,00584	0,00584	0,00584	0,00584	0,00584	0,00584	0,00584	0,00584	0,00584	0,00584	0,00584	0,00584	0,00584	0,00584	0,00584
0,00435	0,00468	0,00528	0,00643	0,00845	0,00945	0,00869	0,01222	0,02328	0,03977	0,04877	0,06200	0,04619	0,03900	0,07977	0,04900	0,02707	0,06369	0,06006	0,03202	0,03589	0,06534	0,05878	0,02132	0,03145	0,04412	0,03258	0,01845	0,01221	0,00584	0,00584	0,00584	0,00584	0,00584	0,00584	0,00584	0,00584	0,00584	0,00584	0,00584	0,00584	0,00584	0,00584	0,00584	0,00584	0,00584	0,00584	0,00584	0,00584	0,00584	0,00584
0,00542	0,00517	0,00518	0,00623	0,00869	0,00955	0,00954	0,01584	0,02861	0,05157	0,06616	0,08360	0,07650	0,05173	0,09553	0,07807	0,03767	0,06485	0,06691	0,03845	0,04212	0,06614	0,07014	0,02980	0,03092	0,04752	0,03937	0,02233	0,01198	0,00584	0,00584	0,00584	0,00584	0,00584	0,00584	0,00584	0,00584	0,00584	0,00584	0,00584	0,00584	0,00584	0,00584	0,00584	0,00584	0,00584	0,00584	0,00584	0,00584	0,00584	0,00584
0,00576	0,00564	0,00609	0,00854	0,01232	0,01418	0,01420	0,02511	0,04724	0,07154	0,08956	0,11589	0,12737	0,08559	0,11229	0,11620	0,06134	0,07894	0,07651	0,04497	0,04967	0,06255	0,07344	0,04390	0,03545	0,05141	0,04474	0,02662	0,01437	0,00584	0,00584	0,00584	0,00584	0,00584	0,00584	0,00584	0,00584	0,00584	0,00584	0,00584	0,00584	0,00584	0,00584	0,00584	0,00584	0,00584	0,00584	0,00584	0,00584	0,00584	0,00584
0,00553	0,00559	0,00613	0,00947	0,01699	0,02601	0,02817	0,03778	0,07139	0,10927	0,13313	0,16632	0,20042	0,14843	0,14666	0,15524	0,10063	0,10151	0,09293	0,05521	0,05890	0,05863	0,06594	0,05533	0,04486	0,05758	0,04965	0,02967	0,01851	0,00584	0,00584	0,00584	0,00584	0,00584	0,00584	0,00584	0,00584	0,00584	0,00584	0,00584	0,00584	0,00584	0,00584	0,00584	0,00584	0,00584	0,00584	0,00584	0,00584	0,00584	0,00584
0,00667	0,00761	0,00735	0,00930	0,01857	0,03959	0,05410	0,06353	0,10805	0,15951	0,20738	0,25253	0,30519	0,24548	0,19983	0,20435	0,16425	0,14421	0,11594	0,07028	0,07229	0,05767	0,05553	0,06264	0,05518	0,06658	0,05376	0,03051	0,02105	0,00584	0,00584	0,00584	0,00584	0,00584	0,00584	0,00584	0,00584	0,00584	0,00584	0,00584	0,00584	0,00584	0,00584	0,00584	0,00584	0,00584	0,00584	0,00584	0,00584	0,00584	0,00584
0,00782	0,00932	0,00956	0,01025	0,01781	0,04630	0,08105	0,11223	0,16830	0,24038	0,30899	0,35302	0,44120	0,39020	0,28544	0,26223	0,25281	0,21863	0,14577	0,09025	0,09023	0,05954	0,04816	0,06755	0,06295	0,07788	0,06376	0,03068	0,02168	0,00584	0,00584	0,00584	0,00584	0,00584	0,00584	0,00584	0,00584	0,00584	0,00584	0,00584	0,00584	0,00584	0,00584	0,00584	0,00584	0,00584	0,00584	0,00584	0,00584	0,00584	0,00584
0,00796	0,00941	0,01171	0,01370	0,02217	0,05256	0,09885	0,15951	0,25765	0,36289	0,45107	0,46928	0,54269	0,55483	0,41360	0,32118	0,34417	0,31603	0,18673	0,11545	0,11311	0,06799	0,04377	0,06950	0,06627	0,08892	0,07766	0,03289	0,02242	0,00584	0,00584	0,00584	0,00584	0,00584	0,00584	0,00584	0,00584	0,00584	0,00584	0,00584	0,00584	0,00584	0,00584	0,00584	0,00584	0,00584	0,00584	0,00584	0,00584	0,00584	0,00584
0,00664	0,00917	0,01279	0,01749	0,03224	0,06720	0,12018	0,20585	0,33600	0,48917	0,63736	0,62420	0,58777	0,63771	0,54966	0,39355	0,40650	0,40113	0,22969	0,14170	0,13999	0,07997	0,04669	0,07144	0,06481	0,09312	0,09056	0,03764	0,02630	0,00584	0,00584	0,00584	0,00584	0,00584	0,00584	0,00584	0,00584	0,00584	0,00584	0,00584	0,00584	0,00584	0,00584	0,00584	0,00584	0,00584	0,00584	0,00584	0,00584	0,00584	0,00584
0,00544	0,00917	0,01437	0,02099	0,04148	0,08634	0,15472	0,28540	0,44308	0,58942	0,75766	0,81166	0,63921	0,59456	0,60228	0,47065	0,42288	0,44081	0,27951	0,17179	0,16768	0,12714	0,06162	0,07542	0,06340	0,09112	0,10082	0,04713	0,03357	0,00584	0,00584	0,00584	0,00584	0,00584	0,00584	0,00584	0,00584	0,00584	0,00584	0,00584	0,00584	0,00584	0,00584	0,00584	0,00584	0,00584	0,00584	0,00584	0,00584	0,00584	0,00584
0,00519	0,00888	0,01446	0,02355	0,04634	0,09708	0,20179	0,39258	0,58474	0,71976	0,79198	0,89889	0,70724	0,51339	0,56786	0,52334	0,41578	0,44073	0,33229	0,21159	0,17992	0,10832	0,08801	0,08555	0,06797	0,08064	0,10420	0,05812	0,04480	0,00584	0,00584	0,00584	0,00584	0,00584	0,00584	0,00584	0,00584	0,00584	0,00584	0,00584	0,00584	0,00584	0,00584	0,00584	0,00584	0,00584	0,00584	0,00584	0,00584	0,00584	0,00584
0,00899	0,01570	0,01582	0,02627	0,05866	0,13213	0,27748	0,50217	0,75987	0,87148	0,76846	0,79614	0,69956	0,44800	0,48831	0,54593	0,39949	0,41611	0,38767	0,26787	0,18329	0,10122	0,11265	0,10069	0,08242	0,07974	0,10169	0,07092	0,05758	0,00584	0,00584	0,00584	0,00584	0,00584	0,00584	0,00584	0,00584	0,00584	0,00584	0,00584	0,00584	0,00584	0,00584	0,00584	0,00584	0,00584	0,00584	0,00584	0,00584	0,00584	0,00584
0,01988	0,03937	0,03572	0,05381	0,10753	0,20119	0,35599	0,58263	0,90777	1,01947	0,71825	0,54595	0,49835	0,33137	0,39632	0,52512	0,39479	0,38816	0,42455	0,32234	0,19705	0,12401	0,12195	0,11018	0,10437	0,08537	0,09793	0,07889	0,07000	0,00584	0,00584	0,00584	0,00584	0,00584	0,00584	0,00584	0,00584	0,00584	0,00584	0,00584	0,00584	0,00584	0,00584	0,00584	0,00584	0,00584	0,00584	0,00584	0,00584	0,00584	0,00584
0,03264	0,06061	0,07654	0,10882	0,17111	0,26815	0,39649	0,65262	1,03184	1,07892	0,70840	0,34380	0,22438	0,16017	0,27457	0,47262	0,37656	0,37809	0,42868	0,35629	0,23753	0,18135	0,11795	0,11340	0,12907	0,09797	0,09785	0,08768	0,07789	0,00584	0,00584	0,00584	0,00584	0,00584	0,00584	0,00584	0,00584	0,00584	0,00584	0,00584	0,00584	0,00584	0,00584	0,00584	0,00584	0,00584	0,00584	0,00584	0,00584	0,00584	0,00584
0,03747	0,05834	0,08908	0,12784	0,18812	0,28614	0,45691	0,69778	1,07892	1,07892	0,82879	0,42043	0,15429	0,09624	0,19676	0,40667	0,37364	0,38716	0,40711	0,37444	0,30057	0,24463	0,10941	0,11735	0,15134	0,11257	0,10202	0,09273	0,08113	0,00584	0,00584	0,00584	0,00584	0,00584	0,00584	0,00584	0,00584	0,00584	0,00584	0,00584	0,00584	0,00584	0,00584	0,00584	0,00584	0,00584	0,00584	0,00584	0,00584	0,00584	0,00584
0,04072	0,04797	0,07068	0,10546	0,18281	0,34325	0,57548	0,79851	1,07892	1,07892	1,06388	0,74239	0,39786	0,25047	0,25713	0,36392	0,39079	0,43374	0,39060	0,39933	0,37886	0,31434	0,10443	0,12818	0,16890	0,12098	0,10604	0,09396	0,07811	0,00584	0,00584	0,00584	0,00584	0,00584	0,00584	0,00584	0,00584	0,00584	0,00584	0,00584	0,00584	0,00584	0,00584	0,00584	0,00584	0,00584	0,00584	0,00584	0,00584	0,00584	0,00584
0,05523	0,05163	0,06039	0,09845	0,20879	0,41347	0,63340	0,81964	1,07892	1,07892	1,07892	1,04442	0,71906	0,52892	0,42515	0,39910	0,44053	0,49849	0,41100	0,44880	0,44274	0,33549	0,12398	0,15081	0,17273	0,11944	0,10468	0,09060	0,07188	0,00584	0,00584	0,00584	0,00584	0,00584	0,00584	0,00584	0,00584	0,00584	0,00584	0,00584	0,00584	0,00584	0,00584	0,00584	0,00584	0,00584	0,00584	0,00584	0,00584	0,00584	0,00584
0,07496	0,06658	0,06597	0,10519	0,20826	0,39699	0,57891	0,78261	1,05876	1,07892	1,07892	1,07892	0,90918	0,72628	0,59742	0,49250	0,51164	0,58361	0,47343	0,48614	0,47155	0,30368	0,15779	0,17643	0,16591	0,11455	0,09668	0,08244	0,00584	0,00584	0,00584	0,00584	0,00584	0,00584	0,00584	0,00584	0,00584	0,00584	0,00584	0,00584	0,00584	0,00584	0,00584	0,00584	0,00584	0,00584	0,00584	0,00584	0,00584	0,00584	0,00584
0,07331	0,07189	0,07671	0,11100	0,19210	0,32971	0,46540	0,64575	0,82473	0,96843	1,01519	0,99248	0,88669	0,75035	0,66582	0,57609	0,57696	0,65058	0,53063	0,49328	0,45925	0,27334	0,19622	0,18867	0,14832	0,10330	0,08768	0,07456	0,00584	0,00584	0,00584	0,00584	0,00584	0,00584	0,00584	0,00584	0,00584	0,00584	0,00584	0,00584	0,00584	0,00584	0,00584	0,00584	0,00584	0,00584	0,00584	0,00584	0,00584	0,00584	0,00584
0,04550	0,04984	0,07877	0,11650	0,17453	0,25947	0,32724	0,46589	0,57756	0,71478	0,81602	0,81653	0,76356	0,69228	0,67015	0,60783	0,60170	0,65371	0,53894	0,44001	0,40450	0,27555	0,22269	0,18272	0,12561	0,09577	0,08157	0,06527	0,00584	0,00584	0,00584	0,00584	0,00584	0,00584	0,00584	0,00584	0,00584	0,00584	0,00584	0,00584	0,00584	0,00584	0,00584	0,00584	0,00584	0,00584	0,00584	0,00584	0,00584	0,00584	0,00584
0,02828	0,02964	0,06296	0,10319	0,14309	0,18160	0,23314	0,33359	0,43296	0,55622	0,63387	0,63858	0,62789	0,60898	0,60628	0,57151	0,55973	0,56533	0,47048	0,35437	0,33978	0,25912	0,22443	0,16333	0,10874	0,09591	0,07933	0,05812	0,00584	0,00584	0,00584	0,00584	0,00584	0,00584	0,00584	0,00584	0,00584	0,00584	0,00584	0,00584	0,00584	0,00584	0,00584	0,00584	0,00584	0,00584	0,00584	0,00584	0,00584	0,00584	0,00584
0,03312	0,03457	0,04386	0,07578	0,09913	0,12209	0,16585	0,25196	0,34011	0,40537	0,43303	0,46232	0,49252	0,50590	0,49238	0,46912	0,46827	0,43018	0,34496	0,25585	0,28763	0,22373	0,20180	0,14267	0,10369	0,09866	0,07687	0,05146	0,00584	0,00584	0,00584	0,00584	0,00584	0,00584	0,00584	0,00584	0,00584	0,00584	0,00584	0,00584	0,00584	0,00584	0,00584	0,00584	0,00584	0,00584	0,00584	0,00584	0,00584	0,00584	0,00584
0,03593	0,03993	0,04477	0,05709	0,06251	0,07798	0,11302	0,16882	0,20634	0,22928	0,25424	0,30723	0,34851	0,36686	0,34963	0,35163	0,34535	0,29736	0,23715	0,19408	0,25211	0,18687	0,17223	0,13528	0,10175	0,09413	0,07128	0,04737	0,00584	0,00584	0,00584	0,00584	0,00584	0,00584	0,00584	0,00584	0,00584	0,00584	0,00584	0,00584	0,00584	0,00584	0,00584	0,00584	0,00584	0,00584	0,00584	0,00584	0,00584	0,00584	0,00584
0,04164	0,04395	0,04648	0,05261	0,05594	0,06591	0,08337	0,09438	0,10367	0,12675	0,15478	0,18947	0,22278	0,24337	0,25138	0,25182	0,24507	0,19367	0,16381	0,16563	0,22677	0,16033	0,15337	0,13616	0,09438	0,07855	0,06346	0,04599	0,00584	0,00584	0,00584	0,00584	0,00584	0,00584	0,00584	0,00584	0,00584	0,00584	0,00584	0,00584	0,00584	0,00584	0,00584	0,00584	0,00584	0,00584	0,00584	0,00584	0,00584	0,00584	0,00584
0,05632	0,06247	0,06361	0,08079	0,09496	0,08921	0,08053	0,07256	0,07656	0,08925	0,10106	0,12537	0,14930	0,17661	0,19962	0,19749	0,17315	0,14296	0,13721	0,15608	0,19723	0,13945	0,14541	0,12976	0,07438	0,05871	0,05717	0,04700	0,00584	0,00584	0,00584	0,00584	0,00584	0,00584	0,00584	0,00584	0,00584	0,00584	0,00584	0,00584	0,00584	0,00584	0,00584	0,00584	0,00584	0,00584	0,00584	0,00584	0,00584	0,00584	0,00584
0,04954	0,06186	0,08557	0,10707	0,11456	0,09760	0,07940	0,06843	0,06622	0,06831	0,08039	0,10454	0,12062	0,15036	0,17360	0,16050	0,13461	0,12311	0,13085	0,13735	0,16285	0,12687	0,13628	0,11476	0,05506	0,04462	0,05574	0,04468	0,00584	0,00584	0,00584	0,00584	0,00584	0,00584	0,00584	0,00584	0,00584	0,00584	0,00584	0,00584	0,00584	0,00584	0,00584	0,00584	0,00584	0,00584	0,00584	0,00584	0,00584	0,00584	0,00584
0,02940	0,03988	0,07363	0,09337	0,09702	0,08642	0,06842	0,05845	0,05481	0,05682	0,07703	0,09558	0,10562	0,13359	0,14972	0,13424	0,11204	0,10732	0,11613	0,11507	0,12816	0,11176	0,11771	0,09483	0,04702	0,04042	0,05281	0,03826	0,00584	0,00584	0,00584	0,00584	0,00584	0,00584	0,00584	0,00584	0,00584	0,00584	0,00584	0,00584	0,00584	0,00584	0,00584	0,00584	0,00584	0,00584	0,00584	0,00584	0,00584	0,00584	0,00584
0,03149	0,03916	0,05211	0,07300	0,08124	0,07613	0,06809	0,06211	0,06001	0,06639	0,08558	0,08459	0,08541	0,11229	0,11893	0,10813	0,09475	0,08523	0,09621	0,09949	0,10000	0,08238	0,09805	0,07730	0,04524	0,03979	0,04559	0,02983	0,00584	0,00584	0,00584	0,00584	0,00584	0,00584	0,00584	0,00584	0,00584	0,00584	0,00584	0,00584	0,00584	0,00584	0,00584	0,00584	0,00584	0,00584	0,00584	0,00584	0,00584	0,00584	0,00584
0,05011	0,05963	0,05706	0,07338	0,08868	0,09168	0,09224	0,08028	0,08172	0,09474	0,09246	0,07243	0,07505	0,08932	0,08902	0,08928	0,08215	0,07541	0,09070	0,09263	0,09228	0,07292	0,08130	0,06682	0,04143	0,03717	0,03741	0,02492	0,00584	0,00584	0,00584	0,00584	0,00584	0,00584	0,00584	0,00584	0,00584	0,00584	0,00584	0,00584	0,00584	0,00584	0,00584	0,00584	0,00584	0,00584	0,00584	0,00584	0,00584	0,00584	0,00584
0,06673	0,07756	0,07734	0,09132	0,10567	0,10684	0,08626	0,08011	0,09540	0,10464	0,08635	0,07613	0,07370	0,06908	0,07762	0,09008	0,07901	0,08429	0,09661	0,08632	0,08514	0,06171	0,06719	0,05461	0,03706	0,03447	0,03091	0,02183	0,00584	0,00584	0,00584	0,00584	0,00584	0,00584	0,00584	0,00584	0,00584	0,00584	0,00584	0,00584	0,00584	0,00584	0,00584	0,00584	0,00584	0,00584	0,00584	0,00584	0,00584	0,00584	0,00584
0,06565	0,07367	0,08329	0,08304	0,07822	0,07023	0,05257	0,06034	0,07765	0,08542	0,09481	0,09177	0,06362	0,05962	0,09697	0,10407	0,08536	0,10079	0,09680	0,07315	0,07702	0,05646	0,05469	0,04318	0,03313	0,03369	0,02807	0,02150	0,00584	0,00584	0,00584	0,00584	0,00584	0,00584	0,00584	0,00584	0,00584	0,00584	0,00584	0,00584	0,00584	0,00584	0,00584	0,00584	0,00584	0,00584	0,00584	0,00584	0,00584	0,00584	0,00584
0,04756	0,05389	0,06304	0,05081	0,04245	0,04502	0,05106	0,05313	0,06450	0,09284	0,11482	0,07894	0,04847	0,08381	0,12422	0,10920	0,09760	0,10323	0,07775	0,05781	0,07109	0,04618	0,04661	0,03723	0,03245	0,03600	0,02961	0,02277	0,00584	0,00584	0,00584	0,00584	0,00584	0,00584	0,00584	0,00584	0,00584	0,00584	0,00584	0,00584	0,00584	0,00584	0,00584	0,00584	0,00584	0,00584	0,00584	0,00584	0,00584	0,00584	0,00584
0,03491	0,03871	0,03981	0,03316	0,03840	0,05150	0,05053	0,04978	0,07848	0,11531	0,08966	0,04366	0,07193	0,13190	0,12576	0,09765	0,09644	0,07833	0,05369	0,04616	0,05181	0,04635	0,04459	0,03480	0,03371	0,04009	0,03296	0,02486	0,00584	0,00584	0,00584	0,00584	0,00584	0,00584	0,00584	0,00584	0,00584	0,00584	0,00584	0,00584	0,00584	0,00584	0,00584	0,00584	0,00584	0,00584	0,00584	0,00584	0,00584	0,00584	0,00584
0,03759	0,04258	0,03620	0,03139	0,03236	0,03593	0,03921	0,06556	0,10528	0,09859	0,03669	0,05908	0,13378	0,15107	0,09548	0,07601	0,07460	0,05286	0,04245	0,04004	0,04165	0,04676	0,04525	0,03396	0,03482	0,04306	0,03699	0,02878	0,00584	0,00584	0,00584	0,00584	0,00584	0,00584	0,00584	0,00584	0,00584	0,00584	0,00584	0,00584	0,00584	0,00584	0,00584	0,00584	0,00584	0,00584	0,00584	0,00584	0,00584	0,00584	0,00584
0,03236	0,03714	0,04069	0,02991	0,02522	0,03703	0,08246	0,10543	0,08917	0,03789	0,04858	0,13081	0,17268	0,12314	0,06351	0,05421	0,05147	0,04581	0,04160	0,03863	0,04113	0,04501	0,04394	0,03344	0,03638	0,04719	0,04078	0,03211	0,00584	0,00584	0,00584	0,00584	0,00584	0,00584	0,00584	0,00584	0,00584	0,00584	0,00584	0,00584	0,00584	0,00584	0,00584	0,00584	0,00584	0,00584	0,00584	0,00584	0,00584	0,00584	0,00584
0,01631	0,01621	0,02833	0,02702	0,04448	0,07907	0,10258	0,08150	0,03270	0,02956	0,11117	0,16277	0,14078	0,07741	0,04104	0,04009	0,04460	0,04869	0,04396	0,04379	0,04223	0,05144	0,04181	0,03257	0,03756	0,05027	0,04451	0,03416	0,00584	0,00584	0,00584	0,00584	0,00584	0,00584	0,00584	0,00584	0,00584	0,00584	0,00584	0,00584	0,00584	0,00584	0,00584	0,00584	0,00584	0,00584	0,00584	0,00584	0,00584	0,00584	0,00584
0,01220	0,01213	0,01586	0,02502	0,04507	0,06698	0,04953	0,02732	0,02306	0,06105	0,10995	0,11609	0,07971	0,04297	0,03174	0,03623	0,04603	0,05186	0,05063	0,04949	0,05137	0,05212	0,03810	0,03170	0,03893	0,05209	0,04649	0,03562	0,00584	0,00584	0,00584	0,00584	0,00584	0,00584	0,00584	0,00584	0,00584	0,00584	0,00584	0,00584	0,00584	0,00584	0,00584	0,00584	0,00584	0,00584	0,00584	0,00584	0,00584	0,00584	0,00584
0,01076	0,01470	0,02432	0,02977	0,03554	0,03630	0,02848	0,02476	0,03614	0,05859	0,06838	0,05939	0,04037	0,03180	0,03187	0,03436	0,04342	0,05327	0,05512	0,04294	0,04951	0,05103	0,03577	0,03124	0,03808	0,04984	0,04974	0,04152	0,00584	0,00584	0,00584	0,00584	0,00584	0,00584	0,00584	0,00584	0,00584	0,00584	0,00584	0,00584	0,00584	0,00584	0,00584	0,00584	0,00584	0,00584	0,00584	0,00584	0,00584	0,00584	0,00584
0,01064	0,01319	0,02814	0,03572	0,03530	0,03256	0,02817	0,02831	0,03439	0,04048	0,03364	0,02684	0,03003	0,03566	0,03218	0,02832	0,03848	0,05429	0,04958	0,02925	0,03586	0,03427	0,03605	0,03246	0,03621	0,04694	0,05306	0,04765	0,00584	0,00584	0,00584	0,00584	0,00584	0,00584	0,00584	0,00584	0,00584	0,00584	0,00584	0,00584	0,00584	0,00584	0,00584	0,00584	0,00584	0,00584	0,00584	0,00584	0,00584	0,00584	0,00584
0,03304	0,03614	0,03072	0,03640	0,03305	0,02644	0,01992	0,02211	0,02707	0,02496	0,01487	0,01915	0,03605	0,04337	0,03137	0,02219	0,03896	0,05634	0,04301	0,02278	0,02584	0,03659	0,04021	0,03670	0,03608	0,04379	0,05479	0,05126	0,00584	0,00584	0,00584	0,00584	0,00584	0,00584	0,00584	0,00584	0,00584	0,00584	0,00584	0,00584	0,00584	0,00584	0,00584	0,00584	0,00584	0,00584	0,00584	0,00584	0,00584	0,00584	0,00584
0,04333	0,04801	0,04782	0,04283	0,02805	0,01797	0,01642	0,02449	0,03181	0,02414	0,01525	0,02457	0,04610	0,04728	0,02690	0,02064	0,04535	0,05815	0,03910	0,02336	0,02598	0,03311	0,04800	0,04269	0,03763	0,03887	0,05087	0,04804	0,00584	0,02321	0,00584	0,00584	0,00584	0,00584	0,00584	0,00584	0,00584	0,00584	0,00584	0,00584	0,00584	0,00584	0,00584	0,00584	0,00584	0,00584	0,00584	0,00584	0,00584	0,00584	0,00584
