12,50000	13,00000	13,50000	14,00000	14,50000	15,00000	15,50000	16,00000	16,50000	17,00000	17,50000	18,00000	18,50000	19,00000	19,50000	20,00000	20,50000	21,00000	21,50000	22,00000	22,50000	23,00000	23,50000	24,00000	24,50000	25,00000	25,50000	26,00000	26,50000	27,00000	27,50000	28,00000	28,50000	29,00000	29,50000	30,00000	30,50000	31,00000	31,50000	32,00000	32,50000	33,00000	33,50000	34,00000	34,50000	35,00000	35,50000	36,00000	36,50000	37,00000	37,50000
12,50000	13,00000	13,50000	14,00000	14,50000	15,00000	15,50000	16,00000	16,50000	17,00000	17,50000	18,00000	18,50000	19,00000	19,50000	20,00000	20,50000	21,00000	21,50000	22,00000	22,50000	23,00000	23,50000	24,00000	24,50000	25,00000	25,50000	26,00000	26,50000	27,00000	27,50000	28,00000	28,50000	29,00000	29,50000	30,00000	30,50000	31,00000	31,50000	32,00000	32,50000	33,00000	33,50000	34,00000	34,50000	35,00000	35,50000	36,00000	36,50000	37,00000	37,50000
0,00925	0,00821	0,00561	0,00437	0,00575	0,00659	0,00520	0,00384	0,00441	0,00521	0,00534	0,00522	0,00502	0,00577	0,00858	0,01163	0,01261	0,00845	0,00501	0,00898	0,01439	0,01296	0,00978	0,01297	0,01417	0,00998	0,00846	0,01065	0,01192	0,01176	0,01061	0,01235	0,01233	0,01335	0,01205	0,01260	0,01335	0,01772	0,01520	0,00925	0,00925	0,00925	0,00925	0,00925	0,00925	0,00925	0,00925	0,00925	0,00925	0,00925	0,00925
0,00812	0,00717	0,00528	0,00397	0,00441	0,00485	0,00421	0,00372	0,00409	0,00469	0,00508	0,00541	0,00581	0,00773	0,01146	0,01556	0,01582	0,01095	0,00604	0,00817	0,01508	0,01547	0,01090	0,01154	0,01553	0,01414	0,01087	0,01006	0,01042	0,01106	0,01071	0,01155	0,01343	0,01283	0,01091	0,01225	0,01428	0,01879	0,01584	0,00925	0,00925	0,00925	0,00925	0,00925	0,00925	0,00925	0,00925	0,00925	0,00925	0,00925	0,00925
0,00667	0,00617	0,00567	0,00478	0,00423	0,00407	0,00407	0,00461	0,00475	0,00517	0,00580	0,00639	0,00647	0,00769	0,01221	0,01902	0,02057	0,01451	0,00811	0,00844	0,01468	0,01598	0,01096	0,01078	0,01488	0,01657	0,01467	0,01103	0,00941	0,00958	0,00981	0,01060	0,01244	0,01281	0,01091	0,01140	0,01432	0,01973	0,01686	0,00925	0,00925	0,00925	0,00925	0,00925	0,00925	0,00925	0,00925	0,00925	0,00925	0,00925	0,00925
0,00529	0,00509	0,00516	0,00568	0,00508	0,00425	0,00464	0,00612	0,00590	0,00488	0,00627	0,00943	0,01019	0,00991	0,01077	0,01819	0,02239	0,01793	0,01055	0,00874	0,01489	0,01573	0,01003	0,00914	0,01267	0,01514	0,01559	0,01354	0,00989	0,00768	0,00796	0,00905	0,01115	0,01289	0,01201	0,01124	0,01409	0,02072	0,01791	0,00925	0,00925	0,00925	0,00925	0,00925	0,00925	0,00925	0,00925	0,00925	0,00925	0,00925	0,00925
0,00616	0,00559	0,00485	0,00579	0,00615	0,00567	0,00598	0,00870	0,00907	0,00488	0,00478	0,01081	0,01738	0,01896	0,01306	0,01474	0,02052	0,02009	0,01482	0,01098	0,01454	0,01611	0,00956	0,00781	0,01055	0,01165	0,01306	0,01508	0,01245	0,00748	0,00657	0,00747	0,00939	0,01218	0,01312	0,01208	0,01390	0,02187	0,01858	0,00925	0,00925	0,00925	0,00925	0,00925	0,00925	0,00925	0,00925	0,00925	0,00925	0,00925	0,00925
0,00939	0,00852	0,00548	0,00481	0,00604	0,00660	0,00722	0,00993	0,01230	0,00901	0,00565	0,00977	0,02084	0,02852	0,02061	0,01321	0,01755	0,01974	0,01907	0,01729	0,01598	0,01636	0,01167	0,00941	0,01187	0,01006	0,01000	0,01439	0,01545	0,00970	0,00658	0,00652	0,00738	0,00971	0,01268	0,01366	0,01495	0,02258	0,01889	0,00925	0,00925	0,00925	0,00925	0,00925	0,00925	0,00925	0,00925	0,00925	0,00925	0,00925	0,00925
0,01109	0,01014	0,00714	0,00497	0,00548	0,00626	0,00686	0,00868	0,01206	0,01315	0,00951	0,00966	0,01884	0,03051	0,02715	0,01469	0,01681	0,01997	0,01962	0,02360	0,02177	0,01675	0,01448	0,01593	0,01931	0,01236	0,00835	0,01309	0,01642	0,01250	0,00816	0,00790	0,00733	0,00789	0,01041	0,01357	0,01589	0,02299	0,01912	0,00925	0,00925	0,00925	0,00925	0,00925	0,00925	0,00925	0,00925	0,00925	0,00925	0,00925	0,00925
0,00934	0,00822	0,00596	0,00491	0,00519	0,00592	0,00565	0,00594	0,00842	0,01349	0,01286	0,01042	0,01407	0,02403	0,02665	0,01583	0,01906	0,02451	0,01955	0,02565	0,02868	0,01914	0,01520	0,02272	0,03104	0,02051	0,00852	0,01281	0,01681	0,01350	0,01041	0,01009	0,00878	0,00758	0,00849	0,01156	0,01572	0,02283	0,01950	0,00925	0,00925	0,00925	0,00925	0,00925	0,00925	0,00925	0,00925	0,00925	0,00925	0,00925	0,00925
0,00736	0,00580	0,00401	0,00374	0,00449	0,00546	0,00531	0,00470	0,00507	0,00946	0,01364	0,01431	0,01380	0,01906	0,02454	0,01743	0,02350	0,03400	0,02276	0,02445	0,03584	0,02615	0,01614	0,02575	0,04228	0,03078	0,01078	0,01294	0,01779	0,01323	0,01086	0,01202	0,01070	0,00843	0,00838	0,00990	0,01369	0,02116	0,02059	0,00925	0,00925	0,00925	0,00925	0,00925	0,00925	0,00925	0,00925	0,00925	0,00925	0,00925	0,00925
0,00746	0,00542	0,00371	0,00375	0,00499	0,00535	0,00491	0,00500	0,00509	0,00628	0,01136	0,01782	0,02002	0,02173	0,02812	0,02496	0,03178	0,04849	0,03278	0,02238	0,04106	0,03687	0,02041	0,02594	0,04954	0,04260	0,01543	0,01273	0,01951	0,01285	0,01021	0,01268	0,01207	0,01001	0,00878	0,00886	0,01069	0,01778	0,02066	0,00925	0,00925	0,00925	0,00925	0,00925	0,00925	0,00925	0,00925	0,00925	0,00925	0,00925	0,00925
0,00676	0,00497	0,00378	0,00424	0,00509	0,00497	0,00479	0,00554	0,00618	0,00633	0,01038	0,01937	0,02622	0,02908	0,03570	0,03520	0,03802	0,06585	0,05050	0,02275	0,04323	0,04627	0,02818	0,02759	0,05133	0,05525	0,02278	0,01257	0,02212	0,01432	0,00970	0,01219	0,01209	0,01184	0,01003	0,00876	0,00867	0,01417	0,01992	0,00925	0,00925	0,00925	0,00925	0,00925	0,00925	0,00925	0,00925	0,00925	0,00925	0,00925	0,00925
0,00563	0,00432	0,00407	0,00464	0,00489	0,00452	0,00506	0,00708	0,00788	0,00789	0,01278	0,02193	0,03131	0,03799	0,04883	0,05367	0,04478	0,07563	0,07365	0,03035	0,04064	0,05092	0,03574	0,03273	0,04949	0,05993	0,03240	0,01495	0,02567	0,01748	0,01056	0,01211	0,01088	0,01271	0,01172	0,00922	0,00797	0,01109	0,01747	0,00925	0,00925	0,00925	0,00925	0,00925	0,00925	0,00925	0,00925	0,00925	0,00925	0,00925	0,00925
0,00540	0,00490	0,00512	0,00500	0,00464	0,00463	0,00614	0,00917	0,01067	0,01139	0,02120	0,03808	0,04882	0,05667	0,07032	0,09100	0,06838	0,07947	0,09853	0,05220	0,04015	0,05227	0,04115	0,04029	0,04587	0,05887	0,04212	0,02095	0,02975	0,02233	0,01316	0,01293	0,01063	0,01314	0,01293	0,00977	0,00785	0,00940	0,01457	0,00925	0,00925	0,00925	0,00925	0,00925	0,00925	0,00925	0,00925	0,00925	0,00925	0,00925	0,00925
0,00632	0,00599	0,00581	0,00484	0,00463	0,00568	0,00819	0,01308	0,01631	0,01742	0,03387	0,06894	0,09404	0,11059	0,11851	0,14535	0,12164	0,09494	0,12613	0,09147	0,05389	0,05419	0,04388	0,04957	0,04475	0,05287	0,04959	0,02816	0,03283	0,02608	0,01621	0,01432	0,01185	0,01485	0,01363	0,00992	0,00781	0,00894	0,01270	0,00925	0,00925	0,00925	0,00925	0,00925	0,00925	0,00925	0,00925	0,00925	0,00925	0,00925	0,00925
0,00703	0,00614	0,00511	0,00450	0,00478	0,00608	0,00975	0,01709	0,02750	0,03085	0,04349	0,09972	0,15145	0,18913	0,21220	0,25235	0,21794	0,13093	0,16271	0,14974	0,09114	0,06592	0,04786	0,06200	0,04799	0,04541	0,05543	0,03521	0,03412	0,02915	0,01822	0,01434	0,01395	0,01877	0,01590	0,00988	0,00766	0,00904	0,01163	0,00925	0,00925	0,00925	0,00925	0,00925	0,00925	0,00925	0,00925	0,00925	0,00925	0,00925	0,00925
0,00624	0,00537	0,00456	0,00467	0,00564	0,00680	0,00998	0,01974	0,03813	0,05603	0,06673	0,13962	0,22570	0,27831	0,32420	0,41615	0,38458	0,21001	0,20292	0,22703	0,16507	0,09269	0,05924	0,08010	0,05658	0,03573	0,05766	0,04317	0,03505	0,03029	0,01870	0,01322	0,01594	0,02289	0,01948	0,01046	0,00739	0,00910	0,01133	0,00925	0,00925	0,00925	0,00925	0,00925	0,00925	0,00925	0,00925	0,00925	0,00925	0,00925	0,00925
0,00509	0,00475	0,00481	0,00584	0,00796	0,00967	0,01213	0,02303	0,04977	0,08578	0,11696	0,21707	0,35357	0,40259	0,41464	0,53903	0,60034	0,36798	0,26368	0,29434	0,26017	0,14070	0,07954	0,10826	0,07206	0,02617	0,05511	0,04942	0,03660	0,03337	0,01872	0,01233	0,01847	0,02628	0,02251	0,01234	0,00709	0,00924	0,01112	0,00925	0,00925	0,00925	0,00925	0,00925	0,00925	0,00925	0,00925	0,00925	0,00925	0,00925	0,00925
0,00445	0,00477	0,00513	0,00614	0,00878	0,01109	0,01567	0,03148	0,06934	0,12077	0,17923	0,32267	0,49418	0,56433	0,50838	0,55347	0,69760	0,56341	0,37452	0,33286	0,34242	0,20253	0,10632	0,14092	0,09422	0,02351	0,04746	0,05036	0,03838	0,03683	0,02008	0,01319	0,02163	0,02703	0,02182	0,01565	0,00821	0,00936	0,01100	0,00925	0,00925	0,00925	0,00925	0,00925	0,00925	0,00925	0,00925	0,00925	0,00925	0,00925	0,00925
0,00432	0,00524	0,00517	0,00596	0,00881	0,01195	0,01847	0,04222	0,09292	0,16516	0,26098	0,42683	0,60287	0,68683	0,63726	0,51511	0,62171	0,67442	0,50123	0,35679	0,37520	0,26354	0,13350	0,15973	0,12570	0,03415	0,04395	0,04840	0,03912	0,04043	0,02256	0,01622	0,02535	0,02630	0,01883	0,01818	0,01117	0,01019	0,01062	0,00925	0,00925	0,00925	0,00925	0,00925	0,00925	0,00925	0,00925	0,00925	0,00925	0,00925	0,00925
0,00540	0,00619	0,00572	0,00605	0,00980	0,01476	0,02294	0,05248	0,10488	0,21558	0,36240	0,56282	0,71141	0,74612	0,74444	0,53991	0,47996	0,63101	0,58671	0,38559	0,36590	0,32632	0,16855	0,16020	0,14045	0,06068	0,04992	0,04600	0,03944	0,04109	0,02697	0,02272	0,02957	0,02514	0,01519	0,01864	0,01559	0,01207	0,01013	0,00925	0,00925	0,00925	0,00925	0,00925	0,00925	0,00925	0,00925	0,00925	0,00925	0,00925	0,00925
0,00639	0,00644	0,00629	0,00833	0,01245	0,01828	0,02933	0,06452	0,12631	0,24804	0,44160	0,69500	0,80011	0,72518	0,73785	0,58421	0,40102	0,49739	0,57894	0,40654	0,33655	0,37380	0,21717	0,14668	0,13782	0,09027	0,06376	0,05103	0,04388	0,03923	0,03301	0,03410	0,03525	0,02488	0,01311	0,01702	0,01898	0,01440	0,00915	0,00925	0,00925	0,00925	0,00925	0,00925	0,00925	0,00925	0,00925	0,00925	0,00925	0,00925	0,00925
0,00710	0,00586	0,00672	0,01282	0,01866	0,02632	0,03957	0,08696	0,16876	0,30118	0,48352	0,74590	0,83004	0,62464	0,52325	0,49264	0,32795	0,31561	0,47856	0,40365	0,30814	0,39487	0,25589	0,13986	0,13558	0,11021	0,07383	0,06559	0,05436	0,03697	0,03938	0,04830	0,04139	0,02434	0,01320	0,01516	0,02048	0,01636	0,00856	0,00925	0,00925	0,00925	0,00925	0,00925	0,00925	0,00925	0,00925	0,00925	0,00925	0,00925	0,00925
0,00792	0,00608	0,01044	0,02212	0,03274	0,04319	0,06613	0,12606	0,21303	0,33203	0,51190	0,78200	0,84649	0,55169	0,26349	0,22601	0,19398	0,17116	0,32962	0,34270	0,27727	0,39435	0,28588	0,15090	0,14735	0,11881	0,07259	0,08661	0,07027	0,03610	0,04730	0,06049	0,04613	0,02240	0,01345	0,01487	0,01902	0,01621	0,00841	0,00925	0,00925	0,00925	0,00925	0,00925	0,00925	0,00925	0,00925	0,00925	0,00925	0,00925	0,00925
0,00970	0,00998	0,01564	0,03242	0,04609	0,05816	0,08471	0,14707	0,24626	0,37060	0,53976	0,78007	0,87244	0,60402	0,24076	0,08831	0,08301	0,08613	0,23054	0,27616	0,25518	0,37714	0,30016	0,18861	0,17765	0,12122	0,06841	0,10953	0,08901	0,03701	0,05231	0,06908	0,04845	0,01984	0,01410	0,01638	0,01579	0,01389	0,00898	0,00925	0,00925	0,00925	0,00925	0,00925	0,00925	0,00925	0,00925	0,00925	0,00925	0,00925	0,00925
0,01302	0,01650	0,02068	0,03385	0,04833	0,06204	0,09306	0,17908	0,31914	0,45800	0,58257	0,77123	0,90341	0,75953	0,48965	0,25751	0,16304	0,12759	0,23767	0,26343	0,26876	0,36080	0,30985	0,25413	0,21615	0,12093	0,07303	0,12865	0,10362	0,03986	0,05480	0,07141	0,04743	0,01940	0,01611	0,01927	0,01253	0,01117	0,00965	0,00925	0,00925	0,00925	0,00925	0,00925	0,00925	0,00925	0,00925	0,00925	0,00925	0,00925	0,00925
0,01855	0,02661	0,02812	0,03335	0,04631	0,06559	0,11202	0,22811	0,41190	0,55923	0,63718	0,79674	0,99240	0,93686	0,76016	0,56117	0,38954	0,29102	0,33949	0,32645	0,33511	0,37430	0,34084	0,32369	0,24825	0,12111	0,09023	0,14299	0,11112	0,04357	0,05799	0,07002	0,04467	0,02126	0,02036	0,02279	0,01117	0,00974	0,01025	0,00925	0,00925	0,00925	0,00925	0,00925	0,00925	0,00925	0,00925	0,00925	0,00925	0,00925	0,00925
0,02555	0,04072	0,04539	0,04118	0,04987	0,07560	0,13248	0,25515	0,42456	0,58854	0,69373	0,89868	1,07710	1,02283	0,89540	0,74287	0,59281	0,49045	0,51504	0,45258	0,44179	0,42348	0,38445	0,37518	0,25827	0,13516	0,11343	0,14456	0,11513	0,04720	0,05825	0,06779	0,04302	0,02570	0,02635	0,02568	0,01194	0,01013	0,01088	0,00925	0,00925	0,00925	0,00925	0,00925	0,00925	0,00925	0,00925	0,00925	0,00925	0,00925	0,00925
0,03074	0,05302	0,06640	0,06156	0,06187	0,08437	0,13878	0,23572	0,37660	0,57889	0,75618	0,98634	1,07782	0,98674	0,92093	0,81417	0,68673	0,67218	0,69981	0,58782	0,55505	0,48475	0,40793	0,37854	0,24924	0,14895	0,13341	0,13521	0,10383	0,05025	0,05931	0,06338	0,04265	0,03160	0,03208	0,02684	0,01312	0,01177	0,01245	0,00925	0,00925	0,00925	0,00925	0,00925	0,00925	0,00925	0,00925	0,00925	0,00925	0,00925	0,00925
0,02969	0,05204	0,07511	0,08147	0,07771	0,09083	0,13182	0,18842	0,28891	0,48308	0,74613	0,97109	0,96480	0,91797	0,94283	0,86922	0,77763	0,82636	0,83070	0,66448	0,62240	0,51762	0,39006	0,35248	0,24089	0,16689	0,13718	0,11951	0,09185	0,05621	0,05778	0,05787	0,04158	0,03761	0,03707	0,02626	0,01291	0,01454	0,00925	0,00925	0,00925	0,00925	0,00925	0,00925	0,00925	0,00925	0,00925	0,00925	0,00925	0,00925	0,00925
0,02663	0,04085	0,06099	0,07569	0,07662	0,08114	0,10430	0,12462	0,18938	0,37291	0,65778	0,84090	0,78020	0,82028	0,91842	0,88939	0,85242	0,91247	0,81618	0,64867	0,61426	0,48037	0,33410	0,30206	0,23272	0,17011	0,12865	0,09789	0,08072	0,06154	0,05473	0,05097	0,04115	0,04201	0,03925	0,02435	0,01246	0,01754	0,00925	0,00925	0,00925	0,00925	0,00925	0,00925	0,00925	0,00925	0,00925	0,00925	0,00925	0,00925	0,00925
0,02802	0,03287	0,03917	0,04998	0,05274	0,05605	0,07110	0,08131	0,12867	0,28931	0,52095	0,63819	0,54850	0,64125	0,77032	0,79369	0,80521	0,83262	0,65647	0,55066	0,53381	0,38369	0,26222	0,24371	0,21087	0,15187	0,11374	0,08077	0,07686	0,06831	0,05026	0,04445	0,04091	0,04416	0,03948	0,02287	0,01244	0,01961	0,00925	0,00925	0,00925	0,00925	0,00925	0,00925	0,00925	0,00925	0,00925	0,00925	0,00925	0,00925	0,00925
0,03525	0,03617	0,03220	0,03271	0,03485	0,04014	0,05096	0,06417	0,10887	0,22799	0,37365	0,40185	0,31853	0,44267	0,54381	0,58755	0,61362	0,59204	0,45578	0,42018	0,40169	0,28906	0,19098	0,19531	0,18197	0,13219	0,10089	0,07321	0,07311	0,06799	0,04526	0,04056	0,04025	0,04217	0,03721	0,02208	0,01361	0,02074	0,00925	0,00925	0,00925	0,00925	0,00925	0,00925	0,00925	0,00925	0,00925	0,00925	0,00925	0,00925	0,00925
0,04485	0,04558	0,04021	0,03853	0,04063	0,04573	0,04935	0,06266	0,09794	0,15692	0,21126	0,19545	0,18905	0,27198	0,31602	0,34908	0,38858	0,35469	0,29285	0,29162	0,27107	0,20168	0,14994	0,16279	0,15407	0,11209	0,09574	0,06664	0,06454	0,06135	0,04131	0,03910	0,03713	0,03778	0,03348	0,02240	0,01523	0,01972	0,00925	0,00925	0,00925	0,00925	0,00925	0,00925	0,00925	0,00925	0,00925	0,00925	0,00925	0,00925	0,00925
0,04821	0,05245	0,05354	0,05587	0,05838	0,05816	0,05572	0,06163	0,07488	0,08908	0,09757	0,09767	0,13567	0,16065	0,16733	0,20930	0,23384	0,21810	0,20285	0,19620	0,17833	0,15907	0,13294	0,14331	0,13067	0,10004	0,09013	0,05669	0,05206	0,05234	0,04009	0,03689	0,03195	0,03277	0,03133	0,02309	0,01649	0,01757	0,00925	0,00925	0,00925	0,00925	0,00925	0,00925	0,00925	0,00925	0,00925	0,00925	0,00925	0,00925	0,00925
0,04185	0,04804	0,05324	0,05704	0,05419	0,04984	0,05383	0,06695	0,07819	0,06946	0,06450	0,08930	0,10277	0,10328	0,12840	0,16104	0,16388	0,16034	0,15208	0,13604	0,14370	0,14966	0,12434	0,12402	0,10422	0,08862	0,08133	0,04696	0,04153	0,04638	0,03948	0,03196	0,02729	0,03029	0,03031	0,02338	0,01614	0,01535	0,00925	0,00925	0,00925	0,00925	0,00925	0,00925	0,00925	0,00925	0,00925	0,00925	0,00925	0,00925	0,00925
0,02884	0,03499	0,03953	0,03896	0,03337	0,03696	0,06028	0,09581	0,11199	0,09583	0,08183	0,08708	0,08182	0,09578	0,12501	0,13360	0,12745	0,12951	0,11710	0,10948	0,13587	0,14029	0,11013	0,10231	0,08261	0,07712	0,06835	0,03996	0,03671	0,04230	0,03703	0,02606	0,02428	0,02952	0,02963	0,02159	0,01465	0,01358	0,00925	0,00925	0,00925	0,00925	0,00925	0,00925	0,00925	0,00925	0,00925	0,00925	0,00925	0,00925	0,00925
0,02112	0,02448	0,02571	0,02445	0,02545	0,04294	0,07883	0,11397	0,11280	0,09362	0,07922	0,07705	0,08817	0,11237	0,11991	0,10382	0,10398	0,11133	0,09768	0,09706	0,12189	0,11698	0,09401	0,08426	0,06139	0,06541	0,06139	0,03810	0,03418	0,03758	0,03181	0,02079	0,02360	0,02998	0,02791	0,01890	0,01290	0,01239	0,00925	0,00925	0,00925	0,00925	0,00925	0,00925	0,00925	0,00925	0,00925	0,00925	0,00925	0,00925	0,00925
0,02216	0,02401	0,02381	0,02574	0,03349	0,05059	0,07645	0,08765	0,08376	0,07862	0,07714	0,08294	0,11436	0,13677	0,11138	0,08499	0,09352	0,10096	0,08755	0,08666	0,09917	0,09404	0,08490	0,07041	0,04816	0,05709	0,05524	0,03750	0,03067	0,03259	0,02789	0,01816	0,02394	0,03061	0,02579	0,01568	0,01155	0,01172	0,00925	0,00925	0,00925	0,00925	0,00925	0,00925	0,00925	0,00925	0,00925	0,00925	0,00925	0,00925	0,00925
0,02952	0,03262	0,03545	0,04041	0,04892	0,05464	0,06180	0,07447	0,09099	0,09034	0,08232	0,09043	0,14277	0,14999	0,10709	0,08556	0,09563	0,10082	0,09242	0,08492	0,08448	0,08179	0,07830	0,06101	0,04281	0,05331	0,05000	0,03476	0,02743	0,03057	0,02581	0,01712	0,02470	0,03142	0,02387	0,01321	0,01083	0,01061	0,00925	0,00925	0,00925	0,00925	0,00925	0,00925	0,00925	0,00925	0,00925	0,00925	0,00925	0,00925	0,00925
0,03262	0,03757	0,04334	0,05501	0,06570	0,06697	0,06957	0,09045	0,09791	0,07911	0,06386	0,09643	0,15149	0,13982	0,10681	0,09127	0,09781	0,11272	0,10887	0,09106	0,08102	0,07502	0,06844	0,05205	0,04353	0,04986	0,04263	0,03075	0,02694	0,03145	0,02597	0,01775	0,02627	0,03233	0,02236	0,01173	0,01003	0,00947	0,00925	0,00925	0,00925	0,00925	0,00925	0,00925	0,00925	0,00925	0,00925	0,00925	0,00925	0,00925	0,00925
0,02501	0,02826	0,03832	0,05993	0,07807	0,07672	0,07179	0,07173	0,06003	0,04247	0,05298	0,10619	0,12383	0,12485	0,10389	0,08299	0,10613	0,13417	0,11646	0,09352	0,07824	0,06285	0,05336	0,04668	0,04402	0,04426	0,03536	0,02850	0,02919	0,03380	0,02637	0,01922	0,02849	0,03232	0,02065	0,01117	0,00926	0,00867	0,00925	0,00925	0,00925	0,00925	0,00925	0,00925	0,00925	0,00925	0,00925	0,00925	0,00925	0,00925	0,00925
0,01601	0,01560	0,02997	0,05770	0,07682	0,06497	0,04348	0,03297	0,04060	0,05180	0,06767	0,09072	0,10510	0,11587	0,08046	0,07884	0,13224	0,13907	0,09863	0,08242	0,06464	0,04392	0,04128	0,04107	0,03999	0,03843	0,03118	0,02804	0,03273	0,03744	0,02886	0,02208	0,02871	0,02994	0,01840	0,01088	0,00884	0,00887	0,00925	0,00925	0,00925	0,00925	0,00925	0,00925	0,00925	0,00925	0,00925	0,00925	0,00925	0,00925	0,00925
0,01240	0,01325	0,02848	0,05497	0,06458	0,04290	0,02121	0,02842	0,05357	0,06116	0,05786	0,07031	0,10187	0,07413	0,05582	0,11630	0,14757	0,10479	0,06741	0,06490	0,04384	0,03192	0,03430	0,03460	0,03685	0,03580	0,02964	0,02916	0,03652	0,04159	0,03229	0,02439	0,02677	0,02518	0,01639	0,01074	0,00946	0,01015	0,00925	0,00925	0,00925	0,00925	0,00925	0,00925	0,00925	0,00925	0,00925	0,00925	0,00925	0,00925	0,00925
0,01182	0,01672	0,03532	0,06011	0,06230	0,03657	0,01379	0,01958	0,03706	0,04487	0,05319	0,08187	0,04543	0,03338	0,10452	0,15423	0,10827	0,05350	0,05244	0,04866	0,03125	0,02934	0,03054	0,03285	0,03795	0,03549	0,03050	0,03091	0,03903	0,04651	0,03660	0,02523	0,02274	0,02081	0,01454	0,01076	0,01100	0,01177	0,00925	0,00925	0,00925	0,00925	0,00925	0,00925	0,00925	0,00925	0,00925	0,00925	0,00925	0,00925	0,00925
0,02020	0,02338	0,03757	0,05696	0,05753	0,03680	0,02139	0,03771	0,07087	0,08488	0,08162	0,06179	0,02043	0,08882	0,14832	0,11488	0,05187	0,03754	0,04780	0,03633	0,03078	0,03265	0,03192	0,03688	0,03899	0,03560	0,03227	0,03169	0,04179	0,04967	0,03783	0,02386	0,01904	0,01680	0,01310	0,01106	0,01303	0,01342	0,00925	0,00925	0,00925	0,00925	0,00925	0,00925	0,00925	0,00925	0,00925	0,00925	0,00925	0,00925	0,00925
0,03531	0,02758	0,02444	0,03031	0,03319	0,03461	0,05124	0,08816	0,11479	0,10041	0,05646	0,01692	0,06794	0,11425	0,08802	0,03913	0,02750	0,04119	0,03586	0,03233	0,03842	0,03703	0,03771	0,03806	0,03487	0,03628	0,03317	0,03084	0,04306	0,04779	0,03489	0,02188	0,01689	0,01470	0,01240	0,01177	0,01477	0,01439	0,00925	0,00925	0,00925	0,00925	0,00925	0,00925	0,00925	0,00925	0,00925	0,00925	0,00925	0,00925	0,00925
0,04628	0,03123	0,01477	0,00890	0,01349	0,02875	0,05587	0,08044	0,07286	0,04640	0,02183	0,03145	0,06923	0,05758	0,02682	0,02379	0,03694	0,03607	0,02674	0,03605	0,04311	0,04228	0,03879	0,02951	0,03350	0,04114	0,03157	0,02972	0,04097	0,04241	0,03218	0,02153	0,01686	0,01384	0,01252	0,01261	0,01537	0,01410	0,00925	0,00925	0,00925	0,00925	0,00925	0,00925	0,00925	0,00925	0,00925	0,00925	0,00925	0,00925	0,00925
0,04808	0,03369	0,01685	0,01063	0,01695	0,02779	0,04041	0,04398	0,03608	0,02563	0,02793	0,04662	0,04028	0,02636	0,02906	0,04349	0,04158	0,02623	0,02439	0,03502	0,04513	0,04636	0,02936	0,02314	0,04271	0,04609	0,03003	0,02913	0,03647	0,03644	0,02999	0,02235	0,01792	0,01469	0,01328	0,01321	0,01427	0,01282	0,00925	0,00925	0,00925	0,00925	0,00925	0,00925	0,00925	0,00925	0,00925	0,00925	0,00925	0,00925	0,00925
0,03873	0,03376	0,02506	0,02050	0,02188	0,02682	0,03218	0,03279	0,03091	0,03179	0,03777	0,03997	0,02312	0,02658	0,04121	0,04730	0,03572	0,02302	0,02109	0,03670	0,05548	0,04755	0,02085	0,02907	0,05315	0,04642	0,03249	0,02958	0,03124	0,03187	0,02885	0,02383	0,01981	0,01627	0,01428	0,01289	0,01177	0,01145	0,00925	0,00925	0,00925	0,00925	0,00925	0,00925	0,00925	0,00925	0,00925	0,00925	0,00925	0,00925	0,00925
0,02117	0,02841	0,03705	0,03895	0,03591	0,03021	0,02577	0,02344	0,02041	0,01912	0,02345	0,01931	0,01260	0,02149	0,03680	0,04462	0,03705	0,02083	0,02182	0,05343	0,06712	0,03907	0,02077	0,04185	0,05589	0,04843	0,03832	0,02920	0,02661	0,02677	0,02627	0,02434	0,02167	0,01847	0,01543	0,01143	0,00958	0,01058	0,00925	0,00925	0,00925	0,00925	0,00925	0,00925	0,00925	0,00925	0,00925	0,00925	0,00925	0,00925	0,00925
0,01447	0,02398	0,04185	0,05317	0,04898	0,03533	0,01896	0,01176	0,01075	0,01391	0,01492	0,01335	0,01121	0,01711	0,03990	0,04754	0,03022	0,01287	0,03306	0,06548	0,06135	0,03251	0,02828	0,04599	0,05715	0,05505	0,04082	0,02762	0,02206	0,02064	0,02229	0,02389	0,02310	0,02074	0,01573	0,00972	0,00838	0,00982	0,00925	0,00884	0,00925	0,00925	0,00925	0,00925	0,00925	0,00925	0,00925	0,00925	0,00925	0,00925	0,00925
