17,10000	17,60000	18,10000	18,60000	19,10000	19,60000	20,10000	20,60000	21,10000	21,60000	22,10000	22,60000	23,10000	23,60000	24,10000	24,60000	25,10000	25,60000	26,10000	26,60000	27,10000	27,60000	28,10000	28,60000	29,10000	29,60000	30,10000	30,60000	31,10000	31,60000	32,10000	32,60000	33,10000	33,60000	34,10000	34,60000	35,10000	35,60000	36,10000	36,60000	37,10000	37,60000	38,10000	38,60000	39,10000	39,60000	40,10000	40,60000	41,10000	41,60000	42,10000
13,00000	13,50000	14,00000	14,50000	15,00000	15,50000	16,00000	16,50000	17,00000	17,50000	18,00000	18,50000	19,00000	19,50000	20,00000	20,50000	21,00000	21,50000	22,00000	22,50000	23,00000	23,50000	24,00000	24,50000	25,00000	25,50000	26,00000	26,50000	27,00000	27,50000	28,00000	28,50000	29,00000	29,50000	30,00000	30,50000	31,00000	31,50000	32,00000	32,50000	33,00000	33,50000	34,00000	34,50000	35,00000	35,50000	36,00000	36,50000	37,00000	37,50000	38,00000
0,00499	0,00566	0,00658	0,00753	0,00885	0,00894	0,00811	0,00673	0,00636	0,00571	0,00540	0,00513	0,00498	0,00446	0,00403	0,00357	0,00317	0,00321	0,00340	0,00395	0,00445	0,00513	0,00551	0,00555	0,00515	0,00507	0,00552	0,00623	0,00713	0,00743	0,00706	0,00682	0,00575	0,00485	0,00476	0,00591	0,00786	0,00980	0,00866	0,00685	0,00701	0,00567	0,00478	0,00566	0,00752	0,00815	0,00785	0,00642	0,00541	0,00446	0,00460
0,00573	0,00670	0,00821	0,00997	0,01136	0,01092	0,00968	0,00785	0,00692	0,00591	0,00539	0,00506	0,00482	0,00440	0,00388	0,00343	0,00293	0,00310	0,00345	0,00407	0,00486	0,00551	0,00610	0,00598	0,00544	0,00482	0,00510	0,00631	0,00799	0,00891	0,00886	0,00858	0,00740	0,00580	0,00524	0,00604	0,00829	0,01056	0,00960	0,00820	0,00794	0,00630	0,00477	0,00474	0,00644	0,00826	0,00861	0,00759	0,00616	0,00487	0,00444
0,00460	0,00694	0,00940	0,01190	0,01258	0,01207	0,01089	0,00894	0,00746	0,00597	0,00488	0,00428	0,00421	0,00406	0,00384	0,00364	0,00342	0,00319	0,00344	0,00439	0,00547	0,00618	0,00626	0,00600	0,00561	0,00507	0,00481	0,00574	0,00779	0,01007	0,01031	0,01061	0,00972	0,00746	0,00584	0,00548	0,00711	0,00925	0,00923	0,00825	0,00839	0,00714	0,00504	0,00412	0,00488	0,00752	0,00913	0,00871	0,00749	0,00550	0,00473
0,00523	0,00773	0,01083	0,01310	0,01317	0,01194	0,01014	0,00830	0,00716	0,00599	0,00479	0,00371	0,00344	0,00366	0,00378	0,00381	0,00375	0,00333	0,00346	0,00415	0,00521	0,00656	0,00647	0,00580	0,00506	0,00485	0,00453	0,00498	0,00664	0,00922	0,01004	0,01037	0,01042	0,00926	0,00670	0,00528	0,00567	0,00752	0,00767	0,00664	0,00714	0,00706	0,00559	0,00406	0,00372	0,00591	0,00759	0,00857	0,00849	0,00696	0,00559
0,00714	0,00964	0,01269	0,01413	0,01334	0,01144	0,00921	0,00743	0,00672	0,00589	0,00466	0,00375	0,00353	0,00356	0,00365	0,00394	0,00384	0,00333	0,00344	0,00413	0,00497	0,00627	0,00676	0,00582	0,00496	0,00401	0,00379	0,00427	0,00563	0,00756	0,00815	0,00805	0,00849	0,00865	0,00729	0,00526	0,00487	0,00643	0,00705	0,00569	0,00539	0,00610	0,00554	0,00505	0,00437	0,00486	0,00581	0,00687	0,00764	0,00743	0,00671
0,00886	0,01085	0,01332	0,01411	0,01353	0,01189	0,00992	0,00764	0,00654	0,00559	0,00477	0,00437	0,00432	0,00383	0,00371	0,00413	0,00426	0,00375	0,00408	0,00462	0,00466	0,00504	0,00521	0,00505	0,00463	0,00414	0,00409	0,00394	0,00460	0,00601	0,00659	0,00621	0,00602	0,00655	0,00604	0,00484	0,00402	0,00559	0,00731	0,00657	0,00485	0,00481	0,00550	0,00669	0,00660	0,00579	0,00581	0,00575	0,00599	0,00615	0,00639
0,00929	0,01084	0,01283	0,01386	0,01424	0,01368	0,01213	0,00918	0,00667	0,00530	0,00468	0,00499	0,00448	0,00361	0,00383	0,00440	0,00466	0,00425	0,00441	0,00475	0,00470	0,00410	0,00369	0,00336	0,00329	0,00404	0,00438	0,00437	0,00417	0,00467	0,00518	0,00535	0,00487	0,00497	0,00469	0,00405	0,00402	0,00554	0,00810	0,00839	0,00645	0,00461	0,00515	0,00788	0,00973	0,00812	0,00731	0,00641	0,00536	0,00517	0,00558
0,00960	0,01118	0,01319	0,01428	0,01497	0,01525	0,01452	0,01107	0,00830	0,00605	0,00492	0,00480	0,00463	0,00424	0,00454	0,00527	0,00571	0,00552	0,00511	0,00526	0,00545	0,00491	0,00408	0,00327	0,00321	0,00328	0,00370	0,00422	0,00401	0,00379	0,00390	0,00398	0,00408	0,00413	0,00381	0,00381	0,00444	0,00647	0,00868	0,01019	0,00911	0,00573	0,00529	0,00784	0,01129	0,01012	0,00917	0,00794	0,00645	0,00493	0,00503
0,00996	0,01144	0,01350	0,01443	0,01465	0,01495	0,01566	0,01492	0,01268	0,00856	0,00654	0,00540	0,00578	0,00584	0,00605	0,00672	0,00715	0,00737	0,00703	0,00659	0,00603	0,00583	0,00546	0,00499	0,00492	0,00398	0,00340	0,00378	0,00425	0,00409	0,00360	0,00326	0,00321	0,00361	0,00360	0,00373	0,00446	0,00670	0,00899	0,01061	0,01060	0,00839	0,00685	0,00722	0,01044	0,01021	0,01073	0,00989	0,00741	0,00557	0,00503
0,00884	0,00975	0,01204	0,01324	0,01370	0,01434	0,01650	0,01843	0,01730	0,01335	0,01154	0,00950	0,00870	0,00779	0,00734	0,00754	0,00803	0,00892	0,00982	0,00934	0,00704	0,00569	0,00566	0,00610	0,00665	0,00536	0,00397	0,00415	0,00561	0,00543	0,00462	0,00369	0,00346	0,00360	0,00364	0,00379	0,00484	0,00711	0,00876	0,01003	0,01033	0,00994	0,00853	0,00727	0,00858	0,00868	0,01027	0,01062	0,00863	0,00597	0,00474
0,00795	0,00780	0,00924	0,01104	0,01313	0,01646	0,01952	0,02000	0,01808	0,01609	0,01651	0,01690	0,01468	0,01141	0,00874	0,00882	0,00908	0,00886	0,00991	0,01036	0,00919	0,00669	0,00550	0,00568	0,00674	0,00672	0,00550	0,00579	0,00771	0,00733	0,00599	0,00490	0,00440	0,00417	0,00362	0,00391	0,00536	0,00800	0,00912	0,00899	0,00860	0,00901	0,00871	0,00739	0,00681	0,00658	0,00838	0,01012	0,00926	0,00654	0,00496
0,00873	0,00741	0,00763	0,00930	0,01282	0,01876	0,02361	0,02329	0,01971	0,01741	0,01887	0,02179	0,01973	0,01460	0,01142	0,01108	0,01215	0,01050	0,00874	0,00806	0,00873	0,00844	0,00681	0,00514	0,00533	0,00658	0,00708	0,00813	0,00981	0,00883	0,00711	0,00694	0,00611	0,00529	0,00419	0,00445	0,00605	0,00937	0,01046	0,00846	0,00701	0,00748	0,00729	0,00651	0,00559	0,00584	0,00700	0,00856	0,00895	0,00761	0,00544
0,01000	0,00876	0,00837	0,00987	0,01260	0,01625	0,02023	0,02274	0,02406	0,02541	0,02369	0,02018	0,01704	0,01353	0,01165	0,01258	0,01493	0,01384	0,01016	0,00683	0,00662	0,00831	0,00757	0,00538	0,00533	0,00615	0,00751	0,00954	0,01010	0,00894	0,00750	0,00773	0,00807	0,00798	0,00659	0,00591	0,00734	0,01079	0,01176	0,00895	0,00619	0,00585	0,00578	0,00541	0,00508	0,00538	0,00592	0,00700	0,00810	0,00785	0,00642
0,01062	0,01067	0,01225	0,01528	0,01741	0,01505	0,01486	0,01711	0,02271	0,03002	0,03063	0,02044	0,01260	0,00988	0,01082	0,01252	0,01445	0,01410	0,01200	0,00939	0,00729	0,00790	0,00720	0,00557	0,00686	0,00715	0,00803	0,00907	0,00877	0,00804	0,00806	0,00895	0,00951	0,01075	0,01125	0,01058	0,01042	0,01266	0,01288	0,00962	0,00590	0,00489	0,00486	0,00473	0,00490	0,00568	0,00588	0,00586	0,00639	0,00753	0,00712
0,00901	0,01102	0,01498	0,02028	0,02201	0,01684	0,01647	0,02233	0,02486	0,02487	0,02618	0,02285	0,01491	0,01065	0,01145	0,01294	0,01319	0,01227	0,01212	0,01242	0,01015	0,00900	0,00781	0,00562	0,00810	0,00944	0,00939	0,00941	0,00873	0,00807	0,00900	0,01089	0,01199	0,01331	0,01570	0,01582	0,01402	0,01431	0,01300	0,00991	0,00593	0,00436	0,00423	0,00417	0,00466	0,00630	0,00634	0,00559	0,00546	0,00652	0,00729
0,00861	0,01261	0,01566	0,01872	0,02010	0,01663	0,01903	0,03268	0,03982	0,02574	0,01492	0,01682	0,01769	0,01592	0,01544	0,01435	0,01281	0,01117	0,01161	0,01328	0,01243	0,01027	0,00946	0,00652	0,00734	0,01036	0,01090	0,01134	0,01212	0,01123	0,01083	0,01261	0,01393	0,01515	0,01750	0,01821	0,01572	0,01432	0,01214	0,00975	0,00607	0,00443	0,00427	0,00407	0,00459	0,00621	0,00684	0,00592	0,00481	0,00547	0,00694
0,00912	0,01642	0,01784	0,01384	0,01461	0,01568	0,02259	0,03895	0,05419	0,03840	0,01619	0,01084	0,01567	0,01990	0,02039	0,01811	0,01500	0,01212	0,01215	0,01338	0,01338	0,01037	0,00994	0,00780	0,00692	0,01006	0,01196	0,01385	0,01588	0,01622	0,01307	0,01335	0,01463	0,01473	0,01618	0,01692	0,01456	0,01250	0,00980	0,00901	0,00698	0,00506	0,00460	0,00418	0,00455	0,00568	0,00688	0,00610	0,00450	0,00453	0,00600
0,00842	0,01792	0,01894	0,01141	0,01109	0,01311	0,02399	0,03936	0,05437	0,04629	0,02403	0,01326	0,01434	0,02011	0,02437	0,02282	0,01993	0,01712	0,01654	0,01531	0,01496	0,01259	0,01037	0,00819	0,00751	0,01051	0,01292	0,01462	0,01828	0,01981	0,01543	0,01321	0,01360	0,01286	0,01250	0,01308	0,01116	0,01005	0,00741	0,00741	0,00798	0,00678	0,00586	0,00464	0,00460	0,00526	0,00661	0,00629	0,00484	0,00413	0,00474
0,01064	0,01647	0,01775	0,01464	0,01773	0,01272	0,02011	0,03564	0,04719	0,04213	0,02681	0,01850	0,01657	0,01940	0,02641	0,02857	0,02679	0,02464	0,02290	0,01853	0,01581	0,01570	0,01483	0,01126	0,00830	0,01055	0,01269	0,01409	0,01705	0,02077	0,01607	0,01207	0,01168	0,01061	0,00961	0,00962	0,00864	0,00832	0,00672	0,00557	0,00758	0,00875	0,00763	0,00546	0,00463	0,00548	0,00669	0,00677	0,00536	0,00445	0,00464
0,01634	0,01697	0,01693	0,02138	0,03107	0,02063	0,01349	0,02390	0,03961	0,03660	0,02728	0,02406	0,02192	0,02024	0,02671	0,03411	0,03495	0,03490	0,03346	0,02536	0,01559	0,01631	0,02011	0,01697	0,01211	0,01057	0,01171	0,01190	0,01296	0,01864	0,01640	0,01176	0,00978	0,00901	0,00787	0,00810	0,00796	0,00912	0,00848	0,00575	0,00677	0,01006	0,01020	0,00705	0,00482	0,00591	0,00735	0,00776	0,00635	0,00536	0,00516
0,02298	0,02161	0,02302	0,03108	0,04204	0,03381	0,01654	0,01929	0,03517	0,03459	0,02903	0,03005	0,03070	0,02756	0,03191	0,04306	0,04681	0,04518	0,04820	0,03806	0,02263	0,01605	0,02026	0,01985	0,01499	0,01213	0,01178	0,01072	0,01044	0,01428	0,01553	0,01213	0,00927	0,00910	0,00825	0,00830	0,00894	0,01169	0,01226	0,00824	0,00708	0,01023	0,01153	0,00892	0,00564	0,00626	0,00749	0,00883	0,00806	0,00684	0,00593
0,02786	0,02718	0,03711	0,05087	0,05283	0,04298	0,02651	0,03258	0,05335	0,04539	0,02872	0,03089	0,03431	0,03738	0,04444	0,06274	0,06891	0,05696	0,05647	0,05348	0,03561	0,02174	0,01992	0,01770	0,01496	0,01339	0,01210	0,01062	0,01016	0,01235	0,01349	0,01122	0,00916	0,00991	0,01063	0,00964	0,01031	0,01385	0,01500	0,01176	0,00890	0,00988	0,01169	0,00986	0,00657	0,00633	0,00700	0,00904	0,00965	0,00865	0,00707
0,03211	0,03004	0,04775	0,06657	0,06737	0,05098	0,03869	0,05791	0,09789	0,08080	0,03558	0,02390	0,02959	0,04211	0,05044	0,06342	0,08483	0,07436	0,05816	0,06120	0,04667	0,03243	0,02413	0,01709	0,01388	0,01357	0,01276	0,01081	0,01091	0,01244	0,01284	0,01101	0,00868	0,00981	0,01299	0,01219	0,01153	0,01504	0,01641	0,01366	0,01034	0,01001	0,01105	0,00995	0,00694	0,00639	0,00617	0,00810	0,01021	0,01009	0,00861
0,02260	0,02088	0,03570	0,05206	0,05943	0,05826	0,05054	0,07770	0,13688	0,13914	0,05967	0,02119	0,03265	0,05581	0,07249	0,06261	0,07136	0,08757	0,06265	0,06472	0,05850	0,04459	0,03396	0,01977	0,01438	0,01431	0,01346	0,01113	0,01158	0,01337	0,01354	0,01158	0,00856	0,00866	0,01301	0,01401	0,01272	0,01548	0,01592	0,01367	0,01065	0,00993	0,01014	0,00898	0,00672	0,00658	0,00571	0,00622	0,00882	0,01057	0,00993
0,01588	0,01853	0,02902	0,03463	0,03150	0,04032	0,05033	0,09372	0,15222	0,16648	0,09334	0,03172	0,05831	0,08721	0,12453	0,11753	0,08914	0,08846	0,07683	0,07074	0,07168	0,05921	0,04668	0,02806	0,01656	0,01469	0,01343	0,01064	0,01134	0,01387	0,01376	0,01163	0,00833	0,00797	0,01100	0,01377	0,01313	0,01506	0,01506	0,01236	0,01013	0,00947	0,00915	0,00816	0,00611	0,00647	0,00539	0,00511	0,00716	0,00931	0,01018
0,01789	0,02569	0,04157	0,04533	0,03126	0,02619	0,03641	0,08394	0,13716	0,14605	0,08885	0,03537	0,08647	0,11975	0,13668	0,15455	0,15470	0,10729	0,09831	0,08308	0,08041	0,06756	0,06172	0,04284	0,02521	0,01517	0,01277	0,00930	0,00968	0,01250	0,01344	0,01085	0,00725	0,00698	0,00880	0,01167	0,01230	0,01451	0,01423	0,01145	0,00943	0,00843	0,00876	0,00791	0,00576	0,00601	0,00526	0,00483	0,00570	0,00756	0,00925
0,01753	0,01920	0,03135	0,03699	0,02560	0,02294	0,02656	0,05436	0,09842	0,09945	0,06203	0,02655	0,08715	0,15005	0,12919	0,12133	0,19121	0,16448	0,12649	0,10418	0,08811	0,07280	0,06512	0,05549	0,03798	0,01944	0,01493	0,00884	0,00723	0,01017	0,01211	0,00959	0,00605	0,00570	0,00695	0,00889	0,01045	0,01329	0,01329	0,01121	0,00891	0,00777	0,00836	0,00846	0,00624	0,00547	0,00517	0,00482	0,00504	0,00619	0,00801
0,03151	0,02119	0,01651	0,01438	0,01391	0,01877	0,02105	0,03287	0,06605	0,07440	0,05296	0,03044	0,05624	0,14485	0,12374	0,06981	0,15417	0,21378	0,15570	0,11824	0,09597	0,08088	0,06235	0,05313	0,04232	0,02515	0,01734	0,01006	0,00642	0,00704	0,00982	0,00918	0,00562	0,00473	0,00554	0,00648	0,00814	0,01089	0,01209	0,01104	0,00862	0,00706	0,00765	0,00913	0,00730	0,00533	0,00487	0,00483	0,00504	0,00562	0,00680
0,04188	0,03102	0,02663	0,02599	0,03457	0,04247	0,04406	0,04970	0,06473	0,08026	0,06034	0,04651	0,03942	0,09145	0,09769	0,04934	0,10842	0,20774	0,16729	0,10790	0,08712	0,09010	0,06700	0,04447	0,03467	0,02429	0,01554	0,01082	0,00689	0,00495	0,00725	0,00785	0,00596	0,00415	0,00443	0,00511	0,00618	0,00793	0,01047	0,01015	0,00819	0,00600	0,00630	0,00886	0,00836	0,00597	0,00503	0,00461	0,00508	0,00550	0,00599
0,03260	0,02761	0,03039	0,03662	0,05216	0,06492	0,06701	0,08311	0,12049	0,14150	0,10507	0,05540	0,04653	0,07349	0,12169	0,10761	0,13869	0,18108	0,16124	0,09807	0,06751	0,08480	0,07253	0,04082	0,02678	0,01838	0,01195	0,00947	0,00726	0,00465	0,00547	0,00702	0,00635	0,00413	0,00366	0,00471	0,00565	0,00732	0,00946	0,00870	0,00657	0,00471	0,00491	0,00699	0,00821	0,00661	0,00556	0,00492	0,00482	0,00529	0,00539
0,02473	0,02105	0,02090	0,02333	0,03680	0,06181	0,06651	0,09272	0,17021	0,23002	0,18070	0,06925	0,05121	0,08229	0,18357	0,24130	0,23430	0,19263	0,15769	0,10603	0,05923	0,07170	0,07178	0,04317	0,02312	0,01500	0,01073	0,00833	0,00743	0,00571	0,00590	0,00698	0,00639	0,00444	0,00356	0,00463	0,00598	0,00752	0,00971	0,00820	0,00540	0,00353	0,00355	0,00517	0,00665	0,00623	0,00575	0,00501	0,00487	0,00496	0,00491
0,01898	0,01621	0,01592	0,01483	0,01977	0,04394	0,05751	0,09586	0,19755	0,29257	0,25959	0,12161	0,06090	0,07414	0,18494	0,29289	0,30342	0,23799	0,16653	0,11130	0,06162	0,06170	0,06491	0,04758	0,02460	0,01357	0,01071	0,00860	0,00726	0,00669	0,00746	0,00846	0,00684	0,00437	0,00359	0,00465	0,00561	0,00762	0,01023	0,00864	0,00491	0,00321	0,00333	0,00431	0,00499	0,00519	0,00520	0,00509	0,00458	0,00461	0,00435
0,01549	0,01825	0,02815	0,03048	0,02731	0,03341	0,04997	0,09272	0,19796	0,30377	0,31206	0,19537	0,11702	0,08446	0,14516	0,25507	0,27734	0,25839	0,18046	0,11515	0,06431	0,05028	0,05421	0,04886	0,02918	0,01363	0,01013	0,00912	0,00758	0,00679	0,00835	0,00964	0,00798	0,00477	0,00371	0,00414	0,00491	0,00676	0,00918	0,00883	0,00521	0,00358	0,00404	0,00459	0,00453	0,00400	0,00427	0,00468	0,00443	0,00422	0,00388
0,02018	0,02836	0,04307	0,04547	0,03126	0,02359	0,03493	0,08413	0,20051	0,29938	0,32519	0,27412	0,19472	0,12263	0,10980	0,16421	0,20081	0,21210	0,17607	0,10467	0,05914	0,04047	0,04350	0,04374	0,03329	0,01649	0,01060	0,00840	0,00809	0,00714	0,00800	0,00924	0,00876	0,00601	0,00409	0,00401	0,00420	0,00496	0,00685	0,00729	0,00517	0,00401	0,00463	0,00524	0,00484	0,00369	0,00348	0,00419	0,00419	0,00393	0,00358
0,02515	0,03545	0,04373	0,04126	0,02871	0,01603	0,02335	0,06875	0,20211	0,30449	0,31739	0,29128	0,25493	0,17626	0,11690	0,09669	0,12145	0,13637	0,13449	0,08392	0,04455	0,03116	0,03613	0,03559	0,03020	0,02020	0,01240	0,00784	0,00820	0,00785	0,00744	0,00782	0,00804	0,00687	0,00534	0,00463	0,00406	0,00406	0,00474	0,00508	0,00461	0,00417	0,00474	0,00503	0,00524	0,00417	0,00330	0,00383	0,00413	0,00386	0,00365
0,02815	0,03654	0,03676	0,03570	0,03314	0,02178	0,02230	0,06549	0,18464	0,29361	0,28811	0,25208	0,23439	0,20800	0,14022	0,08539	0,07654	0,08195	0,08521	0,05618	0,03387	0,02763	0,03101	0,02920	0,02106	0,01820	0,01201	0,00770	0,00771	0,00860	0,00802	0,00753	0,00690	0,00666	0,00630	0,00506	0,00406	0,00371	0,00375	0,00389	0,00409	0,00411	0,00438	0,00447	0,00476	0,00445	0,00362	0,00355	0,00388	0,00396	0,00384
0,02893	0,02966	0,02801	0,03409	0,03559	0,02632	0,02726	0,05825	0,15007	0,23760	0,23786	0,19601	0,16956	0,16333	0,13578	0,09165	0,05957	0,04882	0,05227	0,03956	0,03074	0,03215	0,02807	0,02504	0,01423	0,01134	0,00852	0,00746	0,00736	0,00850	0,00847	0,00765	0,00641	0,00610	0,00607	0,00526	0,00396	0,00358	0,00374	0,00377	0,00396	0,00430	0,00442	0,00369	0,00381	0,00424	0,00400	0,00380	0,00387	0,00382	0,00396
0,02529	0,01944	0,02098	0,03110	0,03383	0,02809	0,02872	0,05391	0,11117	0,15616	0,16157	0,14247	0,11256	0,10592	0,10261	0,09095	0,05208	0,03336	0,03740	0,03043	0,02779	0,03332	0,02457	0,01998	0,01252	0,00720	0,00547	0,00644	0,00762	0,00823	0,00840	0,00740	0,00575	0,00536	0,00566	0,00503	0,00379	0,00358	0,00359	0,00370	0,00382	0,00432	0,00445	0,00399	0,00335	0,00362	0,00403	0,00397	0,00388	0,00385	0,00409
0,02393	0,01317	0,01507	0,02244	0,02572	0,02451	0,02770	0,04662	0,07679	0,09621	0,09853	0,09868	0,07482	0,06473	0,07001	0,07375	0,04869	0,02692	0,03191	0,02504	0,02003	0,02523	0,01741	0,01319	0,01144	0,00733	0,00551	0,00537	0,00736	0,00809	0,00825	0,00696	0,00488	0,00417	0,00478	0,00444	0,00368	0,00336	0,00341	0,00350	0,00336	0,00417	0,00446	0,00422	0,00393	0,00339	0,00398	0,00428	0,00415	0,00376	0,00384
0,02337	0,01202	0,01170	0,01476	0,01458	0,01512	0,01918	0,03053	0,05333	0,06137	0,06103	0,06543	0,05008	0,03652	0,03786	0,04931	0,04001	0,02319	0,03015	0,02224	0,01376	0,01507	0,01162	0,00947	0,01044	0,00954	0,00787	0,00616	0,00673	0,00720	0,00786	0,00647	0,00461	0,00337	0,00384	0,00381	0,00313	0,00331	0,00356	0,00358	0,00343	0,00382	0,00379	0,00401	0,00444	0,00346	0,00360	0,00410	0,00424	0,00396	0,00358
0,02125	0,01450	0,01414	0,01326	0,00985	0,00717	0,01058	0,01735	0,03203	0,04044	0,04134	0,04303	0,03313	0,02088	0,01893	0,02873	0,02945	0,01874	0,02401	0,01795	0,00948	0,01013	0,01046	0,01051	0,00984	0,01104	0,01089	0,00826	0,00625	0,00597	0,00656	0,00583	0,00478	0,00334	0,00322	0,00328	0,00308	0,00321	0,00353	0,00397	0,00366	0,00355	0,00329	0,00364	0,00405	0,00329	0,00338	0,00380	0,00416	0,00360	0,00348
0,01727	0,01750	0,01926	0,01699	0,01290	0,00897	0,00815	0,00851	0,01527	0,02498	0,03031	0,02825	0,01976	0,01255	0,01026	0,01598	0,01890	0,01387	0,01536	0,01289	0,00804	0,00977	0,01231	0,01232	0,00846	0,00980	0,01016	0,00928	0,00622	0,00499	0,00479	0,00468	0,00500	0,00367	0,00334	0,00311	0,00308	0,00339	0,00335	0,00359	0,00369	0,00370	0,00343	0,00324	0,00352	0,00329	0,00326	0,00355	0,00404	0,00384	0,00374
0,01426	0,01697	0,02098	0,02170	0,01927	0,01632	0,01185	0,00808	0,00859	0,01194	0,01848	0,01759	0,01074	0,00748	0,00690	0,00864	0,00947	0,00945	0,00982	0,00989	0,00877	0,01161	0,01470	0,01334	0,00768	0,00782	0,00863	0,00846	0,00620	0,00463	0,00416	0,00422	0,00475	0,00388	0,00397	0,00341	0,00308	0,00332	0,00316	0,00318	0,00359	0,00378	0,00364	0,00325	0,00323	0,00348	0,00336	0,00354	0,00390	0,00389	0,00444
0,01281	0,01371	0,01718	0,02177	0,02364	0,02243	0,01723	0,01096	0,00740	0,00742	0,01041	0,01087	0,00765	0,00565	0,00601	0,00630	0,00507	0,00527	0,00652	0,00868	0,00978	0,01314	0,01422	0,01236	0,00790	0,00818	0,00783	0,00680	0,00568	0,00477	0,00451	0,00481	0,00474	0,00419	0,00502	0,00401	0,00333	0,00344	0,00316	0,00336	0,00347	0,00393	0,00396	0,00341	0,00303	0,00383	0,00371	0,00364	0,00382	0,00417	0,00558
0,01244	0,01159	0,01357	0,01818	0,02213	0,02378	0,01925	0,01352	0,00739	0,00577	0,00667	0,00831	0,00785	0,00517	0,00550	0,00592	0,00431	0,00378	0,00472	0,00770	0,00951	0,01118	0,00975	0,00789	0,00662	0,00738	0,00606	0,00526	0,00485	0,00455	0,00436	0,00460	0,00481	0,00453	0,00575	0,00464	0,00373	0,00388	0,00361	0,00357	0,00332	0,00395	0,00405	0,00336	0,00323	0,00416	0,00407	0,00368	0,00392	0,00460	0,00662
0,01244	0,01113	0,01120	0,01451	0,01838	0,02198	0,01808	0,01358	0,00833	0,00523	0,00506	0,00618	0,00787	0,00576	0,00579	0,00614	0,00447	0,00345	0,00454	0,00740	0,00815	0,00793	0,00565	0,00445	0,00423	0,00456	0,00368	0,00452	0,00469	0,00422	0,00379	0,00440	0,00507	0,00486	0,00521	0,00438	0,00386	0,00428	0,00419	0,00365	0,00341	0,00376	0,00401	0,00347	0,00331	0,00419	0,00415	0,00354	0,00361	0,00481	0,00665
0,01178	0,01034	0,00941	0,01192	0,01513	0,01871	0,01742	0,01234	0,00811	0,00572	0,00417	0,00483	0,00717	0,00644	0,00554	0,00505	0,00426	0,00402	0,00525	0,00644	0,00619	0,00502	0,00365	0,00369	0,00348	0,00307	0,00392	0,00505	0,00502	0,00414	0,00351	0,00421	0,00527	0,00475	0,00422	0,00343	0,00325	0,00395	0,00420	0,00350	0,00316	0,00361	0,00401	0,00343	0,00368	0,00427	0,00396	0,00331	0,00348	0,00438	0,00591
0,01013	0,00877	0,00776	0,01200	0,01390	0,01402	0,01461	0,01105	0,00729	0,00638	0,00484	0,00414	0,00532	0,00479	0,00378	0,00375	0,00412	0,00517	0,00541	0,00496	0,00432	0,00362	0,00345	0,00385	0,00433	0,00429	0,00548	0,00572	0,00455	0,00418	0,00356	0,00384	0,00446	0,00383	0,00344	0,00315	0,00315	0,00375	0,00403	0,00340	0,00298	0,00346	0,00364	0,00345	0,00367	0,00427	0,00389	0,00324	0,00345	0,00407	0,00512
0,00881	0,00773	0,00624	0,00873	0,01177	0,01100	0,00990	0,00823	0,00663	0,00673	0,00638	0,00508	0,00401	0,00349	0,00388	0,00373	0,00422	0,00515	0,00495	0,00393	0,00320	0,00336	0,00391	0,00408	0,00503	0,00539	0,00603	0,00505	0,00381	0,00379	0,00357	0,00387	0,00370	0,00317	0,00317	0,00319	0,00323	0,00322	0,00371	0,00341	0,00304	0,00349	0,00377	0,00338	0,00352	0,00376	0,00361	0,00326	0,00343	0,00384	0,00431
0,00674	0,00689	0,00683	0,00713	0,00932	0,01086	0,00935	0,00744	0,00607	0,00588	0,00604	0,00507	0,00407	0,00433	0,00524	0,00449	0,00414	0,00438	0,00431	0,00370	0,00347	0,00418	0,00462	0,00398	0,00431	0,00462	0,00465	0,00403	0,00296	0,00324	0,00336	0,00384	0,00393	0,00337	0,00323	0,00347	0,00317	0,00289	0,00350	0,00371	0,00331	0,00365	0,00357	0,00322	0,00340	0,00323	0,00307	0,00313	0,00348	0,00370	0,00399
0,00500	0,00485	0,00540	0,00582	0,00756	0,01034	0,01068	0,00817	0,00593	0,00531	0,00504	0,00465	0,00446	0,00536	0,00545	0,00480	0,00437	0,00405	0,00381	0,00376	0,00464	0,00550	0,00484	0,00371	0,00352	0,00394	0,00401	0,00365	0,00290	0,00285	0,00306	0,00356	0,00370	0,00345	0,00287	0,00335	0,00326	0,00322	0,00342	0,00347	0,00356	0,00342	0,00341	0,00321	0,00309	0,00304	0,00296	0,00286	0,00335	0,00341	0,00370
