12,50000	13,00000	13,50000	14,00000	14,50000	15,00000	15,50000	16,00000	16,50000	17,00000	17,50000	18,00000	18,50000	19,00000	19,50000	20,00000	20,50000	21,00000	21,50000	22,00000	22,50000	23,00000	23,50000	24,00000	24,50000	25,00000	25,50000	26,00000	26,50000	27,00000	27,50000	28,00000	28,50000	29,00000	29,50000	30,00000	30,50000	31,00000	31,50000	32,00000	32,50000	33,00000	33,50000	34,00000	34,50000	35,00000	35,50000	36,00000	36,50000	37,00000	37,50000
12,50000	13,00000	13,50000	14,00000	14,50000	15,00000	15,50000	16,00000	16,50000	17,00000	17,50000	18,00000	18,50000	19,00000	19,50000	20,00000	20,50000	21,00000	21,50000	22,00000	22,50000	23,00000	23,50000	24,00000	24,50000	25,00000	25,50000	26,00000	26,50000	27,00000	27,50000	28,00000	28,50000	29,00000	29,50000	30,00000	30,50000	31,00000	31,50000	32,00000	32,50000	33,00000	33,50000	34,00000	34,50000	35,00000	35,50000	36,00000	36,50000	37,00000	37,50000
0,00756	0,00876	0,00548	0,00625	0,00861	0,00793	0,00565	0,00432	0,00541	0,00739	0,01039	0,00904	0,00640	0,00909	0,01450	0,01345	0,00754	0,01093	0,01910	0,01154	0,00504	0,00500	0,00683	0,00845	0,00914	0,01141	0,01526	0,02374	0,02608	0,02179	0,01819	0,01681	0,01765	0,01875	0,01845	0,01737	0,01618	0,01520	0,01658	0,01857	0,01852	0,01880	0,01796	0,01600	0,01644	0,01526	0,01248	0,01126	0,00771	0,00492	0,00480
0,01401	0,01226	0,00687	0,00538	0,00826	0,01056	0,00913	0,00528	0,00452	0,00863	0,01577	0,01781	0,01098	0,00466	0,00936	0,01361	0,00879	0,00640	0,01522	0,01811	0,00902	0,00570	0,00644	0,00718	0,00807	0,01019	0,01376	0,02219	0,02840	0,02571	0,02126	0,01835	0,01719	0,01690	0,01709	0,01647	0,01575	0,01472	0,01546	0,01747	0,01746	0,01780	0,01844	0,01666	0,01680	0,01770	0,01477	0,01324	0,01056	0,00607	0,00484
0,01221	0,01050	0,00674	0,00392	0,00642	0,01116	0,01264	0,00844	0,00498	0,01000	0,01927	0,02455	0,01767	0,00615	0,00667	0,01338	0,01135	0,00531	0,00898	0,02050	0,01505	0,00998	0,00848	0,00777	0,00887	0,01018	0,01207	0,01871	0,02601	0,02588	0,02341	0,02092	0,01824	0,01578	0,01572	0,01570	0,01566	0,01483	0,01496	0,01634	0,01635	0,01665	0,01789	0,01697	0,01641	0,01883	0,01779	0,01569	0,01320	0,00813	0,00545
0,00656	0,00699	0,00598	0,00408	0,00481	0,00985	0,01477	0,01265	0,00720	0,01097	0,02275	0,02994	0,02305	0,00942	0,00718	0,01463	0,01512	0,00774	0,00632	0,01597	0,01630	0,01353	0,01275	0,01050	0,01146	0,01240	0,01283	0,01583	0,02086	0,02218	0,02254	0,02325	0,01999	0,01550	0,01466	0,01468	0,01482	0,01465	0,01500	0,01562	0,01525	0,01543	0,01708	0,01728	0,01611	0,01883	0,02046	0,01832	0,01597	0,01052	0,00676
0,00378	0,00404	0,00549	0,00589	0,00552	0,00796	0,01443	0,01739	0,01079	0,01028	0,02356	0,03427	0,02736	0,01352	0,00961	0,01711	0,02097	0,01236	0,00720	0,01159	0,01302	0,01307	0,01640	0,01386	0,01428	0,01584	0,01541	0,01569	0,01733	0,01744	0,01914	0,02415	0,02220	0,01633	0,01416	0,01390	0,01355	0,01362	0,01433	0,01537	0,01448	0,01439	0,01656	0,01742	0,01569	0,01758	0,02167	0,02088	0,01853	0,01350	0,00826
0,00435	0,00398	0,00508	0,00779	0,00822	0,00701	0,01128	0,02089	0,01888	0,01086	0,01952	0,03498	0,02971	0,01492	0,01179	0,01841	0,02550	0,01909	0,01039	0,01095	0,01071	0,01106	0,01768	0,01685	0,01594	0,01821	0,01850	0,01798	0,01664	0,01391	0,01438	0,02228	0,02315	0,01770	0,01462	0,01349	0,01266	0,01225	0,01305	0,01480	0,01437	0,01337	0,01562	0,01749	0,01574	0,01612	0,02121	0,02256	0,02086	0,01591	0,01020
0,00664	0,00601	0,00620	0,01063	0,01388	0,01130	0,00910	0,02051	0,02897	0,01766	0,01510	0,03060	0,03001	0,01581	0,01414	0,01908	0,02490	0,02434	0,01709	0,01280	0,01148	0,00985	0,01819	0,01914	0,01652	0,01859	0,01974	0,01906	0,01749	0,01283	0,01115	0,01865	0,02180	0,01835	0,01559	0,01392	0,01197	0,01134	0,01165	0,01373	0,01407	0,01316	0,01531	0,01754	0,01621	0,01478	0,01967	0,02254	0,02204	0,01882	0,01257
0,00644	0,00616	0,00650	0,01099	0,01854	0,01982	0,01278	0,01622	0,03453	0,03270	0,01551	0,02199	0,03011	0,01737	0,01763	0,02439	0,02311	0,02274	0,02369	0,01844	0,01564	0,01149	0,02094	0,02241	0,01694	0,01765	0,01838	0,01828	0,01753	0,01223	0,00931	0,01457	0,01857	0,01739	0,01575	0,01405	0,01147	0,01056	0,01111	0,01214	0,01336	0,01320	0,01448	0,01764	0,01670	0,01390	0,01715	0,02148	0,02183	0,02075	0,01552
0,00492	0,00508	0,00522	0,00777	0,01459	0,02055	0,01716	0,01282	0,03048	0,04383	0,02337	0,01582	0,03019	0,02166	0,01989	0,03625	0,03071	0,01852	0,02393	0,02834	0,02579	0,01582	0,02535	0,02885	0,01952	0,01686	0,01719	0,01672	0,01690	0,01175	0,00824	0,01177	0,01512	0,01480	0,01499	0,01373	0,01091	0,01003	0,01064	0,01069	0,01195	0,01249	0,01426	0,01678	0,01666	0,01364	0,01534	0,01999	0,02078	0,02118	0,01825
0,00417	0,00468	0,00551	0,00591	0,00880	0,01400	0,01685	0,01435	0,02444	0,04508	0,03176	0,01207	0,02984	0,02831	0,01841	0,04384	0,04717	0,02181	0,02094	0,03722	0,03701	0,02186	0,02804	0,03690	0,02634	0,01681	0,01630	0,01598	0,01651	0,01209	0,00779	0,01082	0,01349	0,01270	0,01339	0,01344	0,01011	0,00933	0,01044	0,01000	0,01034	0,01110	0,01362	0,01610	0,01608	0,01330	0,01366	0,01828	0,01946	0,02022	0,02005
0,00450	0,00576	0,00707	0,00799	0,00821	0,01052	0,01610	0,02102	0,02806	0,04635	0,04012	0,01348	0,03105	0,04005	0,02035	0,04136	0,05764	0,03081	0,02149	0,04073	0,04739	0,02777	0,02683	0,04340	0,03422	0,01938	0,01573	0,01543	0,01704	0,01339	0,00819	0,00981	0,01303	0,01174	0,01179	0,01242	0,00967	0,00869	0,01015	0,00993	0,00938	0,00973	0,01220	0,01471	0,01467	0,01281	0,01279	0,01642	0,01867	0,01911	0,02057
0,00476	0,00616	0,00813	0,00940	0,00885	0,01108	0,01877	0,03037	0,03851	0,05092	0,05278	0,02570	0,03682	0,05585	0,03059	0,03649	0,06057	0,03633	0,02485	0,04359	0,05622	0,03408	0,02406	0,04528	0,04154	0,02411	0,01549	0,01368	0,01706	0,01547	0,00941	0,00859	0,01204	0,01268	0,01086	0,01112	0,00968	0,00845	0,01003	0,01015	0,00905	0,00913	0,01090	0,01292	0,01307	0,01181	0,01233	0,01493	0,01797	0,01807	0,02008
0,00460	0,00644	0,00961	0,01103	0,00865	0,01155	0,02463	0,04105	0,05373	0,05959	0,06746	0,04821	0,04973	0,07591	0,05217	0,04015	0,06543	0,03750	0,02825	0,04400	0,06254	0,04262	0,02445	0,04326	0,04772	0,03059	0,01684	0,01171	0,01582	0,01684	0,01189	0,00821	0,00999	0,01341	0,01235	0,01044	0,01002	0,00908	0,00938	0,01050	0,00887	0,00930	0,01038	0,01107	0,01149	0,01118	0,01198	0,01392	0,01738	0,01790	0,01917
0,00543	0,00821	0,01382	0,01861	0,01476	0,01483	0,03274	0,05739	0,07609	0,08088	0,09280	0,08282	0,07772	0,10422	0,08207	0,05598	0,08076	0,04466	0,03160	0,04762	0,06483	0,05209	0,03089	0,04396	0,05210	0,03663	0,02042	0,01157	0,01424	0,01590	0,01375	0,00893	0,00868	0,01286	0,01507	0,01160	0,01059	0,01057	0,00925	0,01083	0,00931	0,00911	0,01096	0,01015	0,00960	0,01042	0,01178	0,01326	0,01682	0,01822	0,01847
0,00649	0,00868	0,01597	0,02854	0,03220	0,02743	0,04436	0,07623	0,10392	0,12181	0,14023	0,13619	0,12314	0,13893	0,11991	0,08442	0,10878	0,06293	0,03712	0,05201	0,06259	0,05670	0,04043	0,04778	0,05631	0,04126	0,02474	0,01433	0,01404	0,01359	0,01297	0,01030	0,00892	0,01113	0,01666	0,01420	0,01163	0,01183	0,00954	0,01022	0,01056	0,00923	0,01160	0,01031	0,00801	0,00964	0,01183	0,01298	0,01583	0,01843	0,01815
0,00795	0,00926	0,01487	0,03355	0,05462	0,05823	0,07152	0,10380	0,14393	0,18375	0,22222	0,22531	0,18676	0,18760	0,17360	0,12393	0,14184	0,08593	0,05097	0,05651	0,05732	0,05717	0,04988	0,05510	0,06399	0,04334	0,02665	0,01830	0,01647	0,01296	0,01068	0,01082	0,01018	0,01061	0,01629	0,01643	0,01403	0,01327	0,01038	0,00870	0,01153	0,00996	0,01122	0,01084	0,00746	0,00875	0,01160	0,01332	0,01509	0,01827	0,01806
0,00991	0,01138	0,01510	0,03179	0,06886	0,09858	0,13043	0,17134	0,22200	0,27186	0,32029	0,34481	0,28301	0,25093	0,24448	0,18277	0,17807	0,11102	0,07368	0,06493	0,05172	0,05530	0,05722	0,06496	0,07578	0,04655	0,02646	0,02035	0,01989	0,01567	0,01008	0,01004	0,01072	0,01112	0,01539	0,01633	0,01659	0,01510	0,01134	0,00776	0,01097	0,01142	0,01044	0,01115	0,00775	0,00776	0,01142	0,01373	0,01432	0,01730	0,01769
0,01079	0,01418	0,01942	0,03569	0,07681	0,12995	0,19783	0,27567	0,35429	0,41889	0,43033	0,45213	0,41011	0,33153	0,31539	0,26253	0,22156	0,13784	0,10336	0,07673	0,04911	0,05408	0,06254	0,07461	0,09085	0,05517	0,02611	0,02137	0,02216	0,01942	0,01322	0,00970	0,01050	0,01230	0,01594	0,01541	0,01780	0,01751	0,01181	0,00825	0,00944	0,01170	0,01030	0,01049	0,00838	0,00723	0,01044	0,01393	0,01443	0,01592	0,01670
0,01160	0,01622	0,02645	0,04653	0,09217	0,16887	0,27565	0,39542	0,53596	0,63191	0,58884	0,52125	0,50746	0,41706	0,37351	0,33248	0,26871	0,15913	0,13634	0,09259	0,05047	0,05719	0,06741	0,07821	0,10279	0,06653	0,02877	0,02353	0,02322	0,02142	0,01722	0,01190	0,01068	0,01316	0,01758	0,01573	0,01752	0,01975	0,01268	0,00935	0,00804	0,01079	0,01025	0,00985	0,00833	0,00682	0,00876	0,01335	0,01458	0,01481	0,01519
0,01388	0,01946	0,03408	0,06414	0,12137	0,24459	0,40675	0,55180	0,69439	0,87310	0,79708	0,56268	0,52127	0,48809	0,42235	0,37814	0,30527	0,17961	0,16901	0,10729	0,05663	0,06443	0,07255	0,07793	0,10720	0,07722	0,03504	0,02846	0,02487	0,02099	0,01962	0,01662	0,01263	0,01382	0,01940	0,01811	0,01752	0,02093	0,01470	0,01017	0,00798	0,00962	0,00996	0,00934	0,00857	0,00639	0,00718	0,01197	0,01464	0,01400	0,01403
0,01467	0,02203	0,04262	0,08871	0,16798	0,34772	0,61707	0,80209	0,85944	1,00827	0,97743	0,60773	0,47890	0,50036	0,44363	0,39750	0,34069	0,21795	0,20060	0,11984	0,06854	0,07810	0,08118	0,07616	0,10287	0,08817	0,04484	0,03667	0,02836	0,02022	0,01906	0,02233	0,01818	0,01480	0,02054	0,02164	0,01976	0,02129	0,01664	0,01083	0,00905	0,00909	0,00877	0,00860	0,00835	0,00637	0,00599	0,01042	0,01392	0,01364	0,01338
0,01494	0,02816	0,06172	0,12861	0,24983	0,51205	0,87399	1,07892	1,00933	0,96393	0,95181	0,58642	0,42547	0,47589	0,44405	0,39677	0,38174	0,27414	0,23484	0,12582	0,08196	0,10010	0,09289	0,07872	0,09689	0,09173	0,05876	0,04784	0,03478	0,02243	0,01882	0,02631	0,02566	0,01673	0,02026	0,02419	0,02315	0,02205	0,01837	0,01178	0,00959	0,00912	0,00819	0,00773	0,00785	0,00637	0,00538	0,00891	0,01275	0,01294	0,01297
0,02917	0,05920	0,11877	0,20404	0,35159	0,64448	1,07795	1,07892	1,07892	0,79163	0,68216	0,41113	0,33441	0,44213	0,42776	0,38333	0,40776	0,33688	0,27535	0,12820	0,09532	0,11738	0,10840	0,09048	0,09467	0,09208	0,07160	0,06011	0,03974	0,02591	0,02116	0,02826	0,03237	0,01981	0,01884	0,02435	0,02614	0,02376	0,01909	0,01304	0,00974	0,00880	0,00769	0,00680	0,00706	0,00602	0,00503	0,00775	0,01122	0,01208	0,01302
0,06328	0,10848	0,17964	0,27452	0,41840	0,69549	1,07892	1,07892	1,07892	0,60629	0,35810	0,16032	0,20282	0,39608	0,41286	0,37895	0,42240	0,37734	0,31332	0,15306	0,11039	0,12036	0,12289	0,10655	0,09988	0,09404	0,08265	0,06948	0,04206	0,02907	0,02557	0,02789	0,03518	0,02288	0,01820	0,02252	0,02683	0,02616	0,01988	0,01425	0,00985	0,00797	0,00716	0,00618	0,00595	0,00564	0,00500	0,00694	0,00994	0,01052	0,01227
0,08659	0,13295	0,19349	0,29164	0,43868	0,70946	1,07892	1,07892	1,07892	0,60663	0,27235	0,07985	0,14521	0,35215	0,41490	0,39905	0,43394	0,38817	0,35208	0,21485	0,13145	0,11246	0,13485	0,12303	0,10836	0,09750	0,08963	0,07311	0,04249	0,03069	0,03089	0,02885	0,03361	0,02470	0,01850	0,02058	0,02599	0,02845	0,02047	0,01465	0,01046	0,00708	0,00699	0,00603	0,00519	0,00510	0,00481	0,00618	0,00904	0,00956	0,01141
0,08208	0,11543	0,17577	0,29942	0,46535	0,71959	1,07892	1,07892	1,07892	0,83364	0,48055	0,26350	0,24173	0,36864	0,43328	0,44213	0,44508	0,39579	0,40853	0,28366	0,16236	0,10943	0,15049	0,13622	0,11628	0,10164	0,09162	0,07281	0,04184	0,03239	0,03530	0,03083	0,03021	0,02424	0,01933	0,01907	0,02413	0,02901	0,02137	0,01420	0,01144	0,00682	0,00660	0,00624	0,00459	0,00453	0,00448	0,00573	0,00798	0,00865	0,01045
0,07107	0,10027	0,16213	0,30171	0,49078	0,71256	1,06190	1,07892	1,07892	1,07892	0,77118	0,54296	0,43642	0,44552	0,47473	0,49167	0,47141	0,42647	0,47120	0,35351	0,18351	0,12527	0,16621	0,14638	0,11623	0,10145	0,08889	0,06814	0,04075	0,03469	0,03796	0,03316	0,02732	0,02248	0,01949	0,01894	0,02269	0,02764	0,02180	0,01423	0,01179	0,00677	0,00657	0,00649	0,00452	0,00404	0,00437	0,00537	0,00742	0,00819	0,00965
0,06457	0,08971	0,14150	0,27476	0,44466	0,67732	0,99196	1,07892	1,07892	1,07892	0,90649	0,71961	0,60477	0,54799	0,51104	0,53530	0,51484	0,47638	0,51488	0,38235	0,20205	0,15656	0,18058	0,14900	0,11124	0,09525	0,08116	0,06100	0,04241	0,03828	0,03917	0,03434	0,02562	0,02067	0,01931	0,01981	0,02225	0,02474	0,02119	0,01392	0,01185	0,00687	0,00628	0,00619	0,00453	0,00388	0,00424	0,00503	0,00691	0,00821	0,00928
0,06660	0,08432	0,13221	0,23620	0,37972	0,58720	0,77199	0,92215	1,01438	1,02513	0,86780	0,76283	0,67676	0,60649	0,53166	0,57790	0,56288	0,50483	0,51021	0,37819	0,22041	0,19645	0,18796	0,14556	0,10382	0,08581	0,07245	0,05322	0,04322	0,04216	0,03908	0,03307	0,02450	0,01986	0,01900	0,02089	0,02172	0,02157	0,01955	0,01365	0,01088	0,00705	0,00590	0,00577	0,00452	0,00390	0,00431	0,00527	0,00715	0,00840	0,00905
0,07077	0,09117	0,13390	0,20636	0,30392	0,42874	0,48999	0,60760	0,76264	0,85499	0,79178	0,73721	0,67908	0,60510	0,52411	0,59524	0,56857	0,48504	0,45543	0,34172	0,24602	0,22095	0,18040	0,13727	0,09795	0,07798	0,06265	0,04603	0,04337	0,04503	0,03856	0,03035	0,02381	0,02032	0,01934	0,02123	0,02095	0,01857	0,01728	0,01283	0,00948	0,00640	0,00567	0,00522	0,00482	0,00405	0,00494	0,00557	0,00735	0,00895	0,00893
0,06490	0,08965	0,12533	0,17074	0,21738	0,27758	0,33005	0,46081	0,64103	0,71834	0,70202	0,68655	0,62860	0,54244	0,48209	0,56681	0,52143	0,40736	0,37697	0,31364	0,26451	0,22497	0,16483	0,12569	0,09779	0,07345	0,05397	0,03910	0,04245	0,04568	0,03721	0,02686	0,02327	0,02172	0,01971	0,02067	0,01937	0,01648	0,01538	0,01114	0,00827	0,00591	0,00519	0,00480	0,00509	0,00442	0,00539	0,00627	0,00782	0,00892	0,00912
0,05007	0,07685	0,10475	0,12736	0,15394	0,20341	0,27231	0,39014	0,49562	0,55046	0,57649	0,57576	0,52116	0,43986	0,41585	0,48914	0,41427	0,30656	0,30326	0,29937	0,26429	0,21323	0,14933	0,11747	0,09921	0,07021	0,04633	0,03504	0,04117	0,04316	0,03553	0,02554	0,02337	0,02262	0,01969	0,01893	0,01739	0,01510	0,01344	0,00966	0,00679	0,00541	0,00468	0,00482	0,00551	0,00502	0,00597	0,00726	0,00839	0,00897	0,00916
0,04729	0,06862	0,08235	0,08927	0,11065	0,15473	0,19463	0,25694	0,30784	0,36274	0,42300	0,42222	0,38388	0,33962	0,34195	0,38878	0,30001	0,22456	0,25927	0,28720	0,24192	0,19350	0,14161	0,11263	0,09263	0,06453	0,04259	0,03361	0,03794	0,03843	0,03310	0,02585	0,02383	0,02245	0,01856	0,01649	0,01571	0,01397	0,01169	0,00816	0,00593	0,00486	0,00420	0,00510	0,00600	0,00551	0,00673	0,00815	0,00875	0,00886	0,00943
0,04929	0,06402	0,07768	0,08561	0,10284	0,11302	0,11317	0,13525	0,16509	0,22532	0,27079	0,27131	0,26602	0,27182	0,27972	0,29209	0,21989	0,17993	0,23235	0,26087	0,20726	0,18305	0,14006	0,10304	0,07901	0,05809	0,04203	0,03350	0,03286	0,03346	0,03166	0,02704	0,02405	0,02064	0,01688	0,01495	0,01420	0,01255	0,01011	0,00699	0,00566	0,00474	0,00399	0,00560	0,00645	0,00626	0,00706	0,00887	0,00895	0,00870	0,00981
0,05006	0,07671	0,10837	0,12045	0,11376	0,09385	0,08492	0,08423	0,09149	0,12804	0,16321	0,17506	0,20854	0,23666	0,23257	0,21512	0,17012	0,16349	0,21320	0,22166	0,18084	0,17802	0,12896	0,08332	0,06164	0,05564	0,04318	0,03200	0,02815	0,02998	0,02979	0,02687	0,02270	0,01789	0,01511	0,01394	0,01271	0,01080	0,00869	0,00645	0,00542	0,00452	0,00409	0,00597	0,00682	0,00688	0,00738	0,00907	0,00924	0,00892	0,01040
0,06475	0,09940	0,13141	0,13049	0,10674	0,08418	0,06933	0,05685	0,05921	0,09127	0,11895	0,13705	0,18471	0,21142	0,18840	0,16207	0,14232	0,15187	0,18056	0,17429	0,16321	0,17015	0,11062	0,06009	0,05019	0,05505	0,04110	0,02844	0,02506	0,02846	0,02701	0,02543	0,02120	0,01559	0,01386	0,01335	0,01110	0,00905	0,00747	0,00599	0,00555	0,00461	0,00471	0,00618	0,00696	0,00742	0,00774	0,00888	0,00939	0,00910	0,01115
0,07119	0,09805	0,11682	0,11319	0,09266	0,07252	0,05720	0,04382	0,05436	0,08564	0,10418	0,12325	0,16708	0,17926	0,14429	0,11916	0,11828	0,13050	0,14503	0,13690	0,14831	0,15044	0,08459	0,04324	0,04673	0,05167	0,03522	0,02518	0,02507	0,02818	0,02403	0,02237	0,01919	0,01458	0,01330	0,01256	0,00962	0,00735	0,00643	0,00585	0,00573	0,00478	0,00513	0,00642	0,00735	0,00787	0,00785	0,00888	0,00908	0,00978	0,01135
0,05813	0,08002	0,09488	0,09725	0,08763	0,07706	0,06077	0,05031	0,06926	0,08804	0,08728	0,10371	0,13578	0,13458	0,10214	0,08590	0,09618	0,11337	0,11877	0,11256	0,12835	0,12506	0,06991	0,03598	0,04416	0,04362	0,02831	0,02299	0,02745	0,02877	0,02168	0,01954	0,01690	0,01409	0,01300	0,01153	0,00830	0,00643	0,00600	0,00571	0,00606	0,00524	0,00581	0,00683	0,00759	0,00807	0,00790	0,00865	0,00919	0,01008	0,01167
0,05318	0,07243	0,09756	0,11417	0,11614	0,09514	0,07473	0,07953	0,09349	0,08306	0,07168	0,08064	0,09451	0,09476	0,08179	0,07066	0,08875	0,10759	0,10603	0,09825	0,10941	0,10250	0,05897	0,03569	0,03946	0,03463	0,02285	0,02316	0,03080	0,03037	0,02130	0,01697	0,01467	0,01365	0,01232	0,01039	0,00742	0,00639	0,00613	0,00609	0,00643	0,00569	0,00633	0,00739	0,00809	0,00808	0,00795	0,00879	0,00932	0,01016	0,01171
0,06167	0,08236	0,11500	0,13549	0,11777	0,08238	0,07991	0,10107	0,09862	0,07849	0,06870	0,06046	0,06736	0,08612	0,08397	0,07308	0,10241	0,10958	0,09928	0,08854	0,09175	0,08154	0,04990	0,03496	0,03413	0,02827	0,02092	0,02449	0,03500	0,03338	0,02211	0,01468	0,01228	0,01253	0,01166	0,00977	0,00724	0,00708	0,00670	0,00613	0,00642	0,00613	0,00671	0,00790	0,00860	0,00824	0,00802	0,00888	0,00951	0,01041	0,01172
0,07006	0,08399	0,09502	0,09631	0,07155	0,05590	0,07308	0,09462	0,09965	0,09352	0,06791	0,04645	0,07245	0,10885	0,09410	0,09349	0,11985	0,10603	0,09101	0,07838	0,07556	0,06397	0,04300	0,03296	0,03122	0,02635	0,02085	0,02672	0,03929	0,03720	0,02303	0,01279	0,01068	0,01160	0,01134	0,00927	0,00776	0,00814	0,00696	0,00598	0,00666	0,00656	0,00714	0,00832	0,00871	0,00807	0,00810	0,00905	0,00971	0,01030	0,01127
0,07538	0,07182	0,06295	0,06185	0,05653	0,05766	0,07384	0,09989	0,12410	0,10430	0,05161	0,05884	0,11569	0,13116	0,10436	0,11949	0,11691	0,08651	0,07780	0,06516	0,06174	0,05213	0,03609	0,03090	0,03166	0,02736	0,02159	0,02836	0,04260	0,03787	0,02070	0,01144	0,01013	0,01158	0,01116	0,00914	0,00857	0,00852	0,00693	0,00645	0,00680	0,00680	0,00763	0,00868	0,00877	0,00806	0,00827	0,00940	0,00997	0,01048	0,01122
0,06988	0,05851	0,05257	0,06097	0,06271	0,06127	0,08251	0,12635	0,13442	0,07358	0,04647	0,11256	0,15602	0,13018	0,10855	0,11667	0,08520	0,06389	0,06156	0,05330	0,05448	0,04620	0,03386	0,03175	0,03537	0,03029	0,02372	0,03074	0,04144	0,03323	0,01815	0,01135	0,01125	0,01279	0,01094	0,00894	0,00884	0,00825	0,00703	0,00669	0,00687	0,00703	0,00797	0,00883	0,00886	0,00812	0,00847	0,00946	0,01019	0,01055	0,01107
0,05497	0,04673	0,03967	0,04124	0,04117	0,05935	0,11031	0,13209	0,08553	0,03909	0,10060	0,17329	0,15463	0,10476	0,09339	0,08571	0,05840	0,05163	0,05026	0,05110	0,05404	0,04350	0,03371	0,03547	0,04004	0,03413	0,02712	0,03030	0,03506	0,02692	0,01597	0,01220	0,01395	0,01386	0,01026	0,00883	0,00796	0,00798	0,00708	0,00687	0,00692	0,00721	0,00814	0,00892	0,00896	0,00822	0,00868	0,00951	0,01033	0,01089	0,01108
0,05174	0,04018	0,02639	0,03212	0,06683	0,10873	0,12628	0,08377	0,03326	0,07532	0,17961	0,18243	0,11463	0,07029	0,06877	0,06052	0,05008	0,04703	0,04827	0,05634	0,05494	0,04178	0,03447	0,03943	0,04398	0,03815	0,02949	0,02790	0,02822	0,02205	0,01533	0,01415	0,01638	0,01424	0,01013	0,00810	0,00714	0,00767	0,00695	0,00742	0,00729	0,00754	0,00822	0,00905	0,00875	0,00838	0,00884	0,00961	0,01066	0,01130	0,01118
0,04132	0,03198	0,03739	0,07660	0,12635	0,12946	0,06907	0,02709	0,06277	0,15559	0,19234	0,12880	0,06395	0,04999	0,05425	0,05391	0,05076	0,04834	0,05267	0,05992	0,05323	0,04020	0,03435	0,04076	0,04678	0,04198	0,03063	0,02509	0,02358	0,01950	0,01546	0,01547	0,01635	0,01361	0,00972	0,00676	0,00699	0,00742	0,00716	0,00786	0,00760	0,00789	0,00868	0,00903	0,00834	0,00821	0,00896	0,00969	0,01109	0,01174	0,01122
0,01875	0,02172	0,04810	0,08607	0,09738	0,06624	0,02321	0,04218	0,11257	0,15842	0,11947	0,06436	0,04258	0,04404	0,04972	0,05325	0,05357	0,05370	0,05531	0,05623	0,04893	0,03637	0,03155	0,04107	0,04884	0,04500	0,03268	0,02418	0,02149	0,01756	0,01491	0,01514	0,01546	0,01325	0,00893	0,00621	0,00700	0,00721	0,00759	0,00807	0,00780	0,00861	0,00927	0,00857	0,00805	0,00835	0,00904	0,01023	0,01180	0,01235	0,01120
0,01629	0,02658	0,04563	0,05546	0,04661	0,02957	0,03596	0,06363	0,09214	0,08730	0,05559	0,04363	0,04113	0,03957	0,04178	0,05080	0,05919	0,05523	0,04888	0,04507	0,04010	0,03033	0,02820	0,03915	0,04944	0,04831	0,03766	0,02682	0,01987	0,01559	0,01364	0,01433	0,01476	0,01272	0,00842	0,00637	0,00735	0,00739	0,00778	0,00822	0,00825	0,00944	0,00930	0,00801	0,00774	0,00827	0,00943	0,01125	0,01252	0,01262	0,01085
0,02549	0,03560	0,03824	0,03640	0,03418	0,03831	0,04873	0,05241	0,04579	0,03735	0,04280	0,04993	0,04115	0,03101	0,03394	0,05148	0,06339	0,04798	0,03480	0,03230	0,03242	0,02691	0,02685	0,03626	0,04858	0,05238	0,04385	0,02985	0,01901	0,01429	0,01315	0,01422	0,01434	0,01189	0,00833	0,00756	0,00789	0,00750	0,00786	0,00867	0,00929	0,00995	0,00864	0,00765	0,00736	0,00834	0,01071	0,01258	0,01310	0,01245	0,01044
0,02701	0,03574	0,03397	0,03017	0,03073	0,03609	0,03738	0,03007	0,02230	0,02901	0,04780	0,05431	0,04078	0,02611	0,03278	0,05951	0,06737	0,03889	0,02294	0,02604	0,03119	0,03006	0,02865	0,03492	0,04891	0,05586	0,04711	0,03218	0,01975	0,01476	0,01354	0,01448	0,01393	0,01192	0,00973	0,00893	0,00869	0,00810	0,00853	0,00996	0,01021	0,00978	0,00809	0,00732	0,00728	0,00919	0,01242	0,01394	0,01325	0,01162	0,00987
0,04650	0,04588	0,03359	0,02365	0,02033	0,02563	0,03432	0,03292	0,02758	0,03127	0,04984	0,05828	0,04176	0,02497	0,04010	0,07235	0,06854	0,03568	0,02023	0,02777	0,03841	0,03829	0,03380	0,03544	0,04710	0,05276	0,04496	0,03467	0,02242	0,01746	0,01495	0,01431	0,01314	0,01282	0,01220	0,01061	0,00960	0,00899	0,00993	0,01080	0,01025	0,00933	0,00788	0,00738	0,00787	0,01083	0,01470	0,01455	0,01283	0,01101	0,00903
