27,50000	27,80000	28,10000	28,40000	28,70000	29,00000	29,30000	29,60000	29,90000	30,20000	30,50000	30,80000	31,10000	31,40000	31,70000	32,00000	32,30000	32,60000	32,90000	33,20000	33,50000	33,80000	34,10000	34,40000	34,70000	35,00000	35,30000	35,60000	35,90000	36,20000	36,50000	36,80000	37,10000	37,40000	37,70000	38,00000	38,30000	38,60000	38,90000	39,20000	39,50000	39,80000	40,10000	40,40000	40,70000	41,00000	41,30000	41,60000	41,90000	42,20000	42,50000
22,50000	22,80000	23,10000	23,40000	23,70000	24,00000	24,30000	24,60000	24,90000	25,20000	25,50000	25,80000	26,10000	26,40000	26,70000	27,00000	27,30000	27,60000	27,90000	28,20000	28,50000	28,80000	29,10000	29,40000	29,70000	30,00000	30,30000	30,60000	30,90000	31,20000	31,50000	31,80000	32,10000	32,40000	32,70000	33,00000	33,30000	33,60000	33,90000	34,20000	34,50000	34,80000	35,10000	35,40000	35,70000	36,00000	36,30000	36,60000	36,90000	37,20000	37,50000
-0,00106	-0,00093	-0,00108	-0,00089	-0,00079	-0,00111	-0,00086	-0,00088	-0,00110	-0,00111	-0,00107	-0,00111	-0,00104	-0,00120	-0,00106	-0,00105	-0,00116	-0,00090	-0,00084	-0,00109	-0,00083	-0,00085	-0,00103	-0,00093	-0,00088	-0,00067	-0,00074	-0,00087	-0,00076	-0,00088	-0,00093	-0,00093	-0,00084	-0,00102	-0,00088	-0,00097	-0,00094	-0,00072	-0,00082	-0,00090	-0,00081	-0,00088	-0,00085	-0,00098	-0,00094	-0,00119	-0,00100	-0,00106	-0,00106	-0,00106	-0,00106
-0,00090	-0,00085	-0,00098	-0,00094	-0,00086	-0,00095	-0,00102	-0,00071	-0,00090	-0,00079	-0,00083	-0,00090	-0,00075	-0,00081	-0,00084	-0,00098	-0,00103	-0,00092	-0,00085	-0,00100	-0,00079	-0,00106	-0,00082	-0,00100	-0,00090	-0,00083	-0,00093	-0,00077	-0,00099	-0,00103	-0,00094	-0,00098	-0,00076	-0,00102	-0,00089	-0,00125	-0,00093	-0,00102	-0,00114	-0,00093	-0,00086	-0,00082	-0,00095	-0,00091	-0,00101	-0,00078	-0,00102	-0,00106	-0,00106	-0,00106	-0,00106
-0,00084	-0,00092	-0,00087	-0,00091	-0,00085	-0,00084	-0,00098	-0,00088	-0,00100	-0,00091	-0,00083	-0,00103	-0,00109	-0,00109	-0,00090	-0,00107	-0,00097	-0,00085	-0,00092	-0,00090	-0,00088	-0,00088	-0,00098	-0,00105	-0,00086	-0,00094	-0,00086	-0,00100	-0,00076	-0,00088	-0,00097	-0,00088	-0,00092	-0,00096	-0,00092	-0,00075	-0,00082	-0,00096	-0,00100	-0,00091	-0,00098	-0,00097	-0,00091	-0,00096	-0,00068	-0,00091	-0,00095	-0,00106	-0,00106	-0,00106	-0,00106
-0,00106	-0,00098	-0,00083	-0,00090	-0,00090	-0,00112	-0,00105	-0,00104	-0,00079	-0,00080	-0,00087	-0,00090	-0,00090	-0,00090	-0,00077	-0,00092	-0,00081	-0,00097	-0,00093	-0,00095	-0,00098	-0,00078	-0,00087	-0,00087	-0,00106	-0,00095	-0,00094	-0,00077	-0,00091	-0,00099	-0,00091	-0,00099	-0,00089	-0,00090	-0,00102	-0,00096	-0,00079	-0,00099	-0,00105	-0,00093	-0,00082	-0,00087	-0,00089	-0,00115	-0,00092	-0,00079	-0,00087	-0,00106	-0,00106	-0,00106	-0,00106
-0,00072	-0,00077	-0,00079	-0,00089	-0,00100	-0,00083	-0,00081	-0,00097	-0,00087	-0,00087	-0,00090	-0,00086	-0,00086	-0,00100	-0,00112	-0,00101	-0,00091	-0,00116	-0,00101	-0,00089	-0,00080	-0,00090	-0,00078	-0,00093	-0,00107	-0,00082	-0,00093	-0,00090	-0,00086	-0,00079	-0,00093	-0,00092	-0,00088	-0,00081	-0,00087	-0,00080	-0,00111	-0,00086	-0,00102	-0,00094	-0,00089	-0,00098	-0,00111	-0,00094	-0,00080	-0,00088	-0,00092	-0,00106	-0,00106	-0,00106	-0,00106
-0,00096	-0,00107	-0,00093	-0,00092	-0,00080	-0,00083	-0,00093	-0,00094	-0,00098	-0,00083	-0,00091	-0,00090	-0,00103	-0,00097	-0,00109	-0,00095	-0,00077	-0,00089	-0,00091	-0,00079	-0,00098	-0,00087	-0,00095	-0,00089	-0,00082	-0,00094	-0,00092	-0,00096	-0,00082	-0,00099	-0,00097	-0,00089	-0,00105	-0,00099	-0,00073	-0,00095	-0,00085	-0,00098	-0,00088	-0,00092	-0,00099	-0,00097	-0,00098	-0,00097	-0,00091	-0,00089	-0,00087	-0,00106	-0,00106	-0,00106	-0,00106
-0,00087	-0,00089	-0,00084	-0,00096	-0,00107	-0,00084	-0,00086	-0,00097	-0,00083	-0,00100	-0,00047	-0,00100	-0,00099	-0,00093	-0,00104	-0,00112	-0,00087	-0,00091	-0,00095	-0,00063	-0,00094	-0,00093	-0,00085	-0,00095	-0,00094	-0,00085	-0,00079	-0,00088	-0,00091	-0,00089	-0,00095	-0,00082	-0,00074	-0,00089	-0,00092	-0,00095	-0,00091	-0,00095	-0,00099	-0,00076	-0,00127	-0,00105	-0,00104	-0,00103	-0,00094	-0,00112	-0,00102	-0,00106	-0,00106	-0,00106	-0,00106
-0,00097	-0,00109	-0,00088	-0,00100	-0,00102	-0,00091	-0,00087	-0,00079	-0,00103	-0,00096	-0,00093	-0,00112	-0,00087	-0,00069	-0,00097	-0,00086	-0,00089	-0,00089	-0,00103	-0,00094	-0,00090	-0,00077	-0,00086	-0,00094	-0,00101	-0,00079	-0,00087	-0,00111	-0,00089	-0,00101	-0,00102	-0,00097	-0,00114	-0,00085	-0,00104	-0,00101	-0,00100	-0,00078	-0,00080	-0,00081	-0,00096	-0,00100	-0,00108	-0,00089	-0,00078	-0,00112	-0,00089	-0,00106	-0,00106	-0,00106	-0,00106
-0,00090	-0,00095	-0,00099	-0,00084	-0,00079	-0,00079	-0,00085	-0,00086	-0,00084	-0,00089	-0,00092	-0,00093	-0,00079	-0,00090	-0,00101	-0,00090	-0,00093	-0,00093	-0,00094	-0,00085	-0,00084	-0,00096	-0,00071	-0,00085	-0,00081	-0,00081	-0,00094	-0,00088	-0,00078	-0,00082	-0,00090	-0,00104	-0,00088	-0,00081	-0,00096	-0,00083	-0,00097	-0,00102	-0,00088	-0,00099	-0,00109	-0,00095	-0,00109	-0,00091	-0,00084	-0,00113	-0,00098	-0,00106	-0,00106	-0,00106	-0,00106
-0,00081	-0,00096	-0,00075	-0,00121	-0,00086	-0,00105	-0,00091	-0,00085	-0,00101	-0,00082	-0,00087	-0,00100	-0,00096	-0,00081	-0,00093	-0,00078	-0,00072	-0,00092	-0,00080	-0,00088	-0,00102	-0,00083	-0,00086	-0,00101	-0,00096	-0,00092	-0,00103	-0,00102	-0,00090	-0,00093	-0,00076	-0,00095	-0,00090	-0,00100	-0,00092	-0,00078	-0,00105	-0,00094	-0,00096	-0,00100	-0,00092	-0,00097	-0,00109	-0,00098	-0,00096	-0,00109	-0,00068	-0,00106	-0,00106	-0,00106	-0,00106
-0,00089	-0,00093	-0,00087	-0,00084	-0,00091	-0,00117	-0,00079	-0,00085	-0,00106	-0,00085	-0,00085	-0,00085	-0,00082	-0,00109	-0,00107	-0,00085	-0,00094	-0,00087	-0,00100	-0,00094	-0,00089	-0,00088	-0,00091	-0,00090	-0,00072	-0,00096	-0,00096	-0,00100	-0,00087	-0,00090	-0,00090	-0,00057	-0,00079	-0,00083	-0,00100	-0,00085	-0,00091	-0,00095	-0,00081	-0,00094	-0,00087	-0,00106	-0,00084	-0,00101	-0,00080	-0,00094	-0,00100	-0,00106	-0,00106	-0,00106	-0,00106
-0,00094	-0,00093	-0,00091	-0,00087	-0,00102	-0,00093	-0,00084	-0,00088	-0,00083	-0,00091	-0,00092	-0,00086	-0,00084	-0,00091	-0,00097	-0,00085	-0,00087	-0,00087	-0,00095	-0,00103	-0,00083	-0,00091	-0,00093	-0,00097	-0,00078	-0,00104	-0,00103	-0,00079	-0,00097	-0,00089	-0,00074	-0,00107	-0,00093	-0,00087	-0,00091	-0,00076	-0,00096	-0,00106	-0,00091	-0,00076	-0,00099	-0,00084	-0,00084	-0,00083	-0,00105	-0,00103	-0,00095	-0,00106	-0,00106	-0,00106	-0,00106
-0,00088	-0,00118	-0,00092	-0,00098	-0,00090	-0,00087	-0,00097	-0,00081	-0,00089	-0,00099	-0,00088	-0,00098	-0,00077	-0,00084	-0,00073	-0,00083	-0,00093	-0,00088	-0,00103	-0,00081	-0,00091	-0,00091	-0,00116	-0,00095	-0,00100	-0,00087	-0,00070	-0,00109	-0,00094	-0,00105	-0,00088	-0,00083	-0,00103	-0,00091	-0,00090	-0,00093	-0,00075	-0,00078	-0,00077	-0,00105	-0,00085	-0,00076	-0,00096	-0,00086	-0,00093	-0,00097	-0,00090	-0,00106	-0,00106	-0,00106	-0,00106
-0,00093	-0,00089	-0,00095	-0,00094	-0,00080	-0,00097	-0,00082	-0,00078	-0,00086	-0,00102	-0,00091	-0,00095	-0,00082	-0,00084	-0,00075	-0,00085	-0,00077	-0,00094	-0,00086	-0,00084	-0,00096	-0,00106	-0,00087	-0,00093	-0,00093	-0,00105	-0,00085	-0,00086	-0,00101	-0,00091	-0,00069	-0,00095	-0,00094	-0,00096	-0,00103	-0,00095	-0,00089	-0,00086	-0,00068	-0,00091	-0,00100	-0,00093	-0,00087	-0,00076	-0,00081	-0,00077	-0,00106	-0,00106	-0,00106	-0,00106	-0,00106
-0,00097	-0,00081	-0,00089	-0,00088	-0,00095	-0,00088	-0,00106	-0,00100	-0,00104	-0,00109	-0,00078	-0,00093	-0,00126	-0,00083	-0,00090	-0,00081	-0,00106	-0,00078	-0,00097	-0,00100	-0,00091	-0,00078	-0,00077	-0,00075	-0,00087	-0,00092	-0,00076	-0,00091	-0,00103	-0,00100	-0,00093	-0,00096	-0,00102	-0,00079	-0,00117	-0,00091	-0,00118	-0,00118	-0,00095	-0,00095	-0,00082	-0,00094	-0,00109	-0,00098	-0,00089	-0,00099	-0,00106	-0,00106	-0,00106	-0,00106	-0,00106
-0,00088	-0,00103	-0,00088	-0,00091	-0,00069	-0,00094	-0,00094	-0,00079	-0,00101	-0,00098	-0,00082	-0,00100	-0,00094	-0,00075	-0,00077	-0,00098	-0,00088	-0,00069	-0,00087	-0,00087	-0,00094	-0,00094	-0,00088	-0,00080	-0,00110	-0,00100	-0,00083	-0,00085	-0,00088	-0,00100	-0,00072	-0,00091	-0,00080	-0,00087	-0,00083	-0,00082	-0,00091	-0,00073	-0,00100	-0,00096	-0,00097	-0,00101	-0,00111	-0,00096	-0,00066	-0,00109	-0,00106	-0,00106	-0,00106	-0,00106	-0,00106
-0,00102	-0,00085	-0,00079	-0,00108	-0,00090	-0,00105	-0,00092	-0,00076	-0,00092	-0,00103	-0,00072	-0,00090	-0,00097	-0,00063	-0,00087	-0,00092	-0,00104	-0,00084	-0,00092	-0,00087	-0,00081	-0,00098	-0,00088	-0,00098	-0,00095	-0,00100	-0,00092	-0,00088	-0,00085	-0,00092	-0,00103	-0,00092	-0,00095	-0,00099	-0,00077	-0,00095	-0,00088	-0,00092	-0,00105	-0,00088	-0,00068	-0,00096	-0,00103	-0,00094	-0,00093	-0,00091	-0,00106	-0,00106	-0,00106	-0,00106	-0,00106
-0,00099	-0,00088	-0,00093	-0,00084	-0,00112	-0,00107	-0,00080	-0,00097	-0,00088	-0,00093	-0,00096	-0,00078	-0,00091	-0,00104	-0,00093	-0,00091	-0,00090	-0,00101	-0,00101	-0,00089	-0,00091	-0,00102	-0,00068	-0,00090	-0,00082	-0,00098	-0,00075	-0,00070	-0,00101	-0,00104	-0,00091	-0,00099	-0,00103	-0,00076	-0,00087	-0,00086	-0,00097	-0,00110	-0,00079	-0,00105	-0,00100	-0,00088	-0,00095	-0,00076	-0,00100	-0,00075	-0,00106	-0,00106	-0,00106	-0,00106	-0,00106
-0,00092	-0,00098	-0,00100	-0,00093	-0,00098	-0,00085	-0,00107	-0,00100	-0,00076	-0,00087	-0,00099	-0,00089	-0,00100	-0,00082	-0,00100	-0,00083	-0,00100	-0,00085	-0,00089	-0,00068	-0,00093	-0,00101	-0,00096	-0,00090	-0,00105	-0,00090	-0,00088	-0,00078	-0,00086	-0,00096	-0,00094	-0,00074	-0,00097	-0,00089	-0,00077	-0,00087	-0,00085	-0,00091	-0,00108	-0,00087	-0,00099	-0,00097	-0,00099	-0,00098	-0,00076	-0,00094	-0,00106	-0,00106	-0,00106	-0,00106	-0,00106
-0,00090	-0,00087	-0,00099	-0,00091	-0,00089	-0,00084	-0,00084	-0,00091	-0,00093	-0,00084	-0,00087	-0,00086	-0,00085	-0,00081	-0,00073	-0,00091	-0,00095	-0,00074	-0,00056	-0,00082	-0,00102	-0,00089	-0,00082	-0,00099	-0,00093	-0,00085	-0,00080	-0,00083	-0,00083	-0,00091	-0,00093	-0,00076	-0,00094	-0,00058	-0,00095	-0,00084	-0,00103	-0,00081	-0,00082	-0,00091	-0,00115	-0,00100	-0,00081	-0,00090	-0,00092	-0,00091	-0,00106	-0,00106	-0,00106	-0,00106	-0,00106
-0,00078	-0,00091	-0,00097	-0,00087	-0,00091	-0,00101	-0,00081	-0,00093	-0,00087	-0,00090	-0,00093	-0,00094	-0,00080	-0,00096	-0,00082	-0,00074	-0,00075	-0,00078	-0,00098	-0,00067	-0,00070	-0,00077	-0,00085	-0,00101	-0,00087	-0,00086	-0,00085	-0,00098	-0,00093	-0,00086	-0,00092	-0,00091	-0,00091	-0,00089	-0,00094	-0,00083	-0,00087	-0,00104	-0,00083	-0,00105	-0,00086	-0,00100	-0,00100	-0,00099	-0,00083	-0,00080	-0,00106	-0,00106	-0,00106	-0,00106	-0,00106
-0,00109	-0,00080	-0,00089	-0,00105	-0,00084	-0,00082	-0,00087	-0,00097	-0,00071	-0,00082	-0,00074	-0,00086	-0,00089	-0,00092	-0,00088	-0,00094	-0,00064	-0,00057	-0,00072	-0,00074	-0,00046	-0,00052	-0,00045	-0,00079	-0,00091	-0,00084	-0,00088	-0,00076	-0,00071	-0,00085	-0,00074	-0,00092	-0,00077	-0,00100	-0,00092	-0,00081	-0,00100	-0,00095	-0,00103	-0,00090	-0,00100	-0,00095	-0,00089	-0,00070	-0,00087	-0,00099	-0,00106	-0,00106	-0,00106	-0,00106	-0,00106
-0,00102	-0,00089	-0,00089	-0,00076	-0,00095	-0,00092	-0,00104	-0,00084	-0,00093	-0,00091	-0,00099	-0,00098	-0,00101	-0,00080	-0,00083	-0,00083	-0,00071	-0,00120	-0,00090	-0,00078	-0,00036	-0,00044	-0,00071	-0,00085	-0,00085	-0,00086	-0,00075	-0,00064	-0,00083	-0,00084	-0,00065	-0,00074	-0,00066	-0,00072	-0,00081	-0,00091	-0,00082	-0,00079	-0,00079	-0,00089	-0,00091	-0,00089	-0,00091	-0,00087	-0,00103	-0,00104	-0,00106	-0,00106	-0,00106	-0,00106	-0,00106
-0,00093	-0,00078	-0,00097	-0,00085	-0,00103	-0,00107	-0,00098	-0,00096	-0,00093	-0,00086	-0,00091	-0,00072	-0,00093	-0,00074	-0,00074	-0,00096	-0,00075	-0,00094	-0,00087	-0,00073	-0,00048	-0,00057	-0,00052	-0,00069	-0,00064	-0,00067	-0,00055	-0,00040	-0,00036	-0,00087	-0,00104	-0,00055	-0,00059	-0,00068	-0,00084	-0,00101	-0,00083	-0,00082	-0,00089	-0,00082	-0,00082	-0,00100	-0,00097	-0,00097	-0,00091	-0,00097	-0,00106	-0,00106	-0,00106	-0,00106	-0,00106
-0,00089	-0,00091	-0,00096	-0,00093	-0,00084	-0,00091	-0,00105	-0,00074	-0,00075	-0,00083	-0,00086	-0,00098	-0,00071	-0,00089	-0,00094	-0,00094	-0,00105	-0,00087	-0,00076	-0,00068	-0,00057	-0,00051	-0,00058	-0,00085	-0,00060	-0,00005	-0,00011	-0,00029	-0,00024	-0,00035	-0,00063	-0,00085	-0,00061	-0,00084	-0,00077	-0,00078	-0,00085	-0,00080	-0,00085	-0,00094	-0,00098	-0,00088	-0,00099	-0,00070	-0,00090	-0,00091	-0,00106	-0,00106	-0,00106	-0,00106	-0,00106
-0,00095	-0,00090	-0,00079	-0,00098	-0,00093	-0,00081	-0,00077	-0,00090	-0,00080	-0,00096	-0,00080	-0,00097	-0,00078	-0,00072	-0,00083	-0,00066	-0,00102	-0,00090	-0,00080	-0,00083	-0,00095	-0,00058	-0,00043	-0,00075	-0,00073	0,00056	0,00051	0,00040	0,00025	0,00003	-0,00023	-0,00048	-0,00072	-0,00057	-0,00059	-0,00092	-0,00066	-0,00082	-0,00077	-0,00092	-0,00088	-0,00071	-0,00074	-0,00095	-0,00095	-0,00076	-0,00106	-0,00106	-0,00106	-0,00106	-0,00106
-0,00085	-0,00084	-0,00101	-0,00093	-0,00069	-0,00092	-0,00084	-0,00094	-0,00103	-0,00088	-0,00099	-0,00099	-0,00099	-0,00071	-0,00078	-0,00094	-0,00106	-0,00072	-0,00050	-0,00059	-0,00072	-0,00056	-0,00055	-0,00080	-0,00074	0,00072	0,00222	0,00208	0,00102	0,00032	-0,00004	-0,00047	-0,00059	-0,00073	-0,00066	-0,00082	-0,00070	-0,00084	-0,00098	-0,00089	-0,00087	-0,00098	-0,00096	-0,00088	-0,00085	-0,00080	-0,00106	-0,00106	-0,00106	-0,00106	-0,00106
-0,00095	-0,00093	-0,00091	-0,00083	-0,00101	-0,00085	-0,00086	-0,00103	-0,00087	-0,00094	-0,00109	-0,00093	-0,00101	-0,00091	-0,00102	-0,00081	-0,00084	-0,00067	-0,00035	-0,00045	-0,00069	-0,00069	-0,00016	0,00004	-0,00078	0,00080	0,00395	0,00536	0,00362	0,00162	0,00042	-0,00028	-0,00084	-0,00077	-0,00073	-0,00084	-0,00087	-0,00084	-0,00085	-0,00096	-0,00103	-0,00096	-0,00098	-0,00084	-0,00100	-0,00096	-0,00106	-0,00106	-0,00106	-0,00106	-0,00106
-0,00081	-0,00077	-0,00097	-0,00077	-0,00086	-0,00082	-0,00083	-0,00089	-0,00092	-0,00097	-0,00102	-0,00092	-0,00086	-0,00091	-0,00084	-0,00077	-0,00077	-0,00041	-0,00036	-0,00023	-0,00062	-0,00080	0,00010	0,00088	-0,00015	0,00007	0,00457	0,00875	0,00923	0,00558	0,00212	0,00030	-0,00063	-0,00067	-0,00078	-0,00076	-0,00079	-0,00111	-0,00090	-0,00103	-0,00087	-0,00074	-0,00087	-0,00101	-0,00108	-0,00104	-0,00106	-0,00106	-0,00106	-0,00106	-0,00106
-0,00091	-0,00083	-0,00085	-0,00086	-0,00093	-0,00082	-0,00097	-0,00097	-0,00092	-0,00096	-0,00092	-0,00102	-0,00090	-0,00078	-0,00100	-0,00078	-0,00062	-0,00071	-0,00052	-0,00051	-0,00072	-0,00082	0,00044	0,00142	0,00061	-0,00054	0,00294	0,00823	0,01012	0,00730	0,00390	0,00058	-0,00082	-0,00080	-0,00073	-0,00082	-0,00087	-0,00080	-0,00093	-0,00093	-0,00083	-0,00098	-0,00093	-0,00097	-0,00106	-0,00088	-0,00106	-0,00106	-0,00106	-0,00106	-0,00106
-0,00082	-0,00088	-0,00092	-0,00093	-0,00113	-0,00095	-0,00087	-0,00094	-0,00103	-0,00101	-0,00097	-0,00093	-0,00093	-0,00070	-0,00084	-0,00067	-0,00062	-0,00089	-0,00067	-0,00095	-0,00081	-0,00052	0,00038	0,00113	0,00117	-0,00009	-0,00007	0,00238	0,00450	0,00405	0,00238	0,00016	-0,00089	-0,00072	-0,00057	-0,00077	-0,00083	-0,00099	-0,00083	-0,00099	-0,00085	-0,00085	-0,00097	-0,00099	-0,00075	-0,00085	-0,00106	-0,00106	-0,00106	-0,00106	-0,00106
-0,00079	-0,00108	-0,00088	-0,00085	-0,00081	-0,00087	-0,00079	-0,00087	-0,00084	-0,00095	-0,00073	-0,00092	-0,00092	-0,00080	-0,00082	-0,00082	-0,00075	-0,00082	-0,00073	-0,00056	-0,00069	-0,00064	-0,00056	-0,00022	0,00080	0,00303	0,00083	0,00068	0,00102	0,00087	0,00075	-0,00033	-0,00079	-0,00062	-0,00061	-0,00092	-0,00061	-0,00088	-0,00077	-0,00082	-0,00086	-0,00081	-0,00091	-0,00072	-0,00088	-0,00110	-0,00106	-0,00106	-0,00106	-0,00106	-0,00106
-0,00091	-0,00083	-0,00103	-0,00097	-0,00091	-0,00089	-0,00071	-0,00100	-0,00079	-0,00091	-0,00079	-0,00091	-0,00079	-0,00060	-0,00082	-0,00079	-0,00074	-0,00060	-0,00047	-0,00059	-0,00041	-0,00070	-0,00019	-0,00066	0,00060	0,00587	0,00790	0,00844	0,00579	0,00080	-0,00036	-0,00054	-0,00086	-0,00053	-0,00054	-0,00067	-0,00081	-0,00104	-0,00090	-0,00090	-0,00094	-0,00080	-0,00086	-0,00090	-0,00102	-0,00101	-0,00106	-0,00106	-0,00106	-0,00106	-0,00106
-0,00083	-0,00092	-0,00095	-0,00099	-0,00097	-0,00083	-0,00098	-0,00096	-0,00081	-0,00086	-0,00086	-0,00102	-0,00088	-0,00071	-0,00079	-0,00097	-0,00085	-0,00089	-0,00047	-0,00042	-0,00070	-0,00027	0,00024	-0,00030	0,00078	0,00519	0,01340	0,01827	0,01344	0,00371	-0,00044	-0,00068	-0,00056	-0,00035	-0,00046	-0,00076	-0,00080	-0,00088	-0,00074	-0,00074	-0,00098	-0,00094	-0,00081	-0,00090	-0,00083	-0,00110	-0,00106	-0,00106	-0,00106	-0,00106	-0,00106
-0,00080	-0,00085	-0,00087	-0,00100	-0,00097	-0,00090	-0,00101	-0,00091	-0,00087	-0,00081	-0,00083	-0,00083	-0,00071	-0,00074	-0,00085	-0,00099	-0,00104	-0,00084	-0,00067	-0,00040	-0,00082	-0,00020	0,00063	0,00066	0,00103	0,00135	0,00960	0,01618	0,01400	0,00464	-0,00017	-0,00058	-0,00064	-0,00065	-0,00049	-0,00051	-0,00072	-0,00091	-0,00073	-0,00090	-0,00093	-0,00096	-0,00090	-0,00091	-0,00091	-0,00078	-0,00106	-0,00106	-0,00106	-0,00106	-0,00106
-0,00098	-0,00086	-0,00104	-0,00102	-0,00095	-0,00085	-0,00088	-0,00075	-0,00096	-0,00103	-0,00097	-0,00098	-0,00086	-0,00100	-0,00093	-0,00089	-0,00078	-0,00098	-0,00071	-0,00064	-0,00072	-0,00033	0,00045	0,00096	0,00088	-0,00054	0,00199	0,00677	0,00641	0,00226	-0,00047	-0,00075	-0,00048	-0,00060	-0,00083	-0,00064	-0,00074	-0,00093	-0,00090	-0,00076	-0,00087	-0,00089	-0,00099	-0,00060	-0,00088	-0,00095	-0,00106	-0,00106	-0,00106	-0,00106	-0,00106
-0,00100	-0,00116	-0,00090	-0,00070	-0,00101	-0,00088	-0,00095	-0,00085	-0,00090	-0,00084	-0,00075	-0,00083	-0,00097	-0,00083	-0,00080	-0,00096	-0,00087	-0,00084	-0,00075	-0,00066	-0,00083	-0,00077	-0,00013	0,00035	0,00002	-0,00060	-0,00047	0,00099	0,00105	0,00030	-0,00081	-0,00024	-0,00014	-0,00043	-0,00081	-0,00083	-0,00089	-0,00075	-0,00068	-0,00092	-0,00077	-0,00091	-0,00087	-0,00093	-0,00094	-0,00118	-0,00106	-0,00106	-0,00106	-0,00106	-0,00106
-0,00103	-0,00095	-0,00090	-0,00093	-0,00088	-0,00093	-0,00092	-0,00101	-0,00082	-0,00089	-0,00092	-0,00094	-0,00075	-0,00095	-0,00082	-0,00092	-0,00078	-0,00085	-0,00076	-0,00096	-0,00077	-0,00082	-0,00059	-0,00039	-0,00063	-0,00048	-0,00058	-0,00048	-0,00000	-0,00035	-0,00027	0,00008	-0,00024	-0,00034	-0,00050	-0,00074	-0,00076	-0,00077	-0,00087	-0,00072	-0,00100	-0,00093	-0,00098	-0,00089	-0,00069	-0,00098	-0,00106	-0,00106	-0,00106	-0,00106	-0,00106
-0,00071	-0,00063	-0,00085	-0,00093	-0,00089	-0,00060	-0,00099	-0,00081	-0,00086	-0,00100	-0,00090	-0,00106	-0,00095	-0,00086	-0,00089	-0,00092	-0,00080	-0,00074	-0,00077	-0,00080	-0,00102	-0,00084	-0,00072	-0,00075	-0,00044	-0,00033	-0,00020	0,00018	0,00023	-0,00000	-0,00027	-0,00035	-0,00048	-0,00075	-0,00078	-0,00084	-0,00058	-0,00096	-0,00087	-0,00092	-0,00090	-0,00108	-0,00092	-0,00095	-0,00086	-0,00094	-0,00106	-0,00106	-0,00106	-0,00106	-0,00106
-0,00080	-0,00093	-0,00077	-0,00095	-0,00086	-0,00110	-0,00074	-0,00095	-0,00103	-0,00101	-0,00095	-0,00086	-0,00092	-0,00084	-0,00089	-0,00097	-0,00086	-0,00057	-0,00084	-0,00088	-0,00098	-0,00083	-0,00072	-0,00084	-0,00074	-0,00022	0,00001	-0,00000	-0,00006	0,00027	-0,00047	-0,00064	-0,00091	-0,00079	-0,00086	-0,00092	-0,00099	-0,00069	-0,00078	-0,00091	-0,00098	-0,00077	-0,00085	-0,00085	-0,00084	-0,00099	-0,00106	-0,00106	-0,00106	-0,00106	-0,00106
-0,00097	-0,00084	-0,00097	-0,00094	-0,00101	-0,00082	-0,00086	-0,00096	-0,00093	-0,00101	-0,00098	-0,00090	-0,00089	-0,00096	-0,00098	-0,00060	-0,00082	-0,00072	-0,00095	-0,00083	-0,00075	-0,00091	-0,00081	-0,00102	-0,00084	-0,00067	-0,00035	-0,00035	-0,00035	-0,00048	-0,00070	-0,00048	-0,00086	-0,00094	-0,00090	-0,00099	-0,00079	-0,00067	-0,00086	-0,00080	-0,00083	-0,00090	-0,00096	-0,00075	-0,00100	-0,00089	-0,00106	-0,00106	-0,00106	-0,00106	-0,00106
-0,00088	-0,00107	-0,00079	-0,00093	-0,00093	-0,00080	-0,00083	-0,00099	-0,00073	-0,00086	-0,00084	-0,00094	-0,00087	-0,00088	-0,00095	-0,00099	-0,00072	-0,00094	-0,00084	-0,00085	-0,00085	-0,00094	-0,00097	-0,00084	-0,00075	-0,00068	-0,00060	-0,00070	-0,00069	-0,00077	-0,00076	-0,00068	-0,00062	-0,00045	-0,00079	-0,00089	-0,00091	-0,00094	-0,00094	-0,00100	-0,00079	-0,00093	-0,00088	-0,00081	-0,00093	-0,00077	-0,00106	-0,00106	-0,00106	-0,00106	-0,00106
-0,00097	-0,00099	-0,00095	-0,00104	-0,00098	-0,00082	-0,00090	-0,00088	-0,00096	-0,00083	-0,00091	-0,00091	-0,00094	-0,00091	-0,00087	-0,00098	-0,00080	-0,00085	-0,00103	-0,00095	-0,00085	-0,00070	-0,00073	-0,00075	-0,00091	-0,00085	-0,00072	-0,00106	-0,00068	-0,00114	-0,00084	-0,00064	-0,00046	-0,00065	-0,00072	-0,00097	-0,00075	-0,00081	-0,00086	-0,00079	-0,00087	-0,00094	-0,00087	-0,00078	-0,00094	-0,00086	-0,00106	-0,00106	-0,00106	-0,00106	-0,00106
-0,00095	-0,00083	-0,00109	-0,00102	-0,00086	-0,00074	-0,00088	-0,00082	-0,00093	-0,00090	-0,00090	-0,00087	-0,00098	-0,00069	-0,00081	-0,00086	-0,00116	-0,00090	-0,00097	-0,00090	-0,00099	-0,00071	-0,00082	-0,00097	-0,00075	-0,00084	-0,00092	-0,00089	-0,00072	-0,00079	-0,00081	-0,00068	-0,00048	-0,00072	-0,00070	-0,00089	-0,00076	-0,00082	-0,00092	-0,00070	-0,00096	-0,00072	-0,00063	-0,00079	-0,00091	-0,00080	-0,00106	-0,00106	-0,00106	-0,00106	-0,00106
-0,00082	-0,00086	-0,00098	-0,00101	-0,00117	-0,00078	-0,00106	-0,00097	-0,00104	-0,00085	-0,00089	-0,00090	-0,00089	-0,00089	-0,00096	-0,00082	-0,00106	-0,00075	-0,00090	-0,00077	-0,00089	-0,00076	-0,00091	-0,00083	-0,00098	-0,00102	-0,00084	-0,00079	-0,00071	-0,00070	-0,00072	-0,00085	-0,00053	-0,00074	-0,00069	-0,00071	-0,00102	-0,00098	-0,00096	-0,00077	-0,00083	-0,00093	-0,00076	-0,00092	-0,00094	-0,00080	-0,00106	-0,00106	-0,00106	-0,00106	-0,00106
-0,00092	-0,00085	-0,00099	-0,00072	-0,00087	-0,00091	-0,00094	-0,00101	-0,00096	-0,00100	-0,00103	-0,00085	-0,00101	-0,00072	-0,00084	-0,00076	-0,00090	-0,00108	-0,00095	-0,00072	-0,00100	-0,00085	-0,00078	-0,00099	-0,00082	-0,00084	-0,00089	-0,00066	-0,00066	-0,00077	-0,00061	-0,00054	-0,00053	-0,00056	-0,00066	-0,00081	-0,00080	-0,00094	-0,00084	-0,00088	-0,00085	-0,00099	-0,00090	-0,00103	-0,00086	-0,00084	-0,00106	-0,00106	-0,00106	-0,00106	-0,00106
-0,00100	-0,00104	-0,00089	-0,00086	-0,00086	-0,00097	-0,00085	-0,00091	-0,00096	-0,00063	-0,00094	-0,00107	-0,00092	-0,00109	-0,00082	-0,00087	-0,00097	-0,00072	-0,00092	-0,00089	-0,00095	-0,00079	-0,00094	-0,00091	-0,00103	-0,00081	-0,00068	-0,00058	-0,00054	-0,00073	-0,00056	-0,00060	-0,00053	-0,00056	-0,00065	-0,00075	-0,00103	-0,00097	-0,00103	-0,00100	-0,00102	-0,00085	-0,00087	-0,00091	-0,00070	-0,00079	-0,00106	-0,00106	-0,00106	-0,00106	-0,00106
-0,00101	-0,00091	-0,00104	-0,00086	-0,00096	-0,00079	-0,00083	-0,00083	-0,00094	-0,00107	-0,00079	-0,00085	-0,00079	-0,00095	-0,00088	-0,00074	-0,00102	-0,00087	-0,00093	-0,00090	-0,00084	-0,00091	-0,00089	-0,00069	-0,00085	-0,00093	-0,00083	-0,00069	-0,00065	-0,00057	-0,00070	-0,00064	-0,00049	-0,00073	-0,00069	-0,00080	-0,00101	-0,00073	-0,00083	-0,00094	-0,00077	-0,00094	-0,00090	-0,00090	-0,00089	-0,00084	-0,00106	-0,00106	-0,00106	-0,00106	-0,00106
-0,00090	-0,00085	-0,00096	-0,00095	-0,00095	-0,00086	-0,00110	-0,00094	-0,00099	-0,00093	-0,00097	-0,00090	-0,00086	-0,00101	-0,00100	-0,00080	-0,00087	-0,00091	-0,00102	-0,00087	-0,00065	-0,00083	-0,00100	-0,00093	-0,00088	-0,00081	-0,00067	-0,00059	-0,00069	-0,00065	-0,00099	-0,00082	-0,00064	-0,00069	-0,00067	-0,00062	-0,00098	-0,00094	-0,00088	-0,00091	-0,00100	-0,00098	-0,00090	-0,00094	-0,00086	-0,00085	-0,00106	-0,00106	-0,00106	-0,00106	-0,00106
-0,00084	-0,00106	-0,00087	-0,00099	-0,00095	-0,00082	-0,00100	-0,00116	-0,00094	-0,00094	-0,00080	-0,00083	-0,00087	-0,00073	-0,00089	-0,00079	-0,00083	-0,00086	-0,00093	-0,00097	-0,00102	-0,00085	-0,00096	-0,00083	-0,00069	-0,00092	-0,00078	-0,00095	-0,00075	-0,00074	-0,00075	-0,00066	-0,00080	-0,00074	-0,00069	-0,00073	-0,00083	-0,00089	-0,00102	-0,00088	-0,00091	-0,00088	-0,00102	-0,00111	-0,00102	-0,00107	-0,00106	-0,00106	-0,00106	-0,00106	-0,00106
-0,00082	-0,00086	-0,00085	-0,00096	-0,00096	-0,00087	-0,00099	-0,00086	-0,00100	-0,00087	-0,00094	-0,00114	-0,00097	-0,00096	-0,00084	-0,00092	-0,00089	-0,00095	-0,00101	-0,00085	-0,00084	-0,00098	-0,00085	-0,00086	-0,00072	-0,00088	-0,00080	-0,00051	-0,00079	-0,00071	-0,00076	-0,00073	-0,00072	-0,00075	-0,00080	-0,00047	-0,00094	-0,00083	-0,00081	-0,00098	-0,00093	-0,00094	-0,00082	-0,00099	-0,00085	-0,00103	-0,00106	-0,00096	-0,00106	-0,00106	-0,00106
