21,10000	21,30000	21,50000	21,70000	21,90000	22,10000	22,30000	22,50000	22,70000	22,90000	23,10000	23,30000	23,50000	23,70000	23,90000	24,10000	24,30000	24,50000	24,70000	24,90000	25,10000	25,30000	25,50000	25,70000	25,90000
24,10000	24,30000	24,50000	24,70000	24,90000	25,10000	25,30000	25,50000	25,70000	25,90000	26,10000	26,30000	26,50000	26,70000	26,90000	27,10000	27,30000	27,50000	27,70000	27,90000	28,10000	28,30000	28,50000	28,70000	28,90000
-0,00062	-0,00006	-0,00027	-0,00048	-0,00056	-0,00021	-0,00031	-0,00019	-0,00015	-0,00073	-0,00071	-0,00010	-0,00013	-0,00079	-0,00069	-0,00003	-0,00013	-0,00071	-0,00054	-0,00078	-0,00060	-0,00003	-0,00020	-0,00018	-0,00079
-0,00003	-0,00034	-0,00003	-0,00013	-0,00065	-0,00064	-0,00066	-0,00050	-0,00020	-0,00038	-0,00041	-0,00072	-0,00005	-0,00001	-0,00061	-0,00017	-0,00040	0,00001	-0,00011	-0,00019	-0,00063	-0,00021	-0,00046	-0,00071	-0,00011
-0,00075	-0,00038	-0,00044	-0,00025	-0,00000	-0,00026	-0,00073	-0,00026	-0,00017	-0,00060	-0,00013	-0,00020	-0,00061	-0,00077	-0,00004	-0,00076	-0,00082	-0,00049	0,00007	-0,00078	-0,00015	-0,00014	-0,00057	-0,00010	-0,00005
-0,00007	-0,00070	-0,00045	-0,00078	-0,00078	-0,00077	-0,00072	-0,00044	-0,00005	-0,00030	-0,00045	-0,00050	-0,00004	-0,00020	-0,00057	-0,00012	-0,00061	-0,00061	-0,00071	0,00005	-0,00011	-0,00061	-0,00046	-0,00017	-0,00087
-0,00038	-0,00015	-0,00044	-0,00059	-0,00047	-0,00007	0,00004	-0,00072	-0,00082	-0,00006	-0,00029	-0,00052	-0,00062	-0,00044	0,00005	-0,00060	-0,00015	-0,00014	0,00000	-0,00037	-0,00066	-0,00005	-0,00025	-0,00062	-0,00029
-0,00081	-0,00059	-0,00018	-0,00058	-0,00055	-0,00059	-0,00026	-0,00041	-0,00070	-0,00021	-0,00086	-0,00068	-0,00066	-0,00079	-0,00073	0,00005	-0,00008	-0,00067	-0,00072	-0,00073	-0,00015	-0,00066	-0,00063	-0,00006	-0,00032
-0,00002	-0,00069	-0,00069	-0,00055	-0,00049	-0,00068	-0,00079	-0,00009	-0,00058	-0,00063	-0,00081	0,00004	-0,00021	-0,00072	-0,00028	-0,00086	-0,00066	-0,00047	-0,00013	-0,00009	-0,00057	-0,00024	-0,00082	-0,00077	-0,00080
-0,00046	-0,00013	-0,00028	-0,00064	-0,00036	-0,00033	-0,00048	-0,00065	-0,00009	-0,00012	-0,00031	-0,00025	-0,00062	-0,00031	-0,00014	-0,00033	0,00005	-0,00040	-0,00071	-0,00061	-0,00005	-0,00052	-0,00067	-0,00012	-0,00024
-0,00074	-0,00023	-0,00062	-0,00059	-0,00016	-0,00035	-0,00007	-0,00025	-0,00021	-0,00003	-0,00059	-0,00062	-0,00069	-0,00033	-0,00078	-0,00013	-0,00072	-0,00032	-0,00046	-0,00076	-0,00053	-0,00006	-0,00039	-0,00045	-0,00066
-0,00019	-0,00086	-0,00008	-0,00054	-0,00010	-0,00017	-0,00036	-0,00006	-0,00087	-0,00051	-0,00072	-0,00020	-0,00055	-0,00069	-0,00018	-0,00079	-0,00019	-0,00071	0,00001	-0,00003	-0,00081	-0,00032	-0,00071	-0,00030	-0,00055
0,00010	-0,00039	-0,00056	-0,00076	-0,00069	-0,00074	-0,00065	-0,00088	-0,00004	-0,00060	-0,00001	-0,00005	-0,00014	-0,00061	-0,00077	-0,00009	-0,00080	0,00002	-0,00081	-0,00063	-0,00018	-0,00067	-0,00056	-0,00063	-0,00019
-0,00004	-0,00012	-0,00063	-0,00011	-0,00036	-0,00046	-0,00047	-0,00047	-0,00039	-0,00031	-0,00052	-0,00063	-0,00033	-0,00066	-0,00016	-0,00072	-0,00017	-0,00057	0,00007	-0,00009	-0,00070	-0,00071	-0,00075	-0,00052	-0,00066
-0,00079	-0,00018	-0,00047	-0,00020	-0,00063	-0,00080	-0,00030	-0,00080	-0,00021	-0,00015	-0,00031	-0,00062	-0,00076	-0,00061	-0,00026	-0,00064	-0,00022	-0,00011	-0,00063	-0,00078	-0,00087	-0,00025	-0,00053	-0,00031	-0,00071
-0,00047	-0,00065	-0,00034	-0,00072	-0,00049	-0,00009	-0,00072	-0,00063	-0,00088	-0,00053	-0,00086	-0,00022	-0,00012	0,00006	-0,00086	0,00003	-0,00055	-0,00035	-0,00042	0,00000	0,00005	-0,00064	-0,00080	-0,00069	-0,00004
-0,00009	0,00009	-0,00041	-0,00061	-0,00067	-0,00077	0,00010	-0,00058	-0,00009	-0,00074	0,00003	-0,00023	-0,00060	-0,00081	-0,00003	-0,00078	-0,00033	-0,00081	-0,00052	-0,00074	-0,00006	-0,00001	0,00002	-0,00008	-0,00069
-0,00074	-0,00043	-0,00011	-0,00052	-0,00032	-0,00025	-0,00074	-0,00068	-0,00052	0,00009	-0,00038	-0,00067	-0,00029	-0,00001	-0,00024	-0,00059	-0,00050	-0,00077	-0,00070	-0,00013	-0,00068	-0,00027	-0,00087	-0,00046	-0,00048
-0,00001	-0,00025	-0,00025	-0,00038	-0,00027	-0,00089	-0,00044	-0,00042	-0,00022	-0,00032	-0,00080	-0,00063	-0,00082	-0,00061	-0,00054	-0,00018	0,00005	-0,00021	-0,00049	-0,00060	0,00001	-0,00048	-0,00039	-0,00068	-0,00023
-0,00053	-0,00081	-0,00039	-0,00054	-0,00013	-0,00081	-0,00018	-0,00030	-0,00008	-0,00023	-0,00040	-0,00038	-0,00014	-0,00017	-0,00066	-0,00056	-0,00076	-0,00060	-0,00025	-0,00061	-0,00051	-0,00061	-0,00011	-0,00015	-0,00079
-0,00000	-0,00017	-0,00011	-0,00029	-0,00058	-0,00028	-0,00058	0,00001	-0,00067	-0,00025	-0,00005	-0,00071	-0,00071	-0,00047	-0,00000	-0,00045	-0,00004	-0,00060	-0,00039	-0,00025	0,00002	-0,00009	-0,00046	-0,00056	-0,00004
-0,00066	-0,00055	-0,00063	-0,00078	-0,00020	-0,00006	-0,00059	-0,00073	-0,00055	-0,00044	-0,00070	-0,00030	-0,00010	-0,00013	-0,00071	-0,00007	-0,00074	-0,00069	-0,00067	-0,00044	-0,00070	-0,00079	-0,00090	-0,00017	-0,00072
-0,00053	-0,00041	-0,00058	-0,00037	-0,00015	-0,00045	-0,00073	-0,00015	-0,00006	-0,00027	-0,00058	-0,00015	0,00000	-0,00089	-0,00023	-0,00054	-0,00017	0,00008	-0,00031	-0,00079	-0,00046	-0,00013	-0,00016	-0,00054	-0,00079
-0,00016	-0,00059	-0,00010	-0,00082	-0,00013	-0,00023	-0,00035	-0,00072	-0,00047	-0,00077	-0,00017	-0,00081	-0,00053	-0,00036	-0,00072	-0,00080	-0,00001	-0,00067	-0,00013	-0,00017	-0,00062	-0,00071	-0,00075	-0,00036	-0,00011
-0,00082	-0,00023	-0,00035	-0,00036	-0,00073	-0,00001	-0,00071	-0,00059	-0,00035	-0,00006	-0,00037	-0,00050	-0,00083	-0,00028	-0,00078	-0,00082	-0,00074	-0,00046	-0,00064	-0,00025	-0,00017	-0,00017	-0,00087	-0,00073	-0,00068
-0,00005	-0,00074	-0,00075	-0,00003	-0,00003	-0,00076	-0,00062	-0,00084	-0,00015	-0,00089	-0,00083	-0,00018	-0,00008	-0,00035	-0,00054	-0,00003	-0,00081	-0,00013	-0,00074	-0,00075	-0,00072	-0,00073	-0,00016	-0,00025	-0,00074
-0,00040	-0,00049	-0,00024	-0,00056	-0,00062	-0,00038	-0,00022	-0,00053	-0,00057	-0,00047	-0,00015	-0,00040	-0,00072	-0,00080	-0,00001	-0,00069	-0,00004	-0,00033	-0,00072	-0,00079	-0,00027	-0,00008	-0,00057	-0,00059	-0,00061
