12,50000	13,00000	13,50000	14,00000	14,50000	15,00000	15,50000	16,00000	16,50000	17,00000	17,50000	18,00000	18,50000	19,00000	19,50000	20,00000	20,50000	21,00000	21,50000	22,00000	22,50000	23,00000	23,50000	24,00000	24,50000	25,00000	25,50000	26,00000	26,50000	27,00000	27,50000	28,00000	28,50000	29,00000	29,50000	30,00000	30,50000	31,00000	31,50000	32,00000	32,50000	33,00000	33,50000	34,00000	34,50000	35,00000	35,50000	36,00000	36,50000	37,00000	37,50000
12,50000	13,00000	13,50000	14,00000	14,50000	15,00000	15,50000	16,00000	16,50000	17,00000	17,50000	18,00000	18,50000	19,00000	19,50000	20,00000	20,50000	21,00000	21,50000	22,00000	22,50000	23,00000	23,50000	24,00000	24,50000	25,00000	25,50000	26,00000	26,50000	27,00000	27,50000	28,00000	28,50000	29,00000	29,50000	30,00000	30,50000	31,00000	31,50000	32,00000	32,50000	33,00000	33,50000	34,00000	34,50000	35,00000	35,50000	36,00000	36,50000	37,00000	37,50000
0,00860	0,01050	0,01033	0,00853	0,00764	0,00660	0,00585	0,00458	0,00447	0,00459	0,00504	0,00641	0,00778	0,00822	0,00740	0,00684	0,00838	0,00884	0,00726	0,00463	0,00496	0,00701	0,00792	0,00733	0,00585	0,00454	0,00440	0,00509	0,00559	0,00590	0,00584	0,00519	0,00486	0,00451	0,00456	0,00469	0,00463	0,00505	0,00523	0,00541	0,00480	0,00452	0,00453	0,00474	0,00564	0,00642	0,00672	0,00615	0,00560	0,00553	0,00619
0,00886	0,01049	0,01063	0,00926	0,00885	0,00795	0,00648	0,00533	0,00478	0,00438	0,00474	0,00614	0,00697	0,00655	0,00622	0,00813	0,01025	0,00942	0,00641	0,00477	0,00478	0,00552	0,00586	0,00539	0,00458	0,00442	0,00463	0,00475	0,00497	0,00493	0,00502	0,00476	0,00451	0,00463	0,00473	0,00458	0,00449	0,00450	0,00456	0,00488	0,00501	0,00455	0,00484	0,00528	0,00543	0,00588	0,00611	0,00584	0,00559	0,00548	0,00656
0,00892	0,01012	0,00939	0,00904	0,00937	0,00880	0,00759	0,00622	0,00553	0,00497	0,00520	0,00591	0,00607	0,00486	0,00585	0,00840	0,00968	0,00815	0,00606	0,00475	0,00476	0,00481	0,00476	0,00439	0,00440	0,00459	0,00521	0,00539	0,00485	0,00453	0,00437	0,00440	0,00491	0,00455	0,00466	0,00448	0,00445	0,00445	0,00437	0,00481	0,00485	0,00478	0,00450	0,00513	0,00555	0,00567	0,00562	0,00519	0,00467	0,00484	0,00549
0,00925	0,00898	0,00821	0,00835	0,00907	0,00886	0,00792	0,00764	0,00672	0,00620	0,00634	0,00669	0,00537	0,00434	0,00506	0,00715	0,00760	0,00643	0,00556	0,00538	0,00561	0,00522	0,00465	0,00447	0,00454	0,00508	0,00571	0,00568	0,00520	0,00494	0,00475	0,00483	0,00492	0,00491	0,00452	0,00432	0,00442	0,00447	0,00459	0,00497	0,00510	0,00508	0,00482	0,00488	0,00545	0,00566	0,00573	0,00526	0,00466	0,00436	0,00465
0,00910	0,00771	0,00677	0,00739	0,00792	0,00780	0,00818	0,00861	0,00841	0,00801	0,00811	0,00758	0,00589	0,00467	0,00473	0,00531	0,00530	0,00537	0,00574	0,00650	0,00694	0,00607	0,00509	0,00434	0,00477	0,00554	0,00601	0,00576	0,00521	0,00508	0,00527	0,00521	0,00534	0,00513	0,00480	0,00453	0,00472	0,00468	0,00489	0,00523	0,00548	0,00530	0,00515	0,00457	0,00487	0,00535	0,00557	0,00511	0,00491	0,00437	0,00430
0,00881	0,00631	0,00565	0,00619	0,00633	0,00657	0,00833	0,00925	0,00973	0,00939	0,00925	0,00841	0,00671	0,00536	0,00506	0,00524	0,00467	0,00465	0,00568	0,00677	0,00705	0,00591	0,00495	0,00437	0,00516	0,00559	0,00542	0,00505	0,00493	0,00505	0,00538	0,00551	0,00526	0,00479	0,00473	0,00466	0,00459	0,00469	0,00463	0,00522	0,00548	0,00580	0,00538	0,00494	0,00454	0,00476	0,00495	0,00509	0,00452	0,00439	0,00428
0,00825	0,00577	0,00519	0,00519	0,00509	0,00590	0,00743	0,00916	0,00967	0,01001	0,01012	0,00900	0,00745	0,00670	0,00734	0,00667	0,00584	0,00478	0,00518	0,00626	0,00666	0,00558	0,00497	0,00440	0,00452	0,00456	0,00465	0,00463	0,00439	0,00471	0,00513	0,00509	0,00523	0,00471	0,00457	0,00472	0,00480	0,00451	0,00474	0,00506	0,00522	0,00560	0,00579	0,00577	0,00492	0,00434	0,00466	0,00470	0,00467	0,00448	0,00455
0,00804	0,00596	0,00552	0,00516	0,00473	0,00514	0,00668	0,00830	0,00894	0,00948	0,00963	0,00923	0,00866	0,00897	0,00996	0,00984	0,00760	0,00553	0,00481	0,00532	0,00556	0,00524	0,00478	0,00446	0,00451	0,00424	0,00450	0,00471	0,00445	0,00445	0,00486	0,00523	0,00484	0,00466	0,00438	0,00459	0,00485	0,00471	0,00451	0,00489	0,00497	0,00535	0,00595	0,00572	0,00515	0,00464	0,00469	0,00510	0,00517	0,00508	0,00484
0,00856	0,00612	0,00572	0,00509	0,00480	0,00511	0,00624	0,00706	0,00722	0,00836	0,00911	0,00906	0,00954	0,01079	0,01308	0,01344	0,01066	0,00703	0,00499	0,00440	0,00498	0,00531	0,00477	0,00466	0,00473	0,00466	0,00508	0,00491	0,00477	0,00430	0,00485	0,00532	0,00503	0,00464	0,00438	0,00447	0,00471	0,00470	0,00453	0,00478	0,00507	0,00481	0,00535	0,00543	0,00531	0,00478	0,00478	0,00494	0,00551	0,00540	0,00540
0,00833	0,00659	0,00628	0,00554	0,00544	0,00583	0,00603	0,00560	0,00586	0,00718	0,00845	0,00900	0,00932	0,01184	0,01525	0,01653	0,01410	0,00952	0,00594	0,00478	0,00476	0,00491	0,00443	0,00465	0,00496	0,00502	0,00533	0,00534	0,00487	0,00467	0,00492	0,00534	0,00536	0,00457	0,00416	0,00452	0,00457	0,00456	0,00434	0,00481	0,00480	0,00481	0,00501	0,00529	0,00509	0,00478	0,00498	0,00532	0,00541	0,00599	0,00628
0,00846	0,00691	0,00688	0,00695	0,00717	0,00706	0,00601	0,00514	0,00522	0,00674	0,00756	0,00795	0,00859	0,01086	0,01499	0,01811	0,01572	0,01041	0,00666	0,00488	0,00447	0,00466	0,00459	0,00469	0,00497	0,00511	0,00505	0,00506	0,00480	0,00496	0,00512	0,00514	0,00532	0,00481	0,00441	0,00459	0,00463	0,00447	0,00431	0,00495	0,00526	0,00505	0,00490	0,00501	0,00471	0,00470	0,00523	0,00565	0,00551	0,00560	0,00667
0,00838	0,00732	0,00756	0,00874	0,01022	0,00926	0,00715	0,00553	0,00552	0,00606	0,00726	0,00779	0,00747	0,00939	0,01432	0,01671	0,01483	0,01089	0,00782	0,00543	0,00486	0,00475	0,00487	0,00474	0,00494	0,00513	0,00490	0,00507	0,00518	0,00504	0,00499	0,00484	0,00501	0,00472	0,00463	0,00481	0,00519	0,00509	0,00457	0,00497	0,00513	0,00503	0,00480	0,00456	0,00443	0,00471	0,00558	0,00610	0,00577	0,00529	0,00636
0,00785	0,00753	0,00832	0,01105	0,01273	0,01164	0,00896	0,00698	0,00638	0,00701	0,00838	0,00855	0,00746	0,00814	0,01135	0,01343	0,01274	0,01072	0,00834	0,00642	0,00526	0,00518	0,00509	0,00490	0,00464	0,00475	0,00501	0,00533	0,00512	0,00501	0,00470	0,00466	0,00474	0,00444	0,00471	0,00539	0,00583	0,00579	0,00509	0,00512	0,00518	0,00528	0,00479	0,00486	0,00442	0,00470	0,00540	0,00655	0,00602	0,00548	0,00615
0,00749	0,00766	0,00892	0,01306	0,01478	0,01369	0,01112	0,00882	0,00809	0,00920	0,01167	0,01146	0,00851	0,00752	0,00829	0,00962	0,01072	0,01040	0,00861	0,00713	0,00635	0,00552	0,00525	0,00479	0,00461	0,00482	0,00553	0,00567	0,00557	0,00519	0,00466	0,00426	0,00454	0,00488	0,00488	0,00548	0,00636	0,00628	0,00607	0,00611	0,00580	0,00529	0,00504	0,00523	0,00488	0,00457	0,00535	0,00647	0,00695	0,00561	0,00561
0,00758	0,00742	0,00931	0,01248	0,01535	0,01479	0,01274	0,01131	0,01096	0,01320	0,01659	0,01608	0,01241	0,00874	0,00739	0,00761	0,00907	0,00983	0,00900	0,00738	0,00650	0,00587	0,00544	0,00506	0,00503	0,00520	0,00571	0,00632	0,00604	0,00559	0,00452	0,00466	0,00499	0,00518	0,00556	0,00536	0,00579	0,00631	0,00660	0,00664	0,00621	0,00552	0,00465	0,00497	0,00516	0,00449	0,00464	0,00612	0,00733	0,00655	0,00539
0,00797	0,00794	0,00900	0,01157	0,01412	0,01423	0,01331	0,01326	0,01387	0,01819	0,02243	0,02112	0,01718	0,01225	0,00889	0,00752	0,00896	0,00952	0,00832	0,00706	0,00617	0,00624	0,00610	0,00517	0,00516	0,00520	0,00624	0,00664	0,00668	0,00591	0,00496	0,00489	0,00508	0,00570	0,00579	0,00554	0,00540	0,00551	0,00558	0,00649	0,00669	0,00599	0,00486	0,00459	0,00534	0,00527	0,00510	0,00550	0,00689	0,00732	0,00594
0,00882	0,00853	0,00832	0,00980	0,01142	0,01225	0,01272	0,01450	0,01656	0,02217	0,02629	0,02566	0,02282	0,01730	0,01249	0,00954	0,01035	0,01063	0,00827	0,00665	0,00618	0,00705	0,00725	0,00653	0,00568	0,00561	0,00619	0,00684	0,00668	0,00640	0,00565	0,00536	0,00525	0,00606	0,00638	0,00588	0,00541	0,00490	0,00508	0,00572	0,00636	0,00629	0,00494	0,00449	0,00503	0,00569	0,00587	0,00535	0,00633	0,00735	0,00706
0,00984	0,00927	0,00850	0,00849	0,00915	0,00970	0,01164	0,01489	0,01809	0,02373	0,02768	0,02821	0,02739	0,02203	0,01656	0,01359	0,01489	0,01404	0,01057	0,00631	0,00665	0,00864	0,00939	0,00835	0,00728	0,00658	0,00667	0,00680	0,00737	0,00736	0,00685	0,00642	0,00593	0,00607	0,00602	0,00591	0,00585	0,00515	0,00481	0,00481	0,00535	0,00624	0,00564	0,00463	0,00455	0,00577	0,00619	0,00584	0,00595	0,00716	0,00755
0,01046	0,01003	0,00922	0,00842	0,00780	0,00832	0,01150	0,01574	0,01974	0,02335	0,02634	0,02895	0,02943	0,02492	0,02046	0,01975	0,02344	0,02112	0,01386	0,00693	0,00729	0,01095	0,01290	0,01150	0,00974	0,00839	0,00765	0,00782	0,00787	0,00844	0,00855	0,00809	0,00714	0,00620	0,00585	0,00569	0,00586	0,00600	0,00530	0,00479	0,00492	0,00577	0,00592	0,00514	0,00459	0,00519	0,00609	0,00609	0,00586	0,00616	0,00759
0,01039	0,01060	0,01033	0,01033	0,00969	0,00967	0,01332	0,01839	0,02215	0,02408	0,02506	0,02776	0,02893	0,02550	0,02384	0,02914	0,03428	0,02986	0,01801	0,00932	0,01023	0,01407	0,01625	0,01545	0,01376	0,01166	0,01037	0,00891	0,00905	0,00949	0,01031	0,01005	0,00909	0,00718	0,00600	0,00536	0,00578	0,00602	0,00593	0,00539	0,00513	0,00565	0,00592	0,00524	0,00486	0,00482	0,00540	0,00606	0,00556	0,00561	0,00675
0,01015	0,01127	0,01196	0,01355	0,01387	0,01409	0,01841	0,02535	0,02890	0,02740	0,02617	0,02773	0,02849	0,02509	0,02743	0,03774	0,04552	0,03744	0,02400	0,01415	0,01534	0,01868	0,02092	0,02015	0,01797	0,01542	0,01330	0,01060	0,00964	0,01023	0,01092	0,01158	0,01107	0,00898	0,00737	0,00542	0,00544	0,00590	0,00616	0,00597	0,00600	0,00607	0,00613	0,00591	0,00563	0,00522	0,00524	0,00532	0,00519	0,00520	0,00583
0,01048	0,01181	0,01388	0,01700	0,01942	0,02154	0,02708	0,03576	0,03881	0,03577	0,03236	0,03219	0,03081	0,02601	0,03162	0,04650	0,05558	0,04650	0,03062	0,02365	0,02572	0,02646	0,02692	0,02482	0,02245	0,01831	0,01551	0,01208	0,01063	0,01045	0,01095	0,01183	0,01203	0,01092	0,00901	0,00652	0,00549	0,00534	0,00566	0,00590	0,00647	0,00691	0,00675	0,00659	0,00646	0,00653	0,00598	0,00547	0,00493	0,00488	0,00549
0,01144	0,01215	0,01424	0,02027	0,02594	0,03022	0,03739	0,04500	0,05142	0,04837	0,04434	0,04173	0,03711	0,02942	0,03632	0,05475	0,06210	0,05374	0,04240	0,03854	0,04012	0,03848	0,03569	0,03028	0,02579	0,02110	0,01784	0,01416	0,01153	0,01052	0,01022	0,01097	0,01187	0,01191	0,01078	0,00806	0,00620	0,00539	0,00518	0,00524	0,00601	0,00696	0,00783	0,00736	0,00710	0,00717	0,00753	0,00657	0,00534	0,00478	0,00503
0,01250	0,01305	0,01457	0,02160	0,03107	0,03710	0,04472	0,05580	0,06352	0,06021	0,05903	0,05580	0,04829	0,03776	0,04360	0,06137	0,06845	0,06020	0,05367	0,05513	0,05726	0,05334	0,04596	0,03748	0,03102	0,02348	0,01999	0,01608	0,01394	0,01103	0,00915	0,00907	0,01036	0,01142	0,01150	0,00948	0,00695	0,00552	0,00511	0,00534	0,00546	0,00699	0,00788	0,00794	0,00743	0,00799	0,00914	0,00841	0,00653	0,00541	0,00489
0,01439	0,01466	0,01402	0,02021	0,03365	0,04365	0,05114	0,06239	0,07035	0,07140	0,07348	0,07158	0,06151	0,04842	0,05857	0,07080	0,07413	0,06625	0,06443	0,07239	0,07508	0,06944	0,06089	0,04751	0,03663	0,02776	0,02246	0,01901	0,01642	0,01338	0,01022	0,00796	0,00824	0,01004	0,01169	0,01060	0,00795	0,00576	0,00546	0,00526	0,00541	0,00632	0,00758	0,00803	0,00759	0,00779	0,00947	0,00995	0,00878	0,00619	0,00527
0,01606	0,01668	0,01466	0,01969	0,03426	0,04754	0,05471	0,06394	0,07094	0,07630	0,08306	0,08516	0,07227	0,06209	0,07472	0,08723	0,08332	0,07098	0,07426	0,08761	0,09583	0,08903	0,07680	0,05821	0,04141	0,03059	0,02412	0,02102	0,01887	0,01554	0,01192	0,00903	0,00724	0,00855	0,01078	0,01115	0,00890	0,00571	0,00530	0,00572	0,00535	0,00573	0,00722	0,00786	0,00722	0,00682	0,00874	0,01058	0,00968	0,00723	0,00604
0,01714	0,01976	0,01651	0,02044	0,03504	0,05109	0,05748	0,06266	0,06748	0,07439	0,08838	0,09184	0,08030	0,07469	0,09158	0,10617	0,09794	0,07878	0,08106	0,10542	0,12111	0,11569	0,09983	0,06870	0,04923	0,03127	0,02424	0,02119	0,01966	0,01831	0,01614	0,01198	0,00812	0,00736	0,00978	0,01107	0,00936	0,00609	0,00535	0,00599	0,00606	0,00579	0,00646	0,00737	0,00663	0,00605	0,00705	0,00965	0,00985	0,00808	0,00637
0,01721	0,02207	0,01980	0,02095	0,03473	0,05200	0,05882	0,06149	0,06287	0,06905	0,08644	0,09472	0,08374	0,08324	0,10744	0,12576	0,10862	0,08441	0,09467	0,12882	0,15653	0,15440	0,12764	0,08643	0,05414	0,03247	0,02310	0,02060	0,02073	0,02152	0,02146	0,01767	0,01112	0,00806	0,00875	0,01077	0,01034	0,00670	0,00584	0,00665	0,00739	0,00615	0,00644	0,00710	0,00626	0,00509	0,00595	0,00812	0,00872	0,00812	0,00729
0,01698	0,02364	0,02383	0,02340	0,03301	0,04854	0,06069	0,06180	0,05765	0,06263	0,08288	0,09315	0,08131	0,08532	0,12400	0,14538	0,12617	0,09548	0,11346	0,17478	0,21497	0,21229	0,17754	0,10772	0,05682	0,03132	0,02459	0,02432	0,02682	0,02823	0,02993	0,02536	0,01748	0,00999	0,00826	0,01000	0,01009	0,00762	0,00658	0,00772	0,00903	0,00803	0,00695	0,00666	0,00602	0,00486	0,00486	0,00622	0,00743	0,00758	0,00729
0,01568	0,02370	0,02708	0,02761	0,03421	0,04636	0,06002	0,06353	0,05475	0,05597	0,07635	0,09059	0,08152	0,08368	0,12595	0,16097	0,14143	0,11258	0,14145	0,22455	0,29554	0,28908	0,22974	0,13176	0,06419	0,03385	0,03645	0,04066	0,04701	0,04690	0,04323	0,03550	0,02576	0,01401	0,00910	0,00961	0,00981	0,00827	0,00730	0,00862	0,01050	0,00958	0,00773	0,00650	0,00587	0,00495	0,00447	0,00528	0,00613	0,00678	0,00722
0,01338	0,02234	0,02895	0,03172	0,03476	0,04409	0,05725	0,06581	0,05615	0,05215	0,07261	0,09068	0,08065	0,08369	0,13009	0,16933	0,16071	0,13314	0,17233	0,28986	0,37685	0,36928	0,28410	0,15318	0,07108	0,04703	0,06469	0,08187	0,08666	0,07671	0,06445	0,04894	0,03146	0,01786	0,01059	0,00933	0,01006	0,00857	0,00751	0,00897	0,01172	0,01103	0,00885	0,00678	0,00535	0,00476	0,00459	0,00474	0,00536	0,00632	0,00687
0,01264	0,01990	0,02861	0,03568	0,03672	0,04089	0,05512	0,06670	0,05878	0,04889	0,06681	0,09101	0,08201	0,07958	0,12180	0,17333	0,17545	0,16051	0,21248	0,34506	0,42911	0,42058	0,29871	0,14534	0,06852	0,07106	0,11372	0,14419	0,14759	0,11750	0,08660	0,05952	0,03831	0,02142	0,01260	0,00965	0,00978	0,00895	0,00794	0,00898	0,01127	0,01131	0,00876	0,00665	0,00536	0,00482	0,00440	0,00454	0,00479	0,00580	0,00653
0,01287	0,01673	0,02767	0,03667	0,03909	0,03859	0,04974	0,06468	0,06128	0,04751	0,06184	0,09244	0,08753	0,07772	0,11331	0,17014	0,18868	0,18038	0,22549	0,34576	0,42615	0,40727	0,28544	0,14592	0,07250	0,10713	0,17766	0,22154	0,22127	0,17151	0,10961	0,06892	0,04079	0,02297	0,01319	0,01005	0,00986	0,00897	0,00768	0,00797	0,00975	0,00969	0,00861	0,00626	0,00513	0,00484	0,00456	0,00450	0,00464	0,00516	0,00560
0,01452	0,01636	0,02341	0,03433	0,03947	0,03739	0,04497	0,06112	0,06367	0,04960	0,05850	0,08821	0,09465	0,08010	0,10058	0,16183	0,19576	0,19688	0,22282	0,29606	0,36785	0,35171	0,23898	0,10893	0,07449	0,14389	0,24880	0,29715	0,28467	0,21629	0,13168	0,07186	0,04238	0,02333	0,01453	0,01026	0,00946	0,00873	0,00741	0,00714	0,00788	0,00794	0,00732	0,00602	0,00528	0,00493	0,00456	0,00466	0,00468	0,00496	0,00497
0,01657	0,01640	0,02093	0,03180	0,03739	0,03681	0,04098	0,05743	0,06404	0,05344	0,05259	0,08283	0,09757	0,08322	0,09666	0,14946	0,19499	0,20159	0,20381	0,23961	0,26377	0,25035	0,15598	0,07592	0,08219	0,16556	0,28378	0,34911	0,32397	0,22735	0,13623	0,07279	0,03928	0,02249	0,01394	0,01104	0,00958	0,00869	0,00715	0,00676	0,00666	0,00660	0,00610	0,00525	0,00488	0,00483	0,00476	0,00462	0,00458	0,00470	0,00449
0,01870	0,01782	0,02082	0,02783	0,03391	0,03459	0,03704	0,05238	0,06487	0,05744	0,05216	0,07339	0,09361	0,08677	0,08630	0,12390	0,17015	0,19138	0,18095	0,17682	0,16347	0,14537	0,09048	0,05113	0,08367	0,18760	0,30223	0,35645	0,31650	0,21854	0,13098	0,06484	0,03237	0,01949	0,01429	0,01188	0,01047	0,00905	0,00832	0,00700	0,00621	0,00585	0,00528	0,00515	0,00501	0,00495	0,00489	0,00463	0,00470	0,00486	0,00474
0,01929	0,01953	0,02137	0,02618	0,03027	0,03146	0,03300	0,04924	0,06416	0,06092	0,05392	0,06378	0,08193	0,08480	0,08248	0,10380	0,14006	0,16374	0,15095	0,12340	0,09394	0,06683	0,03768	0,04077	0,09502	0,18733	0,28443	0,32292	0,28350	0,19153	0,10932	0,05735	0,03048	0,01987	0,01599	0,01355	0,01193	0,01050	0,00892	0,00796	0,00662	0,00590	0,00539	0,00497	0,00483	0,00486	0,00501	0,00469	0,00472	0,00471	0,00496
0,01820	0,02022	0,02228	0,02583	0,02911	0,02802	0,02817	0,04324	0,06154	0,06641	0,05815	0,05895	0,07363	0,08003	0,07547	0,08290	0,10514	0,12227	0,12125	0,09858	0,06017	0,03017	0,02324	0,04494	0,10089	0,18972	0,24288	0,27201	0,23093	0,16520	0,09769	0,05260	0,02964	0,02173	0,01846	0,01581	0,01356	0,01172	0,01031	0,00889	0,00750	0,00616	0,00551	0,00519	0,00482	0,00498	0,00501	0,00485	0,00512	0,00549	0,00566
0,01654	0,01938	0,02117	0,02597	0,02966	0,02871	0,02444	0,03390	0,05339	0,06738	0,06230	0,05855	0,06700	0,07390	0,07070	0,06891	0,07607	0,08681	0,08804	0,07474	0,04966	0,03114	0,03390	0,06269	0,11091	0,16399	0,19990	0,21183	0,18400	0,12997	0,08314	0,04938	0,03213	0,02338	0,01964	0,01610	0,01387	0,01235	0,01086	0,00967	0,00847	0,00691	0,00612	0,00550	0,00511	0,00522	0,00540	0,00536	0,00571	0,00629	0,00655
0,01566	0,01775	0,01980	0,02388	0,03010	0,03076	0,02509	0,02673	0,04637	0,06432	0,06408	0,05688	0,06312	0,07230	0,07251	0,06479	0,06103	0,06180	0,06268	0,06077	0,05413	0,04820	0,05391	0,07462	0,10898	0,14411	0,15446	0,15566	0,12915	0,09291	0,06406	0,04065	0,02918	0,02202	0,01819	0,01525	0,01298	0,01152	0,01067	0,00988	0,00918	0,00825	0,00742	0,00634	0,00602	0,00563	0,00593	0,00619	0,00680	0,00754	0,00759
0,01514	0,01708	0,01774	0,02135	0,02758	0,03377	0,02911	0,02390	0,03359	0,05593	0,06233	0,05605	0,05715	0,06844	0,07606	0,07209	0,06210	0,05466	0,05359	0,05865	0,06348	0,06700	0,07644	0,08799	0,10520	0,11864	0,11976	0,11183	0,09165	0,06657	0,04646	0,03181	0,02260	0,01753	0,01432	0,01312	0,01125	0,01021	0,00934	0,00913	0,00943	0,00937	0,00848	0,00760	0,00682	0,00666	0,00671	0,00687	0,00732	0,00804	0,00801
0,01445	0,01766	0,01753	0,01736	0,02314	0,03258	0,03470	0,02739	0,02724	0,04473	0,05731	0,05478	0,05136	0,06118	0,07423	0,07866	0,07422	0,06284	0,05988	0,06520	0,07113	0,07847	0,08880	0,09522	0,10060	0,10271	0,09790	0,08707	0,07255	0,05394	0,03722	0,02548	0,01870	0,01512	0,01272	0,01166	0,01028	0,00905	0,00861	0,00888	0,00936	0,00970	0,00923	0,00860	0,00778	0,00673	0,00666	0,00705	0,00742	0,00813	0,00805
0,01215	0,01715	0,01921	0,01714	0,01858	0,02800	0,03476	0,03277	0,02913	0,03745	0,05004	0,05518	0,04987	0,05243	0,06651	0,08049	0,08264	0,07531	0,07076	0,07251	0,07614	0,08594	0,09061	0,09293	0,09203	0,08771	0,08085	0,07324	0,06182	0,04823	0,03612	0,02564	0,01896	0,01550	0,01340	0,01214	0,01104	0,01010	0,00902	0,00868	0,00898	0,00910	0,00921	0,00881	0,00758	0,00690	0,00640	0,00665	0,00702	0,00775	0,00768
0,01002	0,01561	0,02037	0,01983	0,01722	0,02116	0,02923	0,03515	0,03351	0,03465	0,04518	0,05352	0,05335	0,05171	0,05893	0,07317	0,08253	0,08161	0,07878	0,07849	0,07925	0,08384	0,08624	0,08544	0,08077	0,07386	0,06488	0,05962	0,05222	0,04428	0,03496	0,02637	0,02039	0,01692	0,01468	0,01400	0,01323	0,01196	0,01078	0,00936	0,00870	0,00841	0,00819	0,00767	0,00677	0,00618	0,00613	0,00598	0,00620	0,00658	0,00693
0,00862	0,01191	0,01883	0,02251	0,02027	0,01888	0,02376	0,03065	0,03492	0,03622	0,04084	0,04981	0,05470	0,05595	0,05748	0,06684	0,07451	0,07940	0,07764	0,07799	0,07520	0,07599	0,07642	0,07321	0,06741	0,06040	0,05147	0,04641	0,04147	0,03555	0,02874	0,02244	0,01837	0,01541	0,01427	0,01424	0,01443	0,01421	0,01276	0,01035	0,00884	0,00754	0,00711	0,00694	0,00619	0,00628	0,00615	0,00592	0,00565	0,00565	0,00602
0,00848	0,00909	0,01459	0,02078	0,02281	0,02063	0,02069	0,02554	0,03195	0,03593	0,03854	0,04370	0,05039	0,05565	0,05923	0,06364	0,06878	0,07135	0,07127	0,06824	0,06483	0,06332	0,06127	0,05863	0,05432	0,04793	0,04110	0,03661	0,03167	0,02703	0,02281	0,01824	0,01504	0,01325	0,01300	0,01396	0,01483	0,01545	0,01457	0,01262	0,01024	0,00798	0,00736	0,00680	0,00669	0,00643	0,00658	0,00594	0,00539	0,00512	0,00508
0,00909	0,00811	0,01044	0,01690	0,02179	0,02259	0,02117	0,02241	0,02672	0,03231	0,03596	0,03813	0,04237	0,04908	0,05552	0,05918	0,06096	0,06253	0,06051	0,05814	0,05366	0,05036	0,04670	0,04356	0,04112	0,03691	0,03288	0,03031	0,02708	0,02337	0,02014	0,01678	0,01409	0,01237	0,01242	0,01370	0,01581	0,01695	0,01646	0,01421	0,01209	0,00949	0,00807	0,00716	0,00679	0,00688	0,00696	0,00634	0,00552	0,00476	0,00463
0,00925	0,00847	0,00856	0,01265	0,01821	0,02153	0,02169	0,02122	0,02347	0,02845	0,03334	0,03483	0,03519	0,03858	0,04520	0,04986	0,05128	0,05209	0,04927	0,04731	0,04344	0,03956	0,03545	0,03381	0,03163	0,03017	0,02815	0,02646	0,02476	0,02282	0,02043	0,01784	0,01506	0,01376	0,01367	0,01502	0,01697	0,01819	0,01802	0,01649	0,01413	0,01129	0,00963	0,00801	0,00730	0,00738	0,00725	0,00680	0,00590	0,00535	0,00466
0,00792	0,00816	0,00850	0,01067	0,01432	0,01914	0,02008	0,01965	0,02075	0,02435	0,02841	0,03239	0,03278	0,03283	0,03499	0,03811	0,03974	0,03928	0,03771	0,03615	0,03341	0,03086	0,02861	0,02742	0,02710	0,02677	0,02639	0,02544	0,02458	0,02288	0,02150	0,01950	0,01705	0,01562	0,01520	0,01614	0,01770	0,01859	0,01892	0,01785	0,01618	0,01334	0,01084	0,00890	0,00769	0,00728	0,00722	0,00718	0,00634	0,00557	0,00512
0,00669	0,00707	0,00757	0,00868	0,01230	0,01681	0,01864	0,01843	0,01813	0,01915	0,02310	0,02800	0,03078	0,03094	0,03097	0,03100	0,03081	0,02951	0,02837	0,02606	0,02463	0,02307	0,02299	0,02283	0,02408	0,02488	0,02531	0,02500	0,02466	0,02351	0,02238	0,02129	0,01898	0,01744	0,01635	0,01624	0,01702	0,01792	0,01844	0,01835	0,01712	0,01431	0,01165	0,00938	0,00772	0,00706	0,00699	0,00690	0,00666	0,00601	0,00531
0,00584	0,00618	0,00633	0,00731	0,00966	0,01393	0,01711	0,01783	0,01661	0,01583	0,01758	0,02090	0,02477	0,02727	0,02831	0,02834	0,02743	0,02577	0,02305	0,02123	0,01892	0,01739	0,01790	0,01879	0,02013	0,02135	0,02220	0,02273	0,02285	0,02333	0,02305	0,02250	0,02065	0,01891	0,01661	0,01534	0,01530	0,01605	0,01678	0,01733	0,01625	0,01414	0,01194	0,00924	0,00755	0,00655	0,00605	0,00607	0,00603	0,00556	0,00532
