12,50000	13,00000	13,50000	14,00000	14,50000	15,00000	15,50000	16,00000	16,50000	17,00000	17,50000	18,00000	18,50000	19,00000	19,50000	20,00000	20,50000	21,00000	21,50000	22,00000	22,50000	23,00000	23,50000	24,00000	24,50000	25,00000	25,50000	26,00000	26,50000	27,00000	27,50000	28,00000	28,50000	29,00000	29,50000	30,00000	30,50000	31,00000	31,50000	32,00000	32,50000	33,00000	33,50000	34,00000	34,50000	35,00000	35,50000	36,00000	36,50000	37,00000	37,50000
12,50000	13,00000	13,50000	14,00000	14,50000	15,00000	15,50000	16,00000	16,50000	17,00000	17,50000	18,00000	18,50000	19,00000	19,50000	20,00000	20,50000	21,00000	21,50000	22,00000	22,50000	23,00000	23,50000	24,00000	24,50000	25,00000	25,50000	26,00000	26,50000	27,00000	27,50000	28,00000	28,50000	29,00000	29,50000	30,00000	30,50000	31,00000	31,50000	32,00000	32,50000	33,00000	33,50000	34,00000	34,50000	35,00000	35,50000	36,00000	36,50000	37,00000	37,50000
0,00606	0,00606	0,00558	0,00508	0,00571	0,00543	0,00476	0,00529	0,00664	0,00809	0,00884	0,00791	0,00702	0,00589	0,00554	0,00575	0,00698	0,00842	0,00816	0,00638	0,00512	0,00623	0,00758	0,00666	0,00502	0,00607	0,00817	0,00994	0,01005	0,00754	0,00604	0,00586	0,00641	0,00694	0,00703	0,00660	0,00598	0,00559	0,00543	0,00539	0,00546	0,00525	0,00557	0,00534	0,00512	0,00505	0,00520	0,00493	0,00482	0,00483	0,00491
0,00630	0,00602	0,00548	0,00587	0,00636	0,00633	0,00551	0,00548	0,00665	0,00830	0,00927	0,00851	0,00763	0,00690	0,00588	0,00512	0,00550	0,00561	0,00511	0,00498	0,00774	0,00987	0,00896	0,00536	0,00471	0,00698	0,00960	0,01014	0,00830	0,00621	0,00612	0,00786	0,00964	0,00903	0,00769	0,00633	0,00525	0,00477	0,00451	0,00466	0,00490	0,00481	0,00552	0,00558	0,00517	0,00489	0,00494	0,00486	0,00470	0,00460	0,00488
0,00614	0,00592	0,00559	0,00610	0,00762	0,00753	0,00689	0,00554	0,00566	0,00753	0,00839	0,00833	0,00806	0,00740	0,00604	0,00487	0,00519	0,00533	0,00466	0,00620	0,01022	0,01251	0,00940	0,00532	0,00516	0,00720	0,00827	0,00803	0,00671	0,00532	0,00620	0,00909	0,01049	0,00879	0,00655	0,00532	0,00535	0,00515	0,00500	0,00512	0,00529	0,00529	0,00527	0,00532	0,00513	0,00483	0,00486	0,00466	0,00474	0,00462	0,00481
0,00556	0,00569	0,00612	0,00690	0,00845	0,00899	0,00766	0,00561	0,00473	0,00609	0,00699	0,00772	0,00856	0,00718	0,00591	0,00659	0,00847	0,00753	0,00489	0,00695	0,01089	0,01096	0,00755	0,00518	0,00607	0,00694	0,00661	0,00600	0,00577	0,00542	0,00610	0,00737	0,00856	0,00760	0,00567	0,00516	0,00595	0,00578	0,00534	0,00524	0,00575	0,00584	0,00551	0,00521	0,00529	0,00480	0,00465	0,00478	0,00473	0,00468	0,00490
0,00548	0,00540	0,00643	0,00758	0,00933	0,01035	0,00940	0,00654	0,00509	0,00500	0,00559	0,00675	0,00721	0,00639	0,00760	0,01103	0,01213	0,00763	0,00445	0,00565	0,00786	0,00745	0,00630	0,00629	0,00716	0,00687	0,00554	0,00515	0,00572	0,00621	0,00566	0,00594	0,00649	0,00641	0,00595	0,00605	0,00645	0,00556	0,00469	0,00514	0,00580	0,00636	0,00620	0,00557	0,00489	0,00483	0,00474	0,00507	0,00461	0,00483	0,00520
0,00514	0,00595	0,00660	0,00822	0,00967	0,01124	0,01076	0,00803	0,00605	0,00535	0,00512	0,00570	0,00565	0,00586	0,00954	0,01344	0,01157	0,00708	0,00457	0,00508	0,00546	0,00491	0,00523	0,00685	0,00832	0,00748	0,00523	0,00480	0,00643	0,00752	0,00661	0,00492	0,00512	0,00567	0,00605	0,00612	0,00647	0,00591	0,00511	0,00524	0,00596	0,00628	0,00602	0,00561	0,00503	0,00495	0,00487	0,00503	0,00492	0,00463	0,00509
0,00605	0,00655	0,00723	0,00791	0,00949	0,01147	0,01057	0,00888	0,00762	0,00701	0,00682	0,00642	0,00479	0,00582	0,00961	0,01154	0,00876	0,00625	0,00564	0,00576	0,00539	0,00434	0,00536	0,00799	0,00993	0,00851	0,00572	0,00549	0,00780	0,00906	0,00727	0,00512	0,00425	0,00510	0,00562	0,00572	0,00590	0,00584	0,00559	0,00610	0,00712	0,00611	0,00533	0,00507	0,00537	0,00533	0,00534	0,00511	0,00456	0,00457	0,00491
0,00752	0,00770	0,00771	0,00710	0,00849	0,01022	0,00981	0,00893	0,00875	0,00998	0,01070	0,00895	0,00504	0,00517	0,00774	0,00741	0,00579	0,00574	0,00714	0,00871	0,00759	0,00553	0,00500	0,00801	0,01041	0,00840	0,00510	0,00549	0,00738	0,00819	0,00727	0,00543	0,00459	0,00492	0,00537	0,00550	0,00514	0,00527	0,00556	0,00676	0,00819	0,00762	0,00542	0,00479	0,00531	0,00568	0,00527	0,00508	0,00492	0,00457	0,00467
0,00935	0,00840	0,00744	0,00629	0,00781	0,00907	0,00798	0,00782	0,00898	0,01254	0,01537	0,01050	0,00527	0,00493	0,00580	0,00573	0,00493	0,00517	0,00781	0,01057	0,00945	0,00524	0,00454	0,00755	0,00808	0,00545	0,00467	0,00527	0,00594	0,00596	0,00568	0,00506	0,00504	0,00508	0,00520	0,00500	0,00472	0,00497	0,00523	0,00629	0,00826	0,00856	0,00666	0,00469	0,00506	0,00548	0,00551	0,00492	0,00481	0,00458	0,00469
0,01087	0,00955	0,00733	0,00601	0,00718	0,00782	0,00717	0,00637	0,00835	0,01402	0,01649	0,01063	0,00636	0,00611	0,00747	0,00733	0,00569	0,00486	0,00749	0,00989	0,00833	0,00526	0,00540	0,00635	0,00543	0,00530	0,00611	0,00678	0,00640	0,00604	0,00590	0,00553	0,00534	0,00463	0,00497	0,00483	0,00476	0,00438	0,00464	0,00494	0,00630	0,00824	0,00705	0,00513	0,00511	0,00591	0,00610	0,00567	0,00510	0,00468	0,00437
0,01219	0,01012	0,00734	0,00613	0,00741	0,00824	0,00766	0,00536	0,00687	0,01309	0,01358	0,00962	0,00870	0,00968	0,01203	0,01090	0,00697	0,00466	0,00589	0,00753	0,00630	0,00621	0,00687	0,00617	0,00538	0,00641	0,00667	0,00648	0,00690	0,00735	0,00744	0,00649	0,00593	0,00548	0,00504	0,00493	0,00478	0,00489	0,00516	0,00529	0,00511	0,00660	0,00696	0,00532	0,00480	0,00624	0,00731	0,00677	0,00597	0,00579	0,00520
0,01298	0,01088	0,00755	0,00605	0,00802	0,00981	0,00901	0,00559	0,00617	0,00913	0,00859	0,00850	0,01032	0,01354	0,01664	0,01448	0,01044	0,00670	0,00567	0,00542	0,00569	0,00775	0,00754	0,00629	0,00622	0,00585	0,00551	0,00577	0,00670	0,00719	0,00681	0,00593	0,00564	0,00585	0,00583	0,00514	0,00532	0,00580	0,00686	0,00652	0,00529	0,00547	0,00635	0,00554	0,00444	0,00552	0,00699	0,00680	0,00627	0,00626	0,00670
0,01348	0,01139	0,00790	0,00638	0,00886	0,01156	0,01088	0,00709	0,00579	0,00590	0,00565	0,00709	0,00948	0,01409	0,01793	0,01621	0,01260	0,01034	0,00809	0,00593	0,00611	0,00713	0,00643	0,00613	0,00550	0,00452	0,00510	0,00589	0,00574	0,00528	0,00463	0,00456	0,00473	0,00557	0,00567	0,00495	0,00501	0,00575	0,00717	0,00796	0,00687	0,00518	0,00583	0,00618	0,00527	0,00519	0,00671	0,00703	0,00582	0,00514	0,00670
0,01371	0,01086	0,00735	0,00683	0,00944	0,01264	0,01235	0,00825	0,00644	0,00587	0,00524	0,00611	0,00768	0,01246	0,01578	0,01455	0,01331	0,01274	0,01130	0,00857	0,00653	0,00531	0,00509	0,00510	0,00470	0,00525	0,00632	0,00594	0,00485	0,00464	0,00528	0,00485	0,00470	0,00487	0,00513	0,00479	0,00492	0,00558	0,00658	0,00766	0,00742	0,00578	0,00552	0,00618	0,00589	0,00550	0,00644	0,00750	0,00620	0,00457	0,00569
0,01285	0,01028	0,00696	0,00743	0,01056	0,01372	0,01297	0,00887	0,00783	0,00781	0,00843	0,00839	0,00720	0,00982	0,01223	0,01162	0,01051	0,01299	0,01381	0,01076	0,00672	0,00477	0,00480	0,00470	0,00561	0,00705	0,00745	0,00604	0,00497	0,00495	0,00616	0,00637	0,00527	0,00463	0,00468	0,00470	0,00543	0,00594	0,00560	0,00615	0,00659	0,00593	0,00551	0,00590	0,00670	0,00676	0,00648	0,00760	0,00831	0,00612	0,00447
0,01110	0,00906	0,00696	0,00853	0,01148	0,01353	0,01184	0,00967	0,00943	0,01124	0,01340	0,01362	0,00944	0,00906	0,01102	0,00912	0,00713	0,01113	0,01366	0,01176	0,00804	0,00598	0,00482	0,00493	0,00628	0,00726	0,00668	0,00537	0,00464	0,00488	0,00576	0,00556	0,00488	0,00437	0,00481	0,00457	0,00552	0,00660	0,00594	0,00544	0,00526	0,00537	0,00586	0,00586	0,00644	0,00750	0,00776	0,00751	0,00887	0,00828	0,00512
0,00934	0,00776	0,00734	0,00909	0,01101	0,01276	0,01149	0,00926	0,01088	0,01514	0,01898	0,01972	0,01397	0,01206	0,01337	0,00941	0,00586	0,00772	0,01049	0,01040	0,00782	0,00586	0,00482	0,00531	0,00542	0,00545	0,00555	0,00545	0,00507	0,00462	0,00455	0,00530	0,00490	0,00480	0,00513	0,00532	0,00537	0,00610	0,00629	0,00618	0,00591	0,00468	0,00512	0,00603	0,00670	0,00775	0,00860	0,00769	0,00790	0,00877	0,00643
0,00780	0,00792	0,00803	0,00971	0,01076	0,01133	0,00982	0,00870	0,01111	0,01627	0,02241	0,02426	0,01919	0,01767	0,02011	0,01623	0,01124	0,00765	0,00791	0,00784	0,00665	0,00546	0,00591	0,00589	0,00541	0,00550	0,00570	0,00615	0,00615	0,00507	0,00475	0,00518	0,00582	0,00553	0,00592	0,00570	0,00570	0,00611	0,00585	0,00594	0,00632	0,00503	0,00453	0,00593	0,00705	0,00744	0,00876	0,00843	0,00755	0,00782	0,00707
0,00786	0,00841	0,00958	0,00997	0,00993	0,01033	0,00841	0,00749	0,00946	0,01405	0,02250	0,02538	0,02250	0,02321	0,02732	0,02583	0,01865	0,01196	0,00927	0,00716	0,00549	0,00565	0,00765	0,00732	0,00606	0,00583	0,00599	0,00681	0,00718	0,00610	0,00502	0,00571	0,00622	0,00638	0,00653	0,00648	0,00625	0,00658	0,00628	0,00562	0,00576	0,00545	0,00463	0,00526	0,00695	0,00802	0,00822	0,00844	0,00747	0,00718	0,00642
0,00814	0,00975	0,01089	0,01066	0,00915	0,00930	0,00846	0,00797	0,00945	0,01229	0,02016	0,02415	0,02370	0,02531	0,03178	0,03240	0,02557	0,02006	0,01669	0,01020	0,00669	0,00725	0,00908	0,00798	0,00742	0,00659	0,00597	0,00674	0,00768	0,00713	0,00578	0,00562	0,00582	0,00645	0,00682	0,00704	0,00601	0,00614	0,00682	0,00576	0,00489	0,00494	0,00495	0,00456	0,00612	0,00823	0,00792	0,00784	0,00753	0,00724	0,00662
0,00860	0,01045	0,01227	0,01191	0,00916	0,00953	0,01022	0,01200	0,01279	0,01319	0,01830	0,02264	0,02363	0,02549	0,03181	0,03413	0,03126	0,02912	0,02578	0,01769	0,01078	0,00956	0,00970	0,00953	0,01052	0,00891	0,00654	0,00638	0,00747	0,00815	0,00757	0,00632	0,00509	0,00511	0,00590	0,00640	0,00539	0,00520	0,00640	0,00731	0,00619	0,00494	0,00496	0,00495	0,00550	0,00744	0,00815	0,00724	0,00734	0,00767	0,00742
0,00816	0,01023	0,01339	0,01389	0,01082	0,01049	0,01370	0,01916	0,02119	0,02104	0,02486	0,02640	0,02871	0,03086	0,03259	0,03417	0,03509	0,03709	0,03614	0,02716	0,02043	0,01355	0,01019	0,01291	0,01552	0,01227	0,00794	0,00700	0,00718	0,00892	0,01031	0,00974	0,00751	0,00506	0,00474	0,00567	0,00555	0,00453	0,00526	0,00758	0,00829	0,00677	0,00543	0,00572	0,00603	0,00632	0,00686	0,00689	0,00680	0,00753	0,00833
0,00823	0,00965	0,01303	0,01584	0,01399	0,01279	0,01739	0,02749	0,03394	0,03609	0,04087	0,03932	0,04390	0,04600	0,04183	0,03653	0,03949	0,04465	0,04636	0,04218	0,03432	0,01931	0,01306	0,01886	0,02108	0,01500	0,01075	0,00818	0,00769	0,00984	0,01256	0,01344	0,01218	0,00810	0,00570	0,00504	0,00539	0,00492	0,00476	0,00656	0,00851	0,00926	0,00776	0,00645	0,00782	0,00725	0,00587	0,00621	0,00660	0,00770	0,00847
0,00857	0,00924	0,01213	0,01654	0,01710	0,01619	0,02229	0,03715	0,04739	0,05743	0,06518	0,05989	0,06596	0,07224	0,06145	0,04745	0,04986	0,05368	0,05851	0,06066	0,05089	0,02843	0,02632	0,03106	0,02816	0,01792	0,01301	0,01028	0,00923	0,01009	0,01259	0,01464	0,01477	0,01150	0,00766	0,00596	0,00588	0,00571	0,00526	0,00483	0,00742	0,01068	0,01044	0,00809	0,01000	0,01006	0,00673	0,00530	0,00628	0,00792	0,00828
0,00941	0,00978	0,01114	0,01600	0,01991	0,02110	0,02832	0,04350	0,05619	0,07507	0,08977	0,08325	0,08491	0,10011	0,08779	0,06766	0,06860	0,06989	0,07634	0,08337	0,06929	0,05020	0,05642	0,05506	0,04053	0,02378	0,01671	0,01285	0,01120	0,01066	0,01144	0,01291	0,01443	0,01287	0,00952	0,00719	0,00698	0,00629	0,00532	0,00475	0,00576	0,00938	0,01180	0,00967	0,01077	0,01264	0,00958	0,00568	0,00584	0,00794	0,00825
0,00986	0,01095	0,01238	0,01510	0,02003	0,02646	0,03555	0,04930	0,06009	0,08380	0,11027	0,10132	0,09508	0,11924	0,11694	0,09738	0,09450	0,09664	0,10663	0,10986	0,08817	0,08156	0,10336	0,09095	0,06254	0,03684	0,02521	0,01946	0,01714	0,01489	0,01134	0,00996	0,01129	0,01181	0,00892	0,00737	0,00866	0,00783	0,00564	0,00459	0,00502	0,00733	0,01080	0,01043	0,01114	0,01355	0,01160	0,00760	0,00640	0,00875	0,00840
0,01061	0,01207	0,01359	0,01579	0,02047	0,03038	0,04626	0,05892	0,06583	0,08529	0,11832	0,11790	0,09733	0,12911	0,14155	0,12542	0,12131	0,13090	0,14883	0,14427	0,11051	0,12170	0,15365	0,13492	0,09855	0,06437	0,04306	0,03150	0,02692	0,02105	0,01354	0,00777	0,00803	0,01058	0,00824	0,00672	0,00961	0,01018	0,00684	0,00492	0,00513	0,00591	0,00833	0,00943	0,01140	0,01283	0,01124	0,00918	0,00795	0,00972	0,00939
0,01010	0,01217	0,01619	0,01857	0,02096	0,03418	0,05374	0,07020	0,07308	0,08429	0,12108	0,12612	0,09788	0,11888	0,15323	0,14925	0,14374	0,16480	0,19698	0,18131	0,13555	0,15914	0,19991	0,17499	0,11276	0,08070	0,05616	0,04114	0,03218	0,02495	0,01755	0,00775	0,00710	0,01016	0,00859	0,00598	0,00954	0,01235	0,00869	0,00536	0,00528	0,00574	0,00627	0,00847	0,01092	0,01058	0,00925	0,00872	0,00904	0,01124	0,01048
0,01046	0,01126	0,01734	0,02290	0,02333	0,03312	0,05609	0,08153	0,08389	0,08225	0,11079	0,12901	0,10186	0,11664	0,15165	0,16710	0,15853	0,17984	0,23953	0,22589	0,16767	0,19178	0,24376	0,19337	0,12440	0,08322	0,06335	0,04694	0,03574	0,02828	0,02110	0,01154	0,00897	0,01134	0,00982	0,00679	0,01003	0,01445	0,01125	0,00653	0,00514	0,00545	0,00590	0,00803	0,01054	0,00923	0,00692	0,00744	0,00951	0,01205	0,01139
0,01105	0,01082	0,01645	0,02619	0,02820	0,03036	0,05485	0,08613	0,09445	0,08776	0,09977	0,11986	0,10704	0,10951	0,14468	0,18031	0,17057	0,19896	0,27579	0,27528	0,21314	0,25233	0,29726	0,20889	0,11699	0,08899	0,09838	0,08406	0,05702	0,03968	0,02980	0,01840	0,01292	0,01302	0,01088	0,00791	0,01065	0,01554	0,01356	0,00761	0,00520	0,00522	0,00576	0,00818	0,00969	0,00785	0,00601	0,00605	0,00796	0,01057	0,01067
0,01178	0,01098	0,01428	0,02513	0,03373	0,03282	0,04890	0,08210	0,09982	0,09561	0,09328	0,10561	0,10889	0,11260	0,14473	0,18909	0,18952	0,20140	0,29687	0,31753	0,26441	0,30462	0,33751	0,21407	0,10756	0,13229	0,19885	0,18391	0,12236	0,06952	0,04248	0,02472	0,01654	0,01362	0,01098	0,00798	0,01005	0,01465	0,01376	0,00829	0,00560	0,00457	0,00580	0,00761	0,00831	0,00682	0,00530	0,00511	0,00603	0,00785	0,00854
0,01231	0,01165	0,01266	0,02383	0,03520	0,03843	0,04220	0,07003	0,09890	0,10172	0,09454	0,09493	0,10412	0,11197	0,13516	0,19524	0,20866	0,22007	0,30273	0,35231	0,31052	0,32390	0,31660	0,18067	0,09808	0,22130	0,36648	0,33808	0,21615	0,09560	0,04254	0,02524	0,01756	0,01281	0,00980	0,00738	0,00822	0,01159	0,01209	0,00890	0,00628	0,00475	0,00520	0,00663	0,00683	0,00625	0,00509	0,00477	0,00473	0,00498	0,00659
0,01192	0,01296	0,01258	0,01854	0,03369	0,04331	0,04191	0,06008	0,09031	0,09815	0,09428	0,09381	0,09892	0,10733	0,12811	0,19254	0,21528	0,22304	0,31109	0,36114	0,31974	0,28143	0,23283	0,09703	0,10225	0,28558	0,50073	0,47000	0,26185	0,10249	0,03707	0,02310	0,01800	0,01336	0,01001	0,00662	0,00639	0,00808	0,00924	0,00783	0,00564	0,00470	0,00483	0,00525	0,00557	0,00591	0,00561	0,00511	0,00437	0,00448	0,00515
0,01132	0,01342	0,01393	0,01659	0,02936	0,04363	0,04539	0,05177	0,07951	0,08906	0,08674	0,09665	0,10633	0,10162	0,11123	0,17132	0,20995	0,21440	0,28414	0,33897	0,27752	0,20348	0,10328	0,04230	0,14005	0,38880	0,56772	0,52734	0,32593	0,13239	0,05001	0,02949	0,02358	0,01716	0,01131	0,00780	0,00588	0,00600	0,00637	0,00545	0,00499	0,00472	0,00471	0,00465	0,00482	0,00540	0,00525	0,00489	0,00513	0,00520	0,00501
0,01050	0,01319	0,01502	0,01573	0,02282	0,04026	0,04642	0,04962	0,07218	0,08210	0,07450	0,09115	0,11556	0,11122	0,09570	0,14255	0,18969	0,18468	0,23220	0,28496	0,21010	0,11507	0,04045	0,04090	0,18928	0,41847	0,55673	0,48787	0,32193	0,15078	0,06902	0,03971	0,02925	0,02040	0,01325	0,00849	0,00643	0,00534	0,00538	0,00508	0,00457	0,00478	0,00483	0,00478	0,00459	0,00506	0,00473	0,00497	0,00568	0,00620	0,00542
0,01063	0,01262	0,01566	0,01665	0,02183	0,03550	0,04481	0,04813	0,06395	0,07875	0,06939	0,07615	0,11295	0,12919	0,10185	0,10730	0,15886	0,15574	0,15809	0,19230	0,14688	0,06304	0,02451	0,07470	0,22678	0,41084	0,48602	0,41123	0,25995	0,13958	0,06870	0,03949	0,02597	0,01811	0,01272	0,00945	0,00803	0,00691	0,00696	0,00621	0,00529	0,00472	0,00551	0,00521	0,00484	0,00467	0,00444	0,00460	0,00574	0,00666	0,00608
0,01133	0,01299	0,01538	0,01666	0,02091	0,03039	0,04146	0,04494	0,05956	0,07508	0,07291	0,06524	0,08705	0,12959	0,11963	0,09339	0,12272	0,13164	0,10744	0,10500	0,08150	0,04652	0,05082	0,12933	0,25948	0,36814	0,38386	0,30651	0,19797	0,09825	0,05087	0,02992	0,02021	0,01477	0,01109	0,01004	0,00952	0,00956	0,00923	0,00765	0,00590	0,00559	0,00586	0,00647	0,00567	0,00497	0,00461	0,00450	0,00492	0,00601	0,00567
0,01130	0,01372	0,01576	0,01617	0,01857	0,02867	0,03808	0,04288	0,05152	0,06493	0,07457	0,06959	0,06997	0,10764	0,11845	0,09033	0,09464	0,11762	0,10657	0,07082	0,05545	0,05259	0,08583	0,15157	0,24214	0,28797	0,27714	0,22679	0,14625	0,07987	0,04335	0,02590	0,01698	0,01253	0,01001	0,00989	0,01015	0,01041	0,01043	0,00877	0,00729	0,00609	0,00659	0,00736	0,00729	0,00649	0,00577	0,00471	0,00436	0,00488	0,00490
0,00995	0,01402	0,01751	0,01725	0,01794	0,02555	0,03525	0,04199	0,04884	0,05640	0,06653	0,07701	0,07263	0,08174	0,09951	0,09014	0,08117	0,10139	0,10395	0,08297	0,06901	0,07966	0,11047	0,15934	0,20927	0,22699	0,20016	0,16010	0,10564	0,06848	0,04047	0,02504	0,01752	0,01322	0,01029	0,00936	0,00951	0,01003	0,00996	0,00944	0,00825	0,00747	0,00754	0,00837	0,00862	0,00840	0,00704	0,00567	0,00438	0,00440	0,00496
0,00805	0,01194	0,01724	0,01887	0,01903	0,02222	0,02854	0,03913	0,04997	0,05610	0,06005	0,07517	0,07939	0,07770	0,08908	0,09277	0,08505	0,09125	0,10488	0,10405	0,09601	0,10717	0,13064	0,15775	0,18148	0,18489	0,15667	0,12417	0,08366	0,05994	0,03711	0,02420	0,01832	0,01393	0,01167	0,00959	0,00904	0,00903	0,00972	0,00948	0,00925	0,00799	0,00762	0,00799	0,00890	0,00907	0,00832	0,00667	0,00522	0,00512	0,00467
0,00703	0,00981	0,01526	0,01942	0,02177	0,02298	0,02486	0,03043	0,04406	0,05852	0,06017	0,06849	0,08169	0,07894	0,08453	0,09711	0,10106	0,10545	0,12157	0,12069	0,11744	0,12386	0,13660	0,14348	0,14574	0,14090	0,11915	0,09007	0,06710	0,04667	0,03218	0,02306	0,01790	0,01501	0,01323	0,01151	0,01026	0,00868	0,00840	0,00838	0,00813	0,00734	0,00691	0,00694	0,00762	0,00817	0,00832	0,00700	0,00613	0,00563	0,00523
0,00745	0,00743	0,01126	0,01629	0,02257	0,02683	0,02677	0,02752	0,03595	0,05257	0,05991	0,06622	0,08212	0,08204	0,07900	0,08923	0,10282	0,11878	0,13448	0,13900	0,12862	0,12203	0,12528	0,12285	0,11034	0,09926	0,08304	0,06378	0,04626	0,03375	0,02532	0,02151	0,01853	0,01736	0,01641	0,01564	0,01332	0,01029	0,00802	0,00709	0,00692	0,00686	0,00626	0,00603	0,00629	0,00670	0,00682	0,00669	0,00626	0,00598	0,00503
0,00810	0,00725	0,00831	0,01208	0,01779	0,02673	0,02931	0,02840	0,03175	0,04540	0,05305	0,05961	0,07871	0,08567	0,08010	0,07651	0,08576	0,10428	0,11849	0,12675	0,12048	0,10700	0,09931	0,09417	0,08207	0,06812	0,05421	0,04401	0,03454	0,02675	0,02225	0,02042	0,02011	0,01984	0,02048	0,02114	0,01884	0,01492	0,01019	0,00705	0,00670	0,00697	0,00665	0,00601	0,00549	0,00544	0,00579	0,00648	0,00637	0,00612	0,00536
0,00852	0,00803	0,00844	0,00913	0,01295	0,02076	0,02727	0,02969	0,03314	0,04281	0,04868	0,04943	0,06276	0,08072	0,08451	0,07630	0,07334	0,07955	0,08985	0,09380	0,09286	0,08479	0,07682	0,07011	0,06366	0,05375	0,04758	0,04149	0,03687	0,03163	0,02640	0,02277	0,02104	0,02168	0,02286	0,02475	0,02353	0,01896	0,01192	0,00810	0,00718	0,00720	0,00738	0,00715	0,00630	0,00564	0,00548	0,00581	0,00605	0,00577	0,00516
0,00834	0,00813	0,00873	0,00907	0,01045	0,01586	0,02123	0,02588	0,03158	0,04268	0,05008	0,04800	0,04686	0,06199	0,07389	0,07715	0,07220	0,07117	0,07136	0,06872	0,06444	0,06292	0,05908	0,05595	0,05243	0,04945	0,04614	0,04383	0,04201	0,03948	0,03320	0,02666	0,02221	0,02117	0,02268	0,02497	0,02425	0,01997	0,01420	0,00955	0,00852	0,00789	0,00843	0,00856	0,00760	0,00594	0,00537	0,00558	0,00543	0,00542	0,00496
0,00777	0,00776	0,00896	0,00916	0,00983	0,01321	0,01681	0,01906	0,02411	0,03592	0,04593	0,05029	0,04482	0,04607	0,05579	0,06616	0,06584	0,06501	0,06335	0,05765	0,04890	0,04467	0,04254	0,04283	0,04408	0,04481	0,04283	0,03933	0,03783	0,03626	0,03351	0,02813	0,02280	0,01994	0,01980	0,02147	0,02129	0,01774	0,01346	0,01029	0,00841	0,00783	0,00786	0,00821	0,00772	0,00638	0,00509	0,00513	0,00525	0,00514	0,00458
0,00802	0,00722	0,00753	0,00873	0,00909	0,01172	0,01535	0,01584	0,01832	0,02540	0,03490	0,04445	0,04429	0,04037	0,04197	0,04959	0,05268	0,05290	0,05150	0,04822	0,03928	0,03310	0,02969	0,03024	0,03323	0,03683	0,03687	0,03240	0,02831	0,02709	0,02738	0,02531	0,02173	0,01902	0,01693	0,01667	0,01601	0,01407	0,01187	0,00940	0,00779	0,00668	0,00676	0,00722	0,00745	0,00633	0,00540	0,00512	0,00532	0,00508	0,00457
0,00895	0,00748	0,00718	0,00762	0,00769	0,01010	0,01330	0,01510	0,01587	0,01965	0,02467	0,03335	0,03789	0,03581	0,03394	0,03675	0,03932	0,03844	0,03792	0,03644	0,03225	0,02537	0,02138	0,02177	0,02390	0,02706	0,02972	0,02705	0,02269	0,02007	0,02057	0,02124	0,02092	0,01879	0,01659	0,01485	0,01388	0,01280	0,01088	0,00939	0,00759	0,00628	0,00595	0,00617	0,00643	0,00592	0,00561	0,00520	0,00499	0,00522	0,00498
0,00923	0,00861	0,00756	0,00692	0,00682	0,00751	0,01006	0,01289	0,01416	0,01714	0,02058	0,02487	0,02910	0,02924	0,02697	0,02772	0,02868	0,02745	0,02500	0,02564	0,02543	0,02225	0,01817	0,01775	0,01960	0,02249	0,02321	0,02201	0,01975	0,01776	0,01762	0,01930	0,01987	0,01904	0,01703	0,01543	0,01477	0,01349	0,01211	0,00935	0,00738	0,00550	0,00521	0,00514	0,00537	0,00543	0,00543	0,00505	0,00538	0,00549	0,00586
0,00969	0,00882	0,00835	0,00715	0,00605	0,00579	0,00719	0,00923	0,01107	0,01376	0,01697	0,02067	0,02312	0,02334	0,02186	0,02026	0,02177	0,02168	0,01808	0,01664	0,01878	0,01937	0,01767	0,01570	0,01645	0,01926	0,01989	0,01883	0,01710	0,01638	0,01749	0,01918	0,02037	0,01952	0,01776	0,01616	0,01553	0,01412	0,01175	0,00933	0,00652	0,00526	0,00428	0,00451	0,00481	0,00507	0,00546	0,00525	0,00532	0,00580	0,00594
0,00911	0,00911	0,00845	0,00773	0,00604	0,00549	0,00529	0,00648	0,00781	0,00995	0,01392	0,01759	0,01975	0,01999	0,01762	0,01597	0,01541	0,01709	0,01536	0,01306	0,01218	0,01438	0,01514	0,01422	0,01333	0,01448	0,01658	0,01693	0,01531	0,01433	0,01486	0,01656	0,01781	0,01795	0,01672	0,01652	0,01595	0,01488	0,01184	0,00924	0,00663	0,00547	0,00461	0,00433	0,00475	0,00525	0,00563	0,00555	0,00538	0,00568	0,00554
