12,50000	13,00000	13,50000	14,00000	14,50000	15,00000	15,50000	16,00000	16,50000	17,00000	17,50000	18,00000	18,50000	19,00000	19,50000	20,00000	20,50000	21,00000	21,50000	22,00000	22,50000	23,00000	23,50000	24,00000	24,50000	25,00000	25,50000	26,00000	26,50000	27,00000	27,50000	28,00000	28,50000	29,00000	29,50000	30,00000	30,50000	31,00000	31,50000	32,00000	32,50000	33,00000	33,50000	34,00000	34,50000	35,00000	35,50000	36,00000	36,50000	37,00000	37,50000
12,50000	13,00000	13,50000	14,00000	14,50000	15,00000	15,50000	16,00000	16,50000	17,00000	17,50000	18,00000	18,50000	19,00000	19,50000	20,00000	20,50000	21,00000	21,50000	22,00000	22,50000	23,00000	23,50000	24,00000	24,50000	25,00000	25,50000	26,00000	26,50000	27,00000	27,50000	28,00000	28,50000	29,00000	29,50000	30,00000	30,50000	31,00000	31,50000	32,00000	32,50000	33,00000	33,50000	34,00000	34,50000	35,00000	35,50000	36,00000	36,50000	37,00000	37,50000
0,02821	0,02882	0,02627	0,02476	0,02225	0,01957	0,01865	0,01947	0,02079	0,02123	0,02113	0,02208	0,02091	0,02036	0,01968	0,02245	0,02403	0,02564	0,02249	0,01799	0,01991	0,03008	0,03557	0,02941	0,02056	0,02022	0,02689	0,02720	0,02282	0,02028	0,02366	0,02440	0,02289	0,02072	0,01916	0,01987	0,02141	0,02127	0,02004	0,01875	0,01828	0,01851	0,01919	0,01866	0,01866	0,01878	0,02090	0,02264	0,02139	0,02045	0,02046
0,02663	0,02778	0,02347	0,02150	0,01888	0,01821	0,01855	0,02100	0,02254	0,02192	0,02107	0,01981	0,01950	0,01902	0,02012	0,02343	0,02503	0,02514	0,01996	0,01789	0,02411	0,03354	0,03024	0,02185	0,02172	0,02961	0,03132	0,02407	0,01944	0,02354	0,02707	0,02675	0,02319	0,01990	0,01722	0,01787	0,01837	0,01861	0,01799	0,01827	0,01954	0,01966	0,01877	0,01835	0,01859	0,01976	0,02318	0,02441	0,02493	0,02267	0,02446
0,02843	0,02592	0,02026	0,01848	0,01890	0,01951	0,02058	0,02308	0,02472	0,02267	0,02089	0,02002	0,01958	0,02097	0,02331	0,02514	0,02477	0,02233	0,01937	0,02112	0,02951	0,03142	0,02347	0,02233	0,03064	0,03726	0,03038	0,02049	0,02100	0,02508	0,02701	0,02634	0,02267	0,01964	0,01839	0,01913	0,01825	0,01866	0,01943	0,01974	0,02032	0,02034	0,01865	0,01797	0,01871	0,02274	0,02536	0,02632	0,02667	0,02623	0,02736
0,02689	0,02369	0,01871	0,01800	0,01902	0,02033	0,02215	0,02348	0,02473	0,02252	0,02058	0,02011	0,02393	0,02794	0,02935	0,02533	0,02246	0,02314	0,02390	0,02673	0,03054	0,02617	0,02332	0,03317	0,04054	0,03462	0,02488	0,02258	0,02466	0,02530	0,02507	0,02536	0,02260	0,01975	0,01829	0,01903	0,01926	0,01931	0,01939	0,02035	0,02137	0,02204	0,01986	0,01854	0,01969	0,02334	0,02505	0,02502	0,02487	0,02511	0,02662
0,02525	0,02141	0,01863	0,01804	0,02000	0,02139	0,02211	0,02206	0,02335	0,02193	0,02072	0,02248	0,03261	0,03650	0,03228	0,02415	0,02266	0,02995	0,03168	0,02932	0,02692	0,02414	0,03098	0,03834	0,03433	0,02688	0,02384	0,02654	0,02515	0,02398	0,02417	0,02432	0,02150	0,01904	0,01702	0,01814	0,01819	0,01842	0,01820	0,01891	0,02164	0,02327	0,02279	0,01927	0,01995	0,02161	0,02295	0,02182	0,01974	0,02210	0,02262
0,02145	0,02016	0,01853	0,01818	0,02022	0,02144	0,02094	0,02118	0,02283	0,02168	0,02344	0,02949	0,04262	0,04217	0,03196	0,02257	0,02893	0,04033	0,03526	0,02721	0,02715	0,03123	0,03581	0,03218	0,02289	0,02453	0,02791	0,02704	0,02500	0,02423	0,02567	0,02403	0,02252	0,01950	0,01777	0,01829	0,01859	0,01808	0,01821	0,01824	0,01976	0,02249	0,02210	0,02075	0,01886	0,01906	0,02038	0,01952	0,01793	0,01901	0,02135
0,01974	0,02057	0,01939	0,01841	0,02049	0,02012	0,01927	0,02146	0,02480	0,02375	0,02757	0,03586	0,04541	0,04367	0,03023	0,02475	0,03915	0,04604	0,03193	0,02656	0,03373	0,03945	0,03370	0,02419	0,02172	0,02775	0,02953	0,02633	0,02516	0,02604	0,02958	0,02892	0,02629	0,02079	0,01903	0,01840	0,01809	0,01888	0,01787	0,01730	0,01762	0,01897	0,01995	0,02065	0,01897	0,01805	0,01865	0,01883	0,01889	0,02020	0,02227
0,02002	0,02236	0,02039	0,01941	0,02024	0,01963	0,01944	0,02448	0,02945	0,02912	0,03012	0,03726	0,04281	0,03953	0,02709	0,03040	0,04893	0,04517	0,02785	0,03285	0,04586	0,04414	0,03359	0,02175	0,02494	0,02884	0,02848	0,02792	0,02890	0,03162	0,03178	0,02966	0,02536	0,02055	0,01881	0,01878	0,01872	0,01913	0,01850	0,01828	0,01827	0,01803	0,01824	0,01867	0,01891	0,01986	0,02031	0,01817	0,01920	0,02242	0,02456
0,02026	0,02270	0,02190	0,01922	0,01973	0,02051	0,02263	0,03266	0,03975	0,03334	0,02979	0,03483	0,04224	0,03716	0,02815	0,03834	0,05351	0,04084	0,02665	0,04299	0,05598	0,04968	0,03547	0,02598	0,02817	0,03008	0,03035	0,03819	0,04117	0,03448	0,02771	0,02622	0,02075	0,01971	0,01950	0,01896	0,01908	0,01880	0,01934	0,01899	0,01900	0,01830	0,01814	0,01766	0,01825	0,02087	0,02188	0,02043	0,01951	0,02262	0,02338
0,01949	0,02243	0,02092	0,01941	0,02029	0,02052	0,02916	0,04149	0,04616	0,03447	0,02729	0,03559	0,04692	0,03924	0,03383	0,04555	0,05132	0,03371	0,03280	0,05603	0,06868	0,05540	0,03714	0,02810	0,03221	0,03675	0,04742	0,06110	0,05272	0,03368	0,02441	0,02240	0,02104	0,02121	0,01932	0,01848	0,01824	0,01821	0,01874	0,01877	0,01848	0,01817	0,01769	0,01776	0,01947	0,02232	0,02356	0,02104	0,01901	0,02014	0,02121
0,01881	0,02150	0,02011	0,01959	0,02043	0,02155	0,03391	0,05019	0,04651	0,03110	0,02966	0,04352	0,05853	0,04655	0,03898	0,04525	0,04162	0,02899	0,04679	0,07901	0,07924	0,05703	0,03776	0,03336	0,04660	0,06892	0,08130	0,08131	0,05190	0,03171	0,02831	0,02526	0,02471	0,02290	0,02068	0,01925	0,01892	0,01896	0,01882	0,01869	0,01900	0,01808	0,01825	0,01815	0,01946	0,02193	0,02243	0,02106	0,01867	0,01872	0,01903
0,01856	0,02035	0,01845	0,01854	0,02013	0,02247	0,03864	0,05085	0,04065	0,02907	0,03770	0,05409	0,06695	0,05174	0,03914	0,03915	0,03143	0,03300	0,07271	0,09312	0,07807	0,04824	0,04550	0,06660	0,10430	0,11282	0,10647	0,07626	0,04697	0,03766	0,03947	0,03091	0,02828	0,02399	0,02195	0,02028	0,01946	0,01916	0,01998	0,02010	0,01944	0,02023	0,01916	0,01766	0,01835	0,02084	0,02164	0,01996	0,01817	0,01777	0,01795
0,01928	0,01975	0,01841	0,01965	0,02133	0,02363	0,04088	0,04599	0,03484	0,03371	0,04793	0,06161	0,06088	0,04700	0,03330	0,03217	0,03117	0,04970	0,09240	0,09899	0,06335	0,04848	0,09151	0,15420	0,17142	0,13196	0,09852	0,07190	0,05882	0,05646	0,05130	0,03740	0,03033	0,02679	0,02489	0,02176	0,01928	0,01874	0,01886	0,02040	0,02075	0,02137	0,02134	0,01890	0,01791	0,01890	0,02016	0,01973	0,01863	0,01849	0,01803
0,01934	0,02025	0,01821	0,02039	0,02043	0,02411	0,04124	0,04141	0,03506	0,04466	0,05626	0,05798	0,04821	0,03792	0,03207	0,03478	0,04292	0,07237	0,11095	0,08949	0,05745	0,09433	0,19317	0,26053	0,20083	0,12609	0,11040	0,11582	0,10703	0,08169	0,06561	0,04495	0,03524	0,02969	0,02869	0,02527	0,02083	0,01862	0,01829	0,01830	0,02003	0,02119	0,02181	0,02012	0,01849	0,01776	0,01880	0,01905	0,01856	0,01874	0,01802
0,01916	0,02038	0,01947	0,02012	0,02012	0,02571	0,03909	0,03803	0,04039	0,05519	0,05998	0,04907	0,03785	0,03600	0,04195	0,04768	0,06033	0,10043	0,12850	0,07866	0,07933	0,22281	0,34792	0,31168	0,19960	0,15902	0,18719	0,19821	0,15410	0,10823	0,08384	0,05467	0,04242	0,03639	0,03255	0,02811	0,02363	0,02056	0,01785	0,01797	0,01869	0,01919	0,02084	0,02052	0,01974	0,01840	0,01712	0,01918	0,02007	0,01970	0,01965
0,01956	0,02071	0,01960	0,02144	0,02089	0,02730	0,03787	0,03997	0,04525	0,06103	0,05865	0,04118	0,03938	0,05255	0,06524	0,06719	0,08139	0,13073	0,13239	0,07629	0,17114	0,36198	0,42030	0,30023	0,22702	0,27193	0,32654	0,27573	0,19902	0,14647	0,11621	0,06893	0,05272	0,03967	0,03344	0,02912	0,02545	0,02189	0,01961	0,01730	0,01792	0,01855	0,01851	0,02108	0,02074	0,01975	0,01893	0,01845	0,02061	0,02060	0,02114
0,02005	0,02121	0,02117	0,02154	0,02242	0,02773	0,03872	0,04670	0,04969	0,05952	0,05588	0,03976	0,05118	0,08223	0,09439	0,07894	0,10593	0,16262	0,13125	0,11090	0,27936	0,46515	0,42139	0,29521	0,32520	0,40468	0,43110	0,38289	0,26732	0,18836	0,13228	0,08350	0,05399	0,03960	0,03233	0,02845	0,02567	0,02245	0,01908	0,01847	0,01785	0,01794	0,01832	0,01954	0,02117	0,02123	0,02066	0,01995	0,02045	0,02203	0,02184
0,01993	0,02128	0,02326	0,02457	0,02480	0,02835	0,04130	0,05298	0,04987	0,05562	0,05751	0,04382	0,06936	0,10951	0,10678	0,08713	0,12914	0,18485	0,13749	0,19601	0,42005	0,48611	0,35715	0,33640	0,50470	0,61801	0,57488	0,48449	0,35428	0,23280	0,15038	0,09017	0,05678	0,03807	0,03148	0,02908	0,02491	0,02218	0,01860	0,01827	0,01869	0,01847	0,01824	0,01946	0,02086	0,02225	0,02284	0,02185	0,02057	0,02296	0,02320
0,01999	0,02268	0,02578	0,02933	0,02815	0,02895	0,04468	0,05798	0,04748	0,05348	0,06269	0,05293	0,07481	0,11146	0,10008	0,09439	0,15939	0,20149	0,16689	0,27364	0,47633	0,43296	0,34670	0,48379	0,67276	0,76935	0,70707	0,58088	0,44611	0,27015	0,16915	0,09468	0,05898	0,04024	0,03649	0,03348	0,02887	0,02434	0,01901	0,01832	0,02003	0,01960	0,01964	0,01933	0,01889	0,02277	0,02440	0,02197	0,02074	0,02351	0,02383
0,02009	0,02276	0,02915	0,03499	0,03255	0,02902	0,04823	0,06060	0,04651	0,05619	0,06945	0,05990	0,07712	0,09651	0,09130	0,10889	0,18679	0,20129	0,18732	0,34679	0,46265	0,36966	0,38953	0,61977	0,76781	0,84058	0,82178	0,69280	0,51551	0,30819	0,19134	0,10384	0,06341	0,04581	0,04357	0,04108	0,03536	0,02767	0,01958	0,01842	0,02039	0,02078	0,02057	0,01872	0,01878	0,02240	0,02492	0,02042	0,01972	0,02239	0,02337
0,02115	0,02217	0,02997	0,03777	0,03540	0,03132	0,04750	0,05813	0,04830	0,05774	0,06716	0,06350	0,07387	0,07745	0,08443	0,12351	0,18262	0,17429	0,18789	0,35596	0,38629	0,32493	0,40594	0,58232	0,65055	0,78511	0,86100	0,78451	0,56868	0,34851	0,21986	0,11370	0,07278	0,05102	0,04611	0,04423	0,03986	0,02954	0,02113	0,01934	0,02019	0,02136	0,02110	0,01903	0,01827	0,02246	0,02480	0,02007	0,01856	0,02182	0,02184
0,02221	0,02203	0,02812	0,03801	0,03720	0,03424	0,04888	0,05461	0,05377	0,06025	0,06235	0,06319	0,07091	0,07196	0,08551	0,12982	0,14977	0,12058	0,17020	0,30693	0,30165	0,26070	0,29729	0,30548	0,40064	0,61873	0,82196	0,79329	0,59294	0,38563	0,23604	0,13323	0,07315	0,05177	0,04445	0,04345	0,04039	0,03289	0,02353	0,02005	0,01951	0,02130	0,02229	0,01892	0,01853	0,02341	0,02421	0,01955	0,01854	0,02002	0,02106
0,02300	0,02096	0,02613	0,03644	0,03770	0,03795	0,04363	0,05448	0,06789	0,06515	0,05493	0,06343	0,07189	0,07110	0,08725	0,11593	0,11245	0,09383	0,15426	0,25335	0,24673	0,21497	0,15859	0,13188	0,18539	0,45208	0,70438	0,75693	0,61059	0,41820	0,27420	0,13988	0,08314	0,05366	0,04682	0,04636	0,04192	0,03747	0,02655	0,02162	0,01994	0,02142	0,02250	0,02016	0,01911	0,02275	0,02278	0,01890	0,01827	0,01917	0,02003
0,02308	0,02228	0,02546	0,03367	0,04092	0,04284	0,04079	0,05382	0,07853	0,07223	0,05196	0,06050	0,07686	0,08385	0,09003	0,09769	0,08514	0,09148	0,16388	0,24023	0,25914	0,21904	0,14437	0,10555	0,20934	0,41994	0,60045	0,65956	0,55627	0,40824	0,28039	0,16543	0,10354	0,06372	0,05443	0,05103	0,04526	0,03729	0,02870	0,02251	0,02019	0,02217	0,02332	0,02078	0,01975	0,02304	0,02188	0,01946	0,01929	0,02019	0,02262
0,02449	0,02458	0,02557	0,03400	0,04373	0,04617	0,03924	0,05163	0,08282	0,07845	0,05512	0,05999	0,08204	0,10088	0,10149	0,09628	0,09267	0,12352	0,20087	0,27052	0,32260	0,36571	0,33079	0,37374	0,45544	0,48552	0,53000	0,54992	0,46813	0,36116	0,25421	0,17008	0,10969	0,07919	0,06665	0,05385	0,04447	0,03228	0,02671	0,02259	0,02195	0,02469	0,02523	0,02209	0,02128	0,02249	0,02135	0,02021	0,02124	0,02406	0,02643
0,02692	0,02702	0,02573	0,03352	0,04452	0,04629	0,03783	0,05018	0,08117	0,08567	0,06250	0,05973	0,08495	0,12508	0,12332	0,11828	0,12317	0,16285	0,24479	0,34012	0,42571	0,50644	0,56280	0,58374	0,65709	0,57983	0,49615	0,43582	0,38889	0,30232	0,22220	0,16147	0,11619	0,08657	0,07174	0,05243	0,03930	0,02685	0,02363	0,02207	0,02333	0,02628	0,02619	0,02461	0,02321	0,02357	0,02178	0,02189	0,02396	0,02823	0,03033
0,02995	0,03119	0,02766	0,03365	0,04448	0,04321	0,03705	0,04683	0,07693	0,08979	0,07779	0,06275	0,08814	0,14221	0,15690	0,15023	0,16100	0,20965	0,29117	0,38595	0,46249	0,60961	0,63901	0,62534	0,64906	0,60118	0,45064	0,36052	0,32769	0,27324	0,21675	0,15444	0,11536	0,09393	0,07450	0,05130	0,03648	0,02725	0,02332	0,02175	0,02367	0,02685	0,02808	0,02802	0,02747	0,02544	0,02297	0,02361	0,02681	0,03273	0,03304
0,03181	0,03300	0,02876	0,03391	0,04216	0,03940	0,03645	0,04500	0,06901	0,09340	0,09477	0,07449	0,08335	0,14861	0,17730	0,17675	0,20733	0,24979	0,32834	0,41605	0,46712	0,58287	0,60637	0,50231	0,48279	0,49823	0,39137	0,30254	0,26747	0,24915	0,20828	0,15299	0,12238	0,09635	0,07538	0,05311	0,03660	0,02855	0,02351	0,02244	0,02439	0,02955	0,03470	0,03528	0,03241	0,02899	0,02519	0,02451	0,03042	0,03600	0,03347
0,03229	0,03258	0,02896	0,03376	0,03708	0,03538	0,03842	0,04605	0,06137	0,09099	0,10368	0,08745	0,08477	0,13299	0,17952	0,19795	0,22900	0,26804	0,33510	0,41970	0,43927	0,50327	0,54339	0,42165	0,31337	0,33741	0,32818	0,27972	0,25837	0,24034	0,19358	0,14574	0,11450	0,09489	0,07052	0,04975	0,03745	0,03006	0,02516	0,02463	0,02818	0,04109	0,04710	0,04867	0,03974	0,03159	0,02617	0,02589	0,03156	0,03667	0,03314
0,03159	0,03260	0,02882	0,03245	0,03292	0,03459	0,04218	0,04624	0,05448	0,08323	0,11004	0,10125	0,09699	0,12757	0,15883	0,20206	0,25113	0,27213	0,30673	0,38903	0,39472	0,39436	0,46850	0,39729	0,24120	0,20934	0,25250	0,26439	0,27288	0,24531	0,17842	0,12282	0,09597	0,07725	0,05308	0,04289	0,03600	0,03407	0,03320	0,03230	0,04539	0,05578	0,06088	0,05545	0,04320	0,03088	0,02580	0,02710	0,03218	0,03662	0,03283
0,03026	0,03269	0,02838	0,02966	0,03138	0,03772	0,04607	0,04637	0,04999	0,07561	0,10991	0,12050	0,11581	0,11777	0,14273	0,18591	0,25306	0,26708	0,27271	0,32753	0,35891	0,31900	0,35863	0,37774	0,25240	0,15220	0,16669	0,22187	0,24603	0,22553	0,17351	0,10510	0,07124	0,05644	0,04063	0,03538	0,03561	0,04041	0,04180	0,04558	0,06112	0,06883	0,06648	0,05480	0,03915	0,02831	0,02445	0,02717	0,03206	0,03478	0,03257
0,02711	0,03202	0,02904	0,02668	0,03013	0,04195	0,04898	0,04585	0,04599	0,06746	0,10527	0,12875	0,13915	0,12584	0,11962	0,15793	0,22190	0,25011	0,22751	0,25457	0,29611	0,26210	0,24677	0,30597	0,25290	0,14244	0,11097	0,13170	0,17386	0,16831	0,13742	0,09872	0,06350	0,04293	0,03239	0,03110	0,03618	0,04695	0,05301	0,06202	0,06643	0,06152	0,05551	0,04315	0,03181	0,02659	0,02342	0,02642	0,03082	0,03392	0,03321
0,02411	0,03108	0,03071	0,02524	0,03042	0,04677	0,05040	0,04379	0,04059	0,06174	0,09806	0,13120	0,14877	0,13931	0,11557	0,13374	0,19687	0,22153	0,20504	0,19718	0,22872	0,20938	0,18481	0,19670	0,20916	0,13407	0,08029	0,07133	0,09780	0,09275	0,09740	0,08434	0,06120	0,04098	0,03384	0,03323	0,03711	0,04710	0,05618	0,06176	0,05403	0,03866	0,03537	0,03160	0,02879	0,02477	0,02459	0,02783	0,03044	0,03578	0,03403
0,02205	0,02941	0,03056	0,02539	0,03007	0,04617	0,05017	0,04167	0,03679	0,05557	0,08677	0,12160	0,14517	0,14569	0,12242	0,12875	0,16235	0,17829	0,18288	0,16367	0,17393	0,16737	0,13038	0,10504	0,13429	0,12022	0,08050	0,05281	0,04840	0,05232	0,06605	0,07217	0,06085	0,04615	0,03835	0,03497	0,03627	0,03988	0,04871	0,04607	0,03488	0,02490	0,02448	0,02697	0,02886	0,02681	0,02743	0,02927	0,03544	0,04137	0,03485
0,02071	0,02748	0,03127	0,02717	0,02965	0,04176	0,04707	0,03857	0,03548	0,05103	0,07728	0,09957	0,12336	0,14056	0,13345	0,13108	0,13279	0,14112	0,15281	0,14971	0,13231	0,13669	0,11600	0,07931	0,07363	0,09084	0,08502	0,06878	0,05068	0,03995	0,04149	0,05270	0,05290	0,04596	0,03891	0,03739	0,03626	0,03680	0,03804	0,03389	0,02720	0,02975	0,02937	0,03317	0,03463	0,03050	0,03021	0,03394	0,04194	0,04219	0,03316
0,02004	0,02542	0,03237	0,02813	0,02703	0,03793	0,04054	0,03483	0,03493	0,05054	0,07274	0,08665	0,10258	0,12371	0,13257	0,13400	0,12144	0,10152	0,12170	0,13114	0,10759	0,10611	0,10813	0,08860	0,06461	0,06008	0,07325	0,07438	0,06740	0,05248	0,04988	0,04544	0,04628	0,04376	0,04320	0,04429	0,04157	0,04008	0,03626	0,03271	0,03746	0,04431	0,04629	0,04303	0,03861	0,03067	0,02955	0,03637	0,04230	0,03764	0,02724
0,01998	0,02398	0,03096	0,03068	0,02663	0,02973	0,03384	0,03134	0,03525	0,04992	0,06564	0,07229	0,08052	0,10702	0,12203	0,12375	0,11421	0,08336	0,08693	0,10668	0,09109	0,07239	0,08166	0,09191	0,08033	0,05667	0,05154	0,05670	0,06134	0,06822	0,07711	0,07335	0,06327	0,05743	0,05759	0,04844	0,04384	0,04138	0,03896	0,03973	0,04543	0,05197	0,05270	0,04573	0,03425	0,02720	0,02768	0,03365	0,03801	0,03061	0,02288
0,01896	0,02366	0,03058	0,03170	0,02705	0,02738	0,02952	0,02736	0,03325	0,04865	0,06248	0,06305	0,06626	0,09674	0,11113	0,10985	0,10179	0,07532	0,06805	0,08365	0,07761	0,05236	0,05236	0,07666	0,08822	0,07633	0,05706	0,04690	0,04560	0,05798	0,07844	0,09178	0,09194	0,07804	0,06438	0,04988	0,04200	0,03539	0,03594	0,03809	0,03967	0,04268	0,04403	0,03760	0,02667	0,02339	0,02613	0,03042	0,02974	0,02497	0,02071
0,01842	0,02232	0,03047	0,03256	0,02909	0,02765	0,02722	0,02678	0,03053	0,04414	0,06008	0,06046	0,05830	0,08055	0,10091	0,09432	0,08690	0,07160	0,06126	0,06815	0,06875	0,04725	0,03967	0,05407	0,07767	0,08311	0,07480	0,06221	0,05373	0,04459	0,04965	0,07352	0,07609	0,07678	0,05697	0,04815	0,04036	0,03066	0,02850	0,02930	0,02704	0,03054	0,03323	0,02631	0,02139	0,02243	0,02698	0,02798	0,02460	0,02130	0,01931
0,01858	0,02174	0,02930	0,03264	0,03074	0,02840	0,02851	0,02708	0,02776	0,03690	0,05256	0,05661	0,05192	0,05961	0,09002	0,08177	0,07648	0,07159	0,06218	0,06162	0,06167	0,04651	0,03701	0,05138	0,06676	0,06815	0,06324	0,06479	0,06694	0,06492	0,05343	0,04104	0,04513	0,05116	0,03931	0,04190	0,03822	0,03083	0,02359	0,02096	0,02329	0,02703	0,02748	0,02296	0,02012	0,02273	0,02609	0,02561	0,02302	0,02030	0,01985
0,01914	0,02059	0,02714	0,03077	0,03034	0,03048	0,03112	0,02985	0,02836	0,03278	0,04106	0,05250	0,04890	0,04538	0,07144	0,07139	0,06530	0,07016	0,07193	0,06562	0,05970	0,04580	0,03602	0,05322	0,07594	0,07090	0,04911	0,04595	0,06172	0,07844	0,08100	0,05633	0,03865	0,03302	0,03507	0,03674	0,03627	0,03245	0,02511	0,02358	0,02792	0,03224	0,02873	0,02236	0,01917	0,02265	0,02538	0,02355	0,02052	0,01915	0,01998
0,01947	0,02046	0,02302	0,02689	0,02826	0,03118	0,03513	0,03281	0,03149	0,03210	0,03611	0,04377	0,04588	0,03521	0,04427	0,05613	0,05187	0,06051	0,07746	0,07969	0,06921	0,05288	0,03816	0,04970	0,08247	0,09570	0,06376	0,03515	0,03438	0,05887	0,07837	0,07807	0,05686	0,04372	0,05552	0,06155	0,05214	0,05132	0,03588	0,03213	0,03673	0,03569	0,03111	0,02266	0,01925	0,02260	0,02546	0,02439	0,02130	0,02065	0,02341
0,02130	0,02098	0,02085	0,02185	0,02652	0,03200	0,03810	0,03656	0,03171	0,03292	0,03333	0,03752	0,04296	0,03475	0,03232	0,04304	0,04216	0,04465	0,06946	0,08858	0,08324	0,06362	0,04469	0,04268	0,06067	0,09176	0,09206	0,06291	0,03903	0,03111	0,03554	0,06174	0,06634	0,06884	0,08438	0,10073	0,08623	0,07620	0,05590	0,04136	0,03142	0,02741	0,02474	0,02076	0,02036	0,02527	0,02791	0,02622	0,02295	0,02175	0,02310
0,02286	0,02251	0,02094	0,02041	0,02235	0,02987	0,03934	0,03844	0,03179	0,03177	0,03472	0,03566	0,03964	0,03598	0,02615	0,03229	0,03469	0,03121	0,04313	0,08095	0,09350	0,08038	0,06231	0,05048	0,05094	0,05980	0,08204	0,08285	0,07088	0,05342	0,03206	0,02472	0,03814	0,06224	0,07011	0,09285	0,10029	0,08418	0,06119	0,04009	0,02525	0,01962	0,01991	0,01959	0,02199	0,02721	0,02893	0,02775	0,02340	0,02022	0,01921
0,02317	0,02403	0,02144	0,01920	0,02100	0,02645	0,03616	0,03718	0,03054	0,02910	0,03488	0,03643	0,03586	0,03797	0,02845	0,02570	0,03036	0,02706	0,02952	0,06615	0,10631	0,10093	0,07620	0,05856	0,05702	0,05444	0,05348	0,06822	0,07316	0,07284	0,06322	0,04129	0,02415	0,03268	0,03478	0,05761	0,06581	0,06228	0,05344	0,03699	0,02439	0,01960	0,01948	0,01906	0,02097	0,02514	0,02706	0,02424	0,02025	0,01839	0,01999
0,02212	0,02355	0,02135	0,01946	0,02114	0,02551	0,03198	0,03394	0,03053	0,02829	0,03277	0,03601	0,03420	0,03591	0,03439	0,02555	0,02770	0,02793	0,02121	0,04043	0,09593	0,12197	0,09071	0,05556	0,04993	0,05797	0,05705	0,04896	0,04692	0,05349	0,05679	0,04963	0,03510	0,02543	0,03174	0,03720	0,04177	0,03978	0,03861	0,03158	0,02162	0,01950	0,01926	0,01883	0,01968	0,02199	0,02186	0,02080	0,01876	0,01980	0,02204
0,02030	0,02246	0,02315	0,02045	0,02081	0,02482	0,02890	0,03145	0,03003	0,02896	0,03012	0,03198	0,03109	0,03055	0,03736	0,03372	0,02966	0,03209	0,02544	0,01882	0,05743	0,11636	0,12083	0,07274	0,03383	0,03722	0,05282	0,06022	0,05912	0,05341	0,04641	0,03964	0,03338	0,03066	0,03594	0,03830	0,03670	0,03253	0,02937	0,02511	0,02199	0,02150	0,02067	0,02085	0,01990	0,02077	0,02000	0,01938	0,01811	0,01924	0,02164
0,01967	0,02131	0,02309	0,02268	0,02119	0,02430	0,02868	0,03038	0,02931	0,02959	0,03131	0,02920	0,02853	0,02777	0,03677	0,04206	0,03566	0,03512	0,03749	0,02391	0,02410	0,06757	0,09913	0,09515	0,04867	0,02315	0,02941	0,04545	0,05733	0,06386	0,05746	0,04429	0,03387	0,03122	0,02845	0,02693	0,02803	0,02947	0,02980	0,02758	0,02994	0,03524	0,02860	0,02643	0,02188	0,01940	0,02026	0,01950	0,01863	0,01927	0,01918
0,01867	0,02184	0,02333	0,02411	0,02266	0,02449	0,02807	0,03034	0,02873	0,03102	0,03724	0,03169	0,02614	0,02736	0,03296	0,04320	0,04215	0,03474	0,03945	0,04114	0,02232	0,02604	0,06312	0,08242	0,07567	0,04601	0,02282	0,02288	0,03299	0,05121	0,05839	0,05299	0,03810	0,02731	0,02673	0,02053	0,01893	0,02509	0,03394	0,04117	0,05042	0,05070	0,04204	0,03097	0,02337	0,02088	0,02409	0,02287	0,02054	0,01977	0,01952
0,01918	0,02128	0,02485	0,02487	0,02388	0,02379	0,02583	0,02916	0,02818	0,03041	0,04173	0,04210	0,02787	0,02727	0,03403	0,04036	0,04157	0,03348	0,03189	0,04498	0,04911	0,02714	0,02211	0,04484	0,06555	0,06717	0,04557	0,02907	0,02353	0,02750	0,03908	0,04915	0,04943	0,04098	0,04741	0,03573	0,02445	0,02201	0,03244	0,04375	0,04484	0,04681	0,04253	0,03038	0,02438	0,02653	0,02879	0,02560	0,02255	0,02052	0,02227
0,01878	0,02185	0,02563	0,02682	0,02577	0,02418	0,02476	0,02759	0,02858	0,03085	0,04216	0,04875	0,03593	0,02629	0,03593	0,04112	0,03688	0,03120	0,02771	0,04015	0,05910	0,06227	0,04552	0,02765	0,03706	0,05527	0,06372	0,05789	0,05140	0,02910	0,02305	0,02629	0,04079	0,05090	0,04776	0,04547	0,03621	0,02574	0,02393	0,02971	0,02816	0,03024	0,03055	0,02832	0,02950	0,03152	0,02948	0,02565	0,02168	0,02065	0,02111
