15,00000	15,40000	15,80000	16,20000	16,60000	17,00000	17,40000	17,80000	18,20000	18,60000	19,00000	19,40000	19,80000	20,20000	20,60000	21,00000	21,40000	21,80000	22,20000	22,60000	23,00000	23,40000	23,80000	24,20000	24,60000	25,00000	25,40000	25,80000	26,20000	26,60000	27,00000	27,40000	27,80000	28,20000	28,60000	29,00000	29,40000	29,80000	30,20000	30,60000	31,00000	31,40000	31,80000	32,20000	32,60000	33,00000	33,40000	33,80000	34,20000	34,60000	35,00000
13,50000	13,90000	14,30000	14,70000	15,10000	15,50000	15,90000	16,30000	16,70000	17,10000	17,50000	17,90000	18,30000	18,70000	19,10000	19,50000	19,90000	20,30000	20,70000	21,10000	21,50000	21,90000	22,30000	22,70000	23,10000	23,50000	23,90000	24,30000	24,70000	25,10000	25,50000	25,90000	26,30000	26,70000	27,10000	27,50000	27,90000	28,30000	28,70000	29,10000	29,50000	29,90000	30,30000	30,70000	31,10000	31,50000	31,90000	32,30000	32,70000	33,10000	33,50000
0,00230	0,00142	0,00087	0,00074	0,00079	0,00114	0,00124	0,00192	0,00361	0,00489	0,00477	0,00292	0,00153	0,00078	0,00062	0,00042	0,00050	0,00055	0,00053	0,00066	0,00091	0,00131	0,00150	0,00137	0,00115	0,00143	0,00150	0,00160	0,00131	0,00089	0,00083	0,00060	0,00061	0,00092	0,00125	0,00127	0,00102	0,00077	0,00072	0,00086	0,00149	0,00229	0,00244	0,00176	0,00073	0,00025	0,00042	0,00041	0,00019	0,00008	0,00055
0,00171	0,00107	0,00075	0,00088	0,00137	0,00158	0,00262	0,00385	0,00469	0,00412	0,00270	0,00139	0,00081	0,00064	0,00067	0,00075	0,00060	0,00029	0,00025	0,00063	0,00118	0,00102	0,00078	0,00042	0,00028	0,00028	0,00040	0,00080	0,00112	0,00137	0,00129	0,00119	0,00122	0,00151	0,00158	0,00176	0,00151	0,00092	0,00056	0,00050	0,00073	0,00163	0,00242	0,00255	0,00149	0,00056	0,00024	0,00051	0,00043	0,00020	0,00017
0,00129	0,00099	0,00118	0,00189	0,00264	0,00334	0,00412	0,00445	0,00387	0,00228	0,00119	0,00078	0,00053	0,00082	0,00099	0,00053	0,00015	0,00038	0,00049	0,00060	0,00069	0,00063	0,00047	0,00055	0,00039	0,00007	0,00000	0,00021	0,00074	0,00116	0,00129	0,00146	0,00156	0,00188	0,00212	0,00202	0,00139	0,00113	0,00088	0,00066	0,00041	0,00069	0,00158	0,00247	0,00248	0,00149	0,00062	0,00034	0,00044	0,00031	0,00013
0,00113	0,00155	0,00309	0,00402	0,00429	0,00463	0,00434	0,00341	0,00216	0,00096	0,00051	0,00027	0,00035	0,00061	0,00057	0,00103	0,00242	0,00343	0,00331	0,00235	0,00189	0,00124	0,00123	0,00105	0,00079	0,00041	0,00017	-0,00001	0,00004	0,00044	0,00063	0,00049	0,00058	0,00142	0,00205	0,00200	0,00144	0,00087	0,00088	0,00072	0,00096	0,00075	0,00081	0,00152	0,00261	0,00245	0,00139	0,00045	0,00035	0,00013	0,00008
0,00190	0,00398	0,00545	0,00563	0,00537	0,00449	0,00315	0,00201	0,00113	0,00043	0,00049	0,00025	0,00037	0,00121	0,00259	0,00584	0,00824	0,00852	0,00689	0,00494	0,00341	0,00215	0,00153	0,00098	0,00093	0,00091	0,00073	0,00047	0,00067	0,00103	0,00121	0,00074	0,00029	0,00034	0,00113	0,00199	0,00176	0,00118	0,00085	0,00080	0,00107	0,00124	0,00084	0,00063	0,00142	0,00220	0,00192	0,00098	0,00048	0,00023	0,00032
0,00413	0,00589	0,00664	0,00601	0,00451	0,00306	0,00179	0,00103	0,00059	0,00074	0,00091	0,00122	0,00230	0,00419	0,00774	0,01077	0,01144	0,00965	0,00741	0,00487	0,00284	0,00147	0,00057	0,00038	0,00040	0,00062	0,00075	0,00106	0,00150	0,00192	0,00220	0,00204	0,00154	0,00085	0,00079	0,00131	0,00177	0,00155	0,00128	0,00105	0,00126	0,00182	0,00144	0,00068	0,00048	0,00152	0,00195	0,00144	0,00069	0,00024	0,00027
0,00575	0,00654	0,00614	0,00471	0,00283	0,00155	0,00094	0,00079	0,00120	0,00218	0,00285	0,00336	0,00455	0,00697	0,00916	0,00986	0,00907	0,00740	0,00507	0,00348	0,00194	0,00101	0,00059	0,00025	0,00014	0,00013	0,00033	0,00074	0,00105	0,00146	0,00158	0,00223	0,00268	0,00279	0,00182	0,00121	0,00125	0,00154	0,00179	0,00177	0,00178	0,00221	0,00232	0,00143	0,00034	0,00069	0,00167	0,00175	0,00115	0,00035	0,00030
0,00605	0,00607	0,00497	0,00279	0,00114	0,00086	0,00085	0,00144	0,00294	0,00438	0,00462	0,00473	0,00506	0,00580	0,00599	0,00552	0,00469	0,00330	0,00199	0,00144	0,00116	0,00102	0,00096	0,00081	0,00047	0,00029	0,00048	0,00081	0,00113	0,00112	0,00128	0,00163	0,00280	0,00380	0,00341	0,00219	0,00174	0,00168	0,00151	0,00210	0,00236	0,00247	0,00267	0,00238	0,00095	0,00043	0,00130	0,00195	0,00158	0,00068	0,00039
0,00528	0,00478	0,00302	0,00087	0,00056	0,00078	0,00135	0,00317	0,00547	0,00564	0,00450	0,00415	0,00410	0,00398	0,00396	0,00354	0,00235	0,00055	0,00027	0,00055	0,00106	0,00140	0,00177	0,00173	0,00133	0,00070	0,00077	0,00109	0,00149	0,00182	0,00217	0,00218	0,00267	0,00315	0,00320	0,00250	0,00208	0,00177	0,00126	0,00158	0,00216	0,00245	0,00270	0,00280	0,00192	0,00078	0,00107	0,00219	0,00216	0,00104	0,00032
0,00460	0,00291	0,00081	0,00023	0,00063	0,00132	0,00286	0,00612	0,00669	0,00453	0,00365	0,00393	0,00410	0,00501	0,00568	0,00414	0,00172	0,00069	0,00105	0,00159	0,00225	0,00275	0,00312	0,00295	0,00190	0,00082	0,00067	0,00094	0,00124	0,00144	0,00169	0,00246	0,00247	0,00195	0,00185	0,00200	0,00206	0,00171	0,00107	0,00073	0,00110	0,00173	0,00219	0,00273	0,00264	0,00143	0,00075	0,00199	0,00285	0,00180	0,00060
0,00291	0,00096	0,00011	0,00037	0,00092	0,00269	0,00581	0,00725	0,00523	0,00396	0,00514	0,00608	0,00668	0,00747	0,00634	0,00315	0,00161	0,00202	0,00287	0,00316	0,00375	0,00378	0,00364	0,00295	0,00183	0,00064	0,00071	0,00106	0,00128	0,00119	0,00115	0,00166	0,00209	0,00174	0,00142	0,00182	0,00209	0,00201	0,00165	0,00081	0,00059	0,00091	0,00133	0,00222	0,00315	0,00246	0,00124	0,00130	0,00283	0,00287	0,00129
0,00158	0,00020	0,00020	0,00056	0,00172	0,00473	0,00688	0,00531	0,00398	0,00657	0,00806	0,00750	0,00660	0,00555	0,00344	0,00202	0,00276	0,00349	0,00414	0,00533	0,00565	0,00463	0,00390	0,00322	0,00198	0,00108	0,00188	0,00249	0,00260	0,00211	0,00162	0,00152	0,00175	0,00144	0,00092	0,00140	0,00274	0,00311	0,00222	0,00117	0,00063	0,00041	0,00078	0,00178	0,00296	0,00300	0,00177	0,00092	0,00224	0,00320	0,00203
0,00057	-0,00003	0,00022	0,00108	0,00334	0,00582	0,00514	0,00396	0,00698	0,00929	0,00702	0,00452	0,00338	0,00305	0,00294	0,00294	0,00370	0,00438	0,00571	0,00680	0,00607	0,00488	0,00475	0,00414	0,00274	0,00249	0,00412	0,00482	0,00459	0,00340	0,00242	0,00180	0,00140	0,00105	0,00040	0,00115	0,00412	0,00643	0,00495	0,00203	0,00094	0,00046	0,00045	0,00115	0,00219	0,00293	0,00217	0,00086	0,00120	0,00264	0,00253
0,00026	0,00006	0,00071	0,00223	0,00452	0,00462	0,00327	0,00654	0,01023	0,00742	0,00322	0,00255	0,00342	0,00418	0,00371	0,00350	0,00403	0,00481	0,00612	0,00683	0,00641	0,00604	0,00653	0,00536	0,00534	0,00581	0,00680	0,00654	0,00584	0,00425	0,00284	0,00218	0,00184	0,00155	0,00105	0,00134	0,00491	0,00939	0,00950	0,00448	0,00215	0,00098	0,00052	0,00046	0,00128	0,00203	0,00211	0,00105	0,00062	0,00186	0,00280
0,00002	0,00025	0,00164	0,00345	0,00427	0,00277	0,00401	0,00937	0,00931	0,00357	0,00293	0,00410	0,00497	0,00456	0,00375	0,00382	0,00408	0,00529	0,00744	0,00909	0,00954	0,00929	0,00992	0,01097	0,01263	0,01083	0,00791	0,00574	0,00507	0,00453	0,00441	0,00446	0,00407	0,00314	0,00197	0,00066	0,00251	0,00820	0,01045	0,00697	0,00352	0,00209	0,00150	0,00045	0,00068	0,00136	0,00157	0,00105	0,00054	0,00137	0,00272
-0,00007	0,00103	0,00264	0,00364	0,00260	0,00206	0,00617	0,00923	0,00548	0,00322	0,00435	0,00452	0,00435	0,00442	0,00455	0,00434	0,00496	0,00765	0,01091	0,01301	0,01410	0,01481	0,01847	0,02187	0,02275	0,01615	0,01042	0,00601	0,00476	0,00503	0,00604	0,00619	0,00562	0,00396	0,00315	0,00165	0,00035	0,00403	0,00836	0,00750	0,00392	0,00331	0,00311	0,00112	0,00036	0,00118	0,00128	0,00108	0,00039	0,00069	0,00226
0,00040	0,00177	0,00282	0,00275	0,00129	0,00253	0,00718	0,00666	0,00345	0,00466	0,00453	0,00385	0,00499	0,00585	0,00528	0,00512	0,00736	0,01075	0,01456	0,01784	0,02193	0,02522	0,03165	0,03414	0,03376	0,02843	0,02207	0,01373	0,00933	0,00744	0,00650	0,00585	0,00538	0,00408	0,00424	0,00411	0,00160	0,00158	0,00564	0,00761	0,00393	0,00372	0,00488	0,00239	0,00020	0,00104	0,00147	0,00133	0,00092	0,00039	0,00128
0,00125	0,00201	0,00220	0,00163	0,00073	0,00317	0,00599	0,00391	0,00412	0,00596	0,00434	0,00518	0,00679	0,00590	0,00576	0,00858	0,01284	0,01760	0,02274	0,02785	0,03379	0,03773	0,04253	0,04511	0,04916	0,04598	0,03727	0,02491	0,01731	0,01326	0,00853	0,00509	0,00503	0,00481	0,00560	0,00757	0,00607	0,00118	0,00350	0,00779	0,00506	0,00395	0,00632	0,00370	0,00053	0,00105	0,00163	0,00140	0,00120	0,00070	0,00092
0,00139	0,00163	0,00166	0,00083	0,00065	0,00334	0,00427	0,00310	0,00568	0,00594	0,00454	0,00658	0,00640	0,00656	0,01064	0,02000	0,02797	0,03447	0,03720	0,03962	0,04802	0,05789	0,06457	0,06013	0,05325	0,04337	0,03686	0,03034	0,02807	0,02331	0,01546	0,00657	0,00557	0,00551	0,00660	0,01140	0,01162	0,00471	0,00278	0,00668	0,00541	0,00390	0,00691	0,00547	0,00103	0,00082	0,00166	0,00140	0,00140	0,00126	0,00139
0,00106	0,00129	0,00117	0,00057	0,00067	0,00334	0,00341	0,00313	0,00652	0,00477	0,00537	0,00751	0,00742	0,01390	0,02721	0,04258	0,05109	0,05087	0,04592	0,05353	0,08044	0,11013	0,12281	0,09795	0,05644	0,03434	0,03022	0,03322	0,03641	0,03252	0,02382	0,01400	0,00910	0,00686	0,00661	0,01054	0,01356	0,00753	0,00349	0,00613	0,00553	0,00371	0,00692	0,00660	0,00147	0,00038	0,00138	0,00115	0,00100	0,00153	0,00177
0,00089	0,00112	0,00099	0,00033	0,00058	0,00336	0,00299	0,00417	0,00584	0,00431	0,00723	0,00900	0,01340	0,02988	0,05352	0,07007	0,07005	0,06103	0,06182	0,08894	0,13936	0,21039	0,24073	0,18784	0,12462	0,04659	0,02797	0,03292	0,03787	0,04059	0,03974	0,02914	0,01863	0,01199	0,00708	0,00789	0,01111	0,00794	0,00376	0,00609	0,00562	0,00315	0,00647	0,00686	0,00219	0,00027	0,00110	0,00080	0,00067	0,00119	0,00187
0,00064	0,00125	0,00080	0,00036	0,00119	0,00301	0,00302	0,00494	0,00486	0,00453	0,00835	0,01100	0,02072	0,04801	0,07416	0,08635	0,08323	0,09316	0,11314	0,15825	0,24049	0,33916	0,38630	0,31588	0,18216	0,05823	0,02287	0,03199	0,04637	0,05676	0,05912	0,04646	0,03050	0,01672	0,00741	0,00631	0,00988	0,00759	0,00350	0,00487	0,00491	0,00316	0,00683	0,00788	0,00241	0,00020	0,00107	0,00040	0,00044	0,00083	0,00132
0,00094	0,00134	0,00042	0,00044	0,00138	0,00225	0,00300	0,00510	0,00387	0,00565	0,00926	0,01394	0,03036	0,06201	0,08454	0,09328	0,12014	0,19192	0,22956	0,27125	0,35714	0,45513	0,47492	0,38426	0,22275	0,06850	0,02968	0,04354	0,06122	0,07223	0,07174	0,05607	0,03663	0,01809	0,00720	0,00642	0,00967	0,00873	0,00358	0,00277	0,00236	0,00245	0,00788	0,00877	0,00347	0,00041	0,00129	0,00050	0,00059	0,00095	0,00089
0,00131	0,00134	0,00037	0,00070	0,00138	0,00180	0,00308	0,00446	0,00347	0,00582	0,00960	0,01730	0,03487	0,06375	0,08115	0,11634	0,20709	0,30642	0,36291	0,38693	0,42936	0,47906	0,49374	0,43232	0,25393	0,09213	0,05263	0,07147	0,08594	0,08605	0,07527	0,05815	0,03549	0,01615	0,00664	0,00584	0,00832	0,00836	0,00488	0,00262	0,00090	0,00172	0,00839	0,01097	0,00417	0,00083	0,00139	0,00062	0,00076	0,00118	0,00090
0,00156	0,00117	0,00011	0,00076	0,00126	0,00134	0,00268	0,00324	0,00316	0,00609	0,01089	0,02028	0,04111	0,06329	0,08358	0,15751	0,29882	0,39958	0,43779	0,43042	0,43370	0,46297	0,47590	0,39384	0,23357	0,10271	0,10378	0,13038	0,12960	0,10336	0,07817	0,05631	0,03564	0,01964	0,00976	0,00631	0,00724	0,00765	0,00473	0,00327	0,00131	0,00163	0,00938	0,01220	0,00574	0,00109	0,00150	0,00046	0,00095	0,00163	0,00098
0,00148	0,00094	0,00023	0,00059	0,00112	0,00134	0,00220	0,00257	0,00298	0,00642	0,01202	0,02612	0,04542	0,06259	0,09857	0,20382	0,33511	0,38857	0,40002	0,38317	0,39631	0,43671	0,41107	0,27815	0,12960	0,13487	0,19180	0,21570	0,18538	0,11085	0,07159	0,05335	0,04007	0,02465	0,01458	0,00879	0,00850	0,00775	0,00515	0,00296	0,00137	0,00112	0,00818	0,01121	0,00499	0,00125	0,00128	0,00054	0,00093	0,00168	0,00120
0,00126	0,00077	0,00019	0,00072	0,00171	0,00143	0,00177	0,00258	0,00322	0,00549	0,01395	0,03104	0,04860	0,06508	0,10677	0,21911	0,29734	0,29895	0,28816	0,28602	0,34530	0,37391	0,26965	0,09672	0,10597	0,23237	0,32754	0,32216	0,25619	0,14915	0,07965	0,05343	0,04445	0,03281	0,02084	0,01182	0,00950	0,00855	0,00573	0,00283	0,00088	0,00167	0,00689	0,00804	0,00363	0,00128	0,00107	0,00028	0,00065	0,00130	0,00115
0,00092	0,00043	0,00016	0,00113	0,00230	0,00183	0,00167	0,00305	0,00341	0,00618	0,01858	0,03798	0,05166	0,06699	0,11007	0,18904	0,24064	0,21280	0,18098	0,19899	0,26954	0,25159	0,11285	0,04847	0,19408	0,39165	0,47071	0,43613	0,33019	0,18255	0,09285	0,05700	0,04591	0,03600	0,02443	0,01473	0,00992	0,00795	0,00623	0,00318	0,00113	0,00331	0,00665	0,00448	0,00176	0,00158	0,00093	0,00029	0,00092	0,00105	0,00125
0,00049	0,00028	0,00034	0,00154	0,00241	0,00175	0,00175	0,00384	0,00440	0,00707	0,02067	0,03877	0,04975	0,06897	0,10929	0,15508	0,19847	0,16621	0,11574	0,12474	0,16860	0,13239	0,08200	0,19036	0,41898	0,55262	0,56110	0,49435	0,35210	0,19692	0,09729	0,05656	0,04408	0,03513	0,02581	0,01577	0,01079	0,00798	0,00677	0,00421	0,00201	0,00598	0,00834	0,00395	0,00164	0,00272	0,00095	0,00037	0,00125	0,00114	0,00120
0,00002	0,00014	0,00032	0,00154	0,00213	0,00157	0,00239	0,00492	0,00588	0,00865	0,02245	0,03509	0,04710	0,06995	0,10100	0,14028	0,17297	0,14841	0,09347	0,07883	0,09252	0,10541	0,21019	0,43605	0,58861	0,61961	0,54460	0,44672	0,29688	0,14742	0,07944	0,04755	0,03613	0,03016	0,02236	0,01425	0,00985	0,00836	0,00757	0,00473	0,00206	0,00663	0,00933	0,00461	0,00331	0,00415	0,00136	0,00065	0,00143	0,00153	0,00140
0,00012	0,00018	0,00042	0,00130	0,00125	0,00122	0,00249	0,00529	0,00672	0,00966	0,01946	0,02797	0,04034	0,06080	0,08955	0,12371	0,15552	0,14022	0,09691	0,06904	0,06875	0,14246	0,30404	0,53712	0,61714	0,56174	0,44897	0,33858	0,21867	0,10859	0,05701	0,03520	0,03022	0,02872	0,02273	0,01330	0,00957	0,00955	0,00907	0,00447	0,00173	0,00582	0,00840	0,00486	0,00518	0,00546	0,00179	0,00054	0,00185	0,00203	0,00166
0,00025	0,00030	0,00057	0,00090	0,00058	0,00062	0,00244	0,00453	0,00618	0,00991	0,01572	0,02227	0,03459	0,05268	0,07586	0,10290	0,13895	0,13195	0,10582	0,08136	0,07843	0,15022	0,31960	0,48609	0,50812	0,41684	0,31924	0,20429	0,12379	0,06928	0,04419	0,02880	0,02986	0,03076	0,02127	0,01184	0,01006	0,01112	0,00961	0,00413	0,00174	0,00458	0,00618	0,00457	0,00561	0,00518	0,00127	0,00076	0,00229	0,00246	0,00180
0,00043	0,00050	0,00074	0,00041	-0,00002	0,00033	0,00179	0,00324	0,00504	0,00929	0,01393	0,01764	0,02680	0,03893	0,05782	0,08052	0,11215	0,11596	0,10503	0,09713	0,10122	0,16098	0,28062	0,35810	0,34067	0,25883	0,17266	0,10119	0,06676	0,04559	0,03365	0,02666	0,02916	0,02681	0,01589	0,00930	0,00943	0,01152	0,00826	0,00349	0,00356	0,00490	0,00455	0,00381	0,00453	0,00354	0,00063	0,00089	0,00260	0,00288	0,00201
0,00034	0,00044	0,00067	0,00041	0,00011	0,00038	0,00116	0,00266	0,00477	0,00765	0,01164	0,01447	0,01949	0,02884	0,04165	0,05991	0,08612	0,09036	0,09511	0,09946	0,11440	0,14831	0,19767	0,20877	0,18357	0,11854	0,07536	0,04320	0,03296	0,02884	0,02581	0,02331	0,02387	0,02033	0,01237	0,00744	0,00881	0,01100	0,00706	0,00445	0,00684	0,00610	0,00395	0,00287	0,00255	0,00195	0,00047	0,00116	0,00294	0,00283	0,00217
0,00016	0,00034	0,00055	0,00024	0,00016	0,00041	0,00075	0,00206	0,00417	0,00667	0,00964	0,01200	0,01601	0,02049	0,02891	0,04426	0,05811	0,06459	0,07675	0,08556	0,09812	0,10349	0,11454	0,09766	0,07716	0,04981	0,03316	0,02126	0,01918	0,01965	0,01931	0,01905	0,01910	0,01660	0,01164	0,00717	0,00888	0,01070	0,00813	0,00762	0,00981	0,00735	0,00383	0,00195	0,00113	0,00060	0,00045	0,00146	0,00299	0,00284	0,00216
-0,00001	0,00019	0,00040	0,00024	0,00026	0,00046	0,00037	0,00138	0,00321	0,00530	0,00765	0,00982	0,01217	0,01509	0,02286	0,03063	0,03941	0,04548	0,05369	0,05800	0,06133	0,05406	0,05240	0,04537	0,03864	0,03150	0,02367	0,01580	0,01204	0,01166	0,01370	0,01650	0,01946	0,01939	0,01348	0,00791	0,00859	0,01124	0,01091	0,01120	0,01156	0,00736	0,00325	0,00109	0,00020	0,00023	0,00035	0,00188	0,00272	0,00244	0,00232
0,00016	0,00014	0,00023	0,00018	0,00016	0,00030	0,00031	0,00063	0,00175	0,00353	0,00594	0,00746	0,00964	0,01181	0,01744	0,02391	0,02870	0,03121	0,03457	0,03351	0,03192	0,02775	0,02834	0,02843	0,02804	0,02387	0,01935	0,01196	0,00745	0,00713	0,01008	0,01581	0,02236	0,02231	0,01393	0,00748	0,00852	0,01277	0,01426	0,01332	0,01081	0,00551	0,00206	0,00073	0,00027	0,00033	0,00072	0,00152	0,00229	0,00242	0,00308
0,00028	0,00019	-0,00005	-0,00012	0,00021	0,00047	0,00051	0,00040	0,00054	0,00162	0,00367	0,00523	0,00688	0,00906	0,01364	0,01792	0,02060	0,02167	0,02200	0,01969	0,01776	0,01670	0,01935	0,01910	0,01851	0,01552	0,01221	0,00813	0,00510	0,00435	0,00789	0,01526	0,02176	0,02015	0,01184	0,00621	0,00801	0,01371	0,01591	0,01314	0,00768	0,00346	0,00110	0,00080	0,00086	0,00085	0,00099	0,00163	0,00213	0,00279	0,00393
0,00037	0,00006	-0,00002	0,00005	0,00026	0,00054	0,00079	0,00074	0,00047	0,00058	0,00149	0,00261	0,00407	0,00593	0,00971	0,01246	0,01414	0,01405	0,01372	0,01160	0,01047	0,00973	0,01088	0,01114	0,01095	0,00896	0,00765	0,00567	0,00413	0,00332	0,00499	0,01077	0,01623	0,01454	0,00784	0,00459	0,00757	0,01458	0,01527	0,01040	0,00494	0,00167	0,00054	0,00098	0,00166	0,00123	0,00083	0,00173	0,00264	0,00363	0,00430
0,00025	0,00009	-0,00004	0,00004	0,00030	0,00084	0,00117	0,00121	0,00101	0,00048	0,00055	0,00086	0,00181	0,00370	0,00651	0,00812	0,00889	0,00843	0,00814	0,00663	0,00599	0,00515	0,00601	0,00692	0,00777	0,00732	0,00660	0,00566	0,00458	0,00338	0,00373	0,00622	0,00894	0,00704	0,00377	0,00347	0,00764	0,01356	0,01318	0,00707	0,00256	0,00077	0,00057	0,00157	0,00246	0,00167	0,00107	0,00223	0,00348	0,00412	0,00403
0,00030	0,00015	0,00002	0,00016	0,00025	0,00074	0,00119	0,00156	0,00167	0,00137	0,00102	0,00071	0,00104	0,00206	0,00395	0,00501	0,00512	0,00479	0,00458	0,00386	0,00372	0,00349	0,00399	0,00499	0,00615	0,00616	0,00576	0,00525	0,00443	0,00380	0,00356	0,00437	0,00486	0,00366	0,00188	0,00329	0,00858	0,01293	0,01041	0,00492	0,00199	0,00105	0,00093	0,00246	0,00330	0,00167	0,00118	0,00257	0,00387	0,00426	0,00343
0,00040	0,00015	0,00006	0,00001	0,00026	0,00046	0,00090	0,00130	0,00168	0,00215	0,00203	0,00189	0,00181	0,00206	0,00282	0,00335	0,00325	0,00289	0,00267	0,00239	0,00235	0,00221	0,00266	0,00319	0,00374	0,00380	0,00409	0,00414	0,00426	0,00474	0,00544	0,00603	0,00581	0,00389	0,00318	0,00524	0,00976	0,01076	0,00691	0,00353	0,00291	0,00194	0,00200	0,00392	0,00398	0,00143	0,00135	0,00320	0,00428	0,00387	0,00291
0,00055	0,00058	0,00018	0,00004	0,00001	0,00011	0,00031	0,00067	0,00094	0,00185	0,00239	0,00275	0,00304	0,00308	0,00305	0,00288	0,00257	0,00209	0,00198	0,00187	0,00172	0,00149	0,00153	0,00205	0,00227	0,00220	0,00251	0,00335	0,00493	0,00697	0,00924	0,01050	0,00938	0,00718	0,00594	0,00712	0,00901	0,00775	0,00507	0,00473	0,00479	0,00332	0,00397	0,00540	0,00373	0,00094	0,00157	0,00379	0,00436	0,00368	0,00242
0,00036	0,00068	0,00046	0,00009	-0,00010	-0,00002	0,00009	0,00006	0,00029	0,00091	0,00156	0,00247	0,00314	0,00334	0,00334	0,00302	0,00264	0,00211	0,00190	0,00221	0,00218	0,00180	0,00151	0,00157	0,00181	0,00182	0,00202	0,00323	0,00576	0,00954	0,01295	0,01418	0,01195	0,00886	0,00703	0,00660	0,00556	0,00496	0,00594	0,00737	0,00624	0,00480	0,00612	0,00563	0,00194	0,00077	0,00260	0,00411	0,00404	0,00328	0,00230
0,00011	0,00050	0,00072	0,00038	-0,00000	0,00003	0,00005	0,00018	0,00029	0,00024	0,00067	0,00139	0,00203	0,00249	0,00274	0,00279	0,00241	0,00195	0,00175	0,00211	0,00267	0,00228	0,00143	0,00122	0,00144	0,00158	0,00219	0,00417	0,00721	0,01117	0,01412	0,01389	0,01076	0,00742	0,00497	0,00338	0,00329	0,00540	0,00855	0,00898	0,00751	0,00699	0,00732	0,00413	0,00099	0,00155	0,00351	0,00417	0,00376	0,00292	0,00205
0,00002	0,00020	0,00067	0,00048	0,00028	-0,00006	0,00025	0,00027	0,00036	0,00024	0,00025	0,00044	0,00086	0,00110	0,00152	0,00168	0,00172	0,00135	0,00114	0,00164	0,00220	0,00238	0,00156	0,00099	0,00072	0,00098	0,00202	0,00385	0,00666	0,00947	0,01103	0,00957	0,00712	0,00386	0,00171	0,00171	0,00478	0,00865	0,01037	0,00969	0,00849	0,00808	0,00641	0,00228	0,00104	0,00240	0,00397	0,00393	0,00331	0,00254	0,00197
0,00014	0,00012	0,00048	0,00047	0,00028	0,00025	0,00027	0,00041	0,00056	0,00044	0,00046	0,00023	0,00020	0,00034	0,00037	0,00082	0,00080	0,00071	0,00044	0,00072	0,00135	0,00163	0,00121	0,00043	0,00033	0,00055	0,00120	0,00259	0,00411	0,00567	0,00600	0,00439	0,00218	0,00071	0,00103	0,00400	0,00823	0,01019	0,00988	0,00878	0,00825	0,00700	0,00380	0,00150	0,00174	0,00313	0,00372	0,00356	0,00299	0,00232	0,00265
0,00042	0,00032	0,00048	0,00045	0,00038	0,00014	0,00038	0,00052	0,00054	0,00047	0,00058	0,00059	0,00038	0,00043	0,00045	0,00055	0,00059	0,00042	0,00008	0,00033	0,00055	0,00068	0,00053	0,00031	0,00044	0,00081	0,00129	0,00164	0,00224	0,00228	0,00193	0,00095	0,00037	0,00115	0,00406	0,00717	0,00878	0,00845	0,00743	0,00665	0,00632	0,00468	0,00234	0,00146	0,00227	0,00296	0,00341	0,00326	0,00292	0,00272	0,00364
0,00061	0,00060	0,00048	0,00044	0,00021	0,00011	0,00017	0,00037	0,00039	0,00025	0,00046	0,00053	0,00065	0,00068	0,00061	0,00067	0,00041	0,00024	0,00021	0,00029	0,00031	0,00030	0,00029	0,00043	0,00095	0,00148	0,00184	0,00187	0,00143	0,00083	0,00032	0,00052	0,00140	0,00345	0,00567	0,00680	0,00598	0,00505	0,00438	0,00431	0,00405	0,00311	0,00189	0,00156	0,00213	0,00274	0,00336	0,00343	0,00327	0,00345	0,00453
0,00060	0,00064	0,00060	0,00047	0,00038	0,00017	0,00012	0,00012	0,00017	0,00014	0,00025	0,00041	0,00045	0,00043	0,00051	0,00047	0,00030	0,00018	0,00022	0,00028	0,00039	0,00052	0,00069	0,00127	0,00179	0,00208	0,00200	0,00161	0,00082	0,00029	0,00031	0,00102	0,00246	0,00372	0,00438	0,00372	0,00253	0,00198	0,00217	0,00246	0,00257	0,00194	0,00136	0,00156	0,00231	0,00319	0,00403	0,00416	0,00397	0,00426	0,00575
0,00044	0,00053	0,00061	0,00060	0,00048	0,00036	0,00027	0,00019	-0,00001	0,00011	0,00027	0,00020	0,00029	0,00029	0,00039	0,00028	0,00019	0,00021	0,00055	0,00098	0,00127	0,00136	0,00166	0,00220	0,00255	0,00246	0,00179	0,00106	0,00040	0,00006	0,00048	0,00116	0,00191	0,00237	0,00198	0,00132	0,00073	0,00087	0,00118	0,00146	0,00174	0,00144	0,00163	0,00210	0,00324	0,00420	0,00489	0,00491	0,00455	0,00508	0,00688
