20,00000	20,33333	20,66667	21,00000	21,33333	21,66667	22,00000	22,33333	22,66667	23,00000	23,33333	23,66667	24,00000	24,33333	24,66667	25,00000	25,33333	25,66667	26,00000	26,33333	26,66667	27,00000	27,33333	27,66667	28,00000	28,33333	28,66667	29,00000	29,33333	29,66667	30,00000
20,00000	20,33333	20,66667	21,00000	21,33333	21,66667	22,00000	22,33333	22,66667	23,00000	23,33333	23,66667	24,00000	24,33333	24,66667	25,00000	25,33333	25,66667	26,00000	26,33333	26,66667	27,00000	27,33333	27,66667	28,00000	28,33333	28,66667	29,00000	29,33333	29,66667	30,00000
0,04359	0,05525	0,07506	0,10910	0,13123	0,13119	0,11336	0,08613	0,06694	0,05710	0,05717	0,06419	0,06989	0,06809	0,06040	0,03914	0,02632	0,02116	0,02575	0,04013	0,05193	0,05831	0,05088	0,03983	0,03443	0,03213	0,03091	0,02648	0,02281	0,02346	0,02473
0,05709	0,07782	0,11085	0,15018	0,16948	0,15672	0,13227	0,10324	0,08634	0,08203	0,08146	0,08714	0,08906	0,08267	0,06473	0,04473	0,02657	0,02481	0,03677	0,05691	0,06976	0,07518	0,06393	0,05167	0,04311	0,03860	0,03533	0,02900	0,02501	0,02535	0,02753
0,07433	0,10661	0,14800	0,18570	0,19574	0,17775	0,14729	0,12943	0,12754	0,12850	0,12629	0,12705	0,11940	0,10907	0,08517	0,05459	0,03286	0,03321	0,05349	0,07617	0,09608	0,09782	0,08580	0,06466	0,05326	0,04637	0,04027	0,03224	0,02665	0,02708	0,02928
0,09301	0,13474	0,17654	0,20835	0,20725	0,18955	0,17397	0,17822	0,19205	0,20338	0,19500	0,17981	0,15943	0,13961	0,10799	0,06697	0,04663	0,05085	0,07933	0,11051	0,12515	0,12082	0,10161	0,07839	0,06521	0,05528	0,04438	0,03589	0,02759	0,02767	0,03017
0,11791	0,15819	0,19383	0,21049	0,20545	0,19944	0,21353	0,25360	0,28235	0,29291	0,26655	0,22901	0,19246	0,15547	0,12013	0,08542	0,06993	0,08467	0,11758	0,14489	0,15182	0,14146	0,11599	0,08989	0,07306	0,06083	0,04881	0,03709	0,02874	0,02759	0,03019
0,12972	0,16699	0,19027	0,19931	0,20033	0,21733	0,26999	0,33294	0,37744	0,36650	0,32005	0,24526	0,19543	0,15078	0,12364	0,10938	0,11377	0,14036	0,17656	0,18946	0,17593	0,15611	0,12338	0,09461	0,07857	0,06298	0,04998	0,03653	0,02771	0,02733	0,02998
0,14007	0,16662	0,17752	0,17707	0,19599	0,25271	0,32558	0,40927	0,43905	0,40457	0,31748	0,22967	0,15806	0,12847	0,12760	0,14663	0,18194	0,22467	0,24449	0,23672	0,19647	0,15595	0,12242	0,09333	0,07564	0,06241	0,04839	0,03542	0,02742	0,02703	0,02996
0,14302	0,15744	0,15810	0,16172	0,19788	0,28189	0,37818	0,45287	0,45412	0,38922	0,27838	0,16673	0,10396	0,10059	0,14311	0,21615	0,27506	0,32616	0,32651	0,27862	0,20839	0,15200	0,11322	0,08814	0,07311	0,05902	0,04506	0,03351	0,02667	0,02765	0,02998
0,13816	0,14363	0,13929	0,15419	0,20976	0,30109	0,40082	0,44249	0,40776	0,31514	0,19287	0,08810	0,05684	0,09191	0,18454	0,29457	0,39234	0,43085	0,40166	0,30855	0,22272	0,14165	0,10141	0,07996	0,06677	0,05498	0,04286	0,03213	0,02612	0,02730	0,02887
0,13298	0,13250	0,12911	0,14921	0,21104	0,31373	0,38282	0,39071	0,33855	0,23455	0,12327	0,04136	0,03611	0,11287	0,23841	0,37776	0,48046	0,50277	0,44114	0,32542	0,21600	0,13039	0,09014	0,06928	0,05905	0,05144	0,04192	0,03013	0,02453	0,02536	0,02647
0,12541	0,12364	0,12191	0,14745	0,21273	0,29463	0,33887	0,32467	0,26472	0,15336	0,07689	0,02587	0,05229	0,13828	0,28059	0,44274	0,52708	0,51370	0,42753	0,30985	0,19146	0,11985	0,07640	0,05816	0,05210	0,04740	0,03893	0,02755	0,02146	0,02120	0,02214
0,11999	0,11763	0,11836	0,13872	0,18951	0,24873	0,28282	0,26621	0,20471	0,11922	0,06115	0,04260	0,07858	0,18621	0,31139	0,43818	0,49606	0,46476	0,38130	0,26978	0,16330	0,09789	0,06416	0,05146	0,04779	0,04429	0,03538	0,02416	0,01795	0,01645	0,01708
0,11125	0,11166	0,11275	0,12500	0,16395	0,20286	0,22919	0,21128	0,16566	0,10751	0,06950	0,07228	0,11604	0,19743	0,30245	0,38866	0,41603	0,37234	0,29656	0,20275	0,13296	0,08612	0,05934	0,04956	0,04710	0,04198	0,03227	0,02082	0,01421	0,01225	0,01236
0,10410	0,10561	0,10574	0,11346	0,13894	0,16185	0,17898	0,17220	0,14744	0,11325	0,09238	0,09808	0,12991	0,18874	0,25970	0,30241	0,30735	0,26716	0,21196	0,14643	0,10437	0,07410	0,05853	0,05115	0,04724	0,04041	0,02971	0,01703	0,01159	0,00913	0,00964
0,09625	0,09931	0,10081	0,10411	0,11776	0,13213	0,14649	0,14537	0,13612	0,11714	0,10770	0,10953	0,12648	0,15070	0,18999	0,20721	0,20188	0,16926	0,13610	0,10333	0,08126	0,06682	0,05846	0,05304	0,04730	0,03523	0,02418	0,01378	0,00895	0,00770	0,00915
0,08865	0,09487	0,09842	0,10141	0,10775	0,11642	0,12673	0,12790	0,12477	0,11398	0,10728	0,10467	0,10807	0,11636	0,13006	0,13178	0,12791	0,10729	0,09010	0,07441	0,06685	0,06301	0,05871	0,05288	0,04380	0,03010	0,02075	0,01239	0,00808	0,00783	0,00976
0,08214	0,09152	0,09889	0,10402	0,10870	0,11392	0,11706	0,11527	0,11107	0,10328	0,09967	0,09229	0,09012	0,08584	0,08929	0,08605	0,08028	0,06954	0,06248	0,05784	0,05782	0,05744	0,05463	0,04730	0,03642	0,02529	0,01540	0,01100	0,00861	0,00853	0,01126
0,07860	0,09042	0,10096	0,10846	0,11231	0,11453	0,11333	0,10825	0,10004	0,09213	0,08654	0,07985	0,07467	0,06789	0,06730	0,06083	0,05560	0,04861	0,04640	0,04578	0,04976	0,05093	0,04761	0,03978	0,02957	0,02012	0,01454	0,01117	0,00972	0,00996	0,01213
0,07264	0,08710	0,10005	0,10962	0,11460	0,11437	0,11045	0,10255	0,09243	0,08308	0,07675	0,07173	0,06620	0,05885	0,05436	0,04800	0,04326	0,03671	0,03524	0,03632	0,04094	0,04176	0,03884	0,03247	0,02507	0,01924	0,01526	0,01307	0,01102	0,01072	0,01255
0,06618	0,08063	0,09583	0,10516	0,11111	0,10993	0,10648	0,09779	0,08730	0,07720	0,07168	0,06659	0,06107	0,05401	0,04613	0,03859	0,03291	0,02790	0,02752	0,02882	0,03254	0,03330	0,03131	0,02685	0,02286	0,02006	0,01732	0,01506	0,01241	0,01155	0,01241
0,05989	0,07454	0,08687	0,09548	0,10147	0,10086	0,09894	0,09166	0,08384	0,07441	0,06824	0,06194	0,05584	0,04843	0,03971	0,03285	0,02724	0,02263	0,02188	0,02299	0,02561	0,02592	0,02529	0,02353	0,02238	0,02278	0,02034	0,01701	0,01341	0,01179	0,01169
0,04917	0,06026	0,07353	0,08142	0,08757	0,08796	0,08842	0,08320	0,07755	0,07004	0,06391	0,05758	0,05103	0,04278	0,03521	0,02751	0,02262	0,01899	0,01842	0,01857	0,02003	0,02067	0,02148	0,02222	0,02308	0,02339	0,02136	0,01744	0,01402	0,01146	0,01073
0,03582	0,04608	0,05712	0,06356	0,07092	0,07199	0,07506	0,07234	0,06951	0,06311	0,05864	0,05094	0,04470	0,03691	0,02976	0,02381	0,02007	0,01763	0,01627	0,01563	0,01636	0,01700	0,01852	0,02091	0,02265	0,02246	0,02050	0,01699	0,01363	0,01118	0,00968
0,02664	0,03363	0,04095	0,04645	0,05347	0,05534	0,05949	0,05911	0,05865	0,05352	0,04993	0,04354	0,03806	0,03088	0,02620	0,02158	0,01851	0,01587	0,01438	0,01288	0,01306	0,01408	0,01635	0,01926	0,02124	0,02091	0,01929	0,01606	0,01312	0,01058	0,00865
0,01788	0,02334	0,02840	0,03180	0,03678	0,03900	0,04359	0,04430	0,04552	0,04257	0,03987	0,03462	0,03073	0,02598	0,02261	0,01888	0,01650	0,01345	0,01155	0,00995	0,01031	0,01171	0,01456	0,01726	0,01877	0,01852	0,01684	0,01459	0,01212	0,00948	0,00767
0,01284	0,01575	0,01873	0,02062	0,02476	0,02579	0,03018	0,03057	0,03257	0,03072	0,02914	0,02566	0,02350	0,02094	0,01865	0,01566	0,01321	0,01039	0,00858	0,00743	0,00819	0,01013	0,01235	0,01455	0,01614	0,01580	0,01484	0,01323	0,01111	0,00801	0,00604
0,00989	0,01141	0,01308	0,01427	0,01597	0,01712	0,01957	0,02001	0,02140	0,02021	0,01948	0,01773	0,01655	0,01477	0,01373	0,01118	0,00973	0,00718	0,00575	0,00538	0,00640	0,00816	0,01021	0,01238	0,01357	0,01379	0,01350	0,01202	0,00939	0,00671	0,00482
0,00834	0,00929	0,01021	0,01051	0,01102	0,01162	0,01282	0,01302	0,01345	0,01250	0,01182	0,01060	0,01006	0,00909	0,00874	0,00729	0,00591	0,00441	0,00370	0,00361	0,00486	0,00608	0,00819	0,00991	0,01121	0,01221	0,01233	0,01095	0,00792	0,00524	0,00426
0,00778	0,00824	0,00864	0,00859	0,00860	0,00845	0,00870	0,00881	0,00863	0,00727	0,00663	0,00579	0,00544	0,00516	0,00477	0,00399	0,00335	0,00262	0,00227	0,00225	0,00298	0,00445	0,00619	0,00766	0,00984	0,01114	0,01128	0,00910	0,00619	0,00417	0,00474
0,00736	0,00780	0,00805	0,00789	0,00739	0,00684	0,00670	0,00635	0,00568	0,00474	0,00383	0,00319	0,00292	0,00279	0,00256	0,00224	0,00159	0,00139	0,00109	0,00118	0,00172	0,00314	0,00507	0,00687	0,00896	0,01008	0,00962	0,00729	0,00512	0,00459	0,00694
0,00664	0,00718	0,00754	0,00756	0,00696	0,00634	0,00575	0,00513	0,00451	0,00372	0,00277	0,00221	0,00196	0,00183	0,00171	0,00150	0,00114	0,00098	0,00099	0,00117	0,00210	0,00330	0,00565	0,00718	0,00918	0,00948	0,00813	0,00618	0,00489	0,00556	0,00897
