25,60000	25,80000	26,00000	26,20000	26,40000	26,60000	26,80000	27,00000	27,20000	27,40000	27,60000	27,80000	28,00000	28,20000	28,40000	28,60000	28,80000	29,00000	29,20000	29,40000	29,60000	29,80000	30,00000	30,20000	30,40000
23,30000	23,50000	23,70000	23,90000	24,10000	24,30000	24,50000	24,70000	24,90000	25,10000	25,30000	25,50000	25,70000	25,90000	26,10000	26,30000	26,50000	26,70000	26,90000	27,10000	27,30000	27,50000	27,70000	27,90000	28,10000
0,12488	0,12573	0,13032	0,12588	0,12704	0,13091	0,12858	0,12638	0,12968	0,12953	0,13234	0,12861	0,12803	0,12931	0,13446	0,12778	0,12728	0,13386	0,12608	0,13191	0,12789	0,12927	0,13030	0,12961	0,12537
0,12331	0,12479	0,12356	0,13139	0,12839	0,12847	0,12597	0,12970	0,12477	0,12880	0,13445	0,13055	0,13666	0,13658	0,13499	0,13204	0,12946	0,13147	0,12923	0,12973	0,12530	0,12855	0,13065	0,12337	0,12544
0,12399	0,12621	0,12897	0,13078	0,12492	0,12979	0,12385	0,12552	0,13213	0,12793	0,12960	0,13918	0,13518	0,14115	0,13599	0,13613	0,13234	0,13143	0,13389	0,12731	0,12993	0,12913	0,12942	0,12991	0,12944
0,12967	0,12669	0,12280	0,12598	0,12710	0,12359	0,12816	0,13073	0,12808	0,13394	0,13326	0,14162	0,13964	0,14389	0,13726	0,13743	0,13822	0,13162	0,13100	0,13521	0,12672	0,12653	0,12593	0,13080	0,12951
0,12933	0,12995	0,12253	0,12483	0,12684	0,12389	0,12420	0,12896	0,13035	0,13800	0,13968	0,14033	0,13738	0,13778	0,13835	0,13820	0,14088	0,13778	0,13763	0,13491	0,13089	0,13324	0,12842	0,12586	0,12264
0,12344	0,12603	0,12682	0,12344	0,12929	0,12712	0,13094	0,13046	0,13447	0,13502	0,14040	0,13820	0,14084	0,13647	0,14230	0,14136	0,13637	0,13368	0,13499	0,12943	0,12952	0,13413	0,13063	0,12875	0,12935
0,12321	0,12663	0,12353	0,12657	0,12475	0,13436	0,13214	0,13729	0,14003	0,13747	0,13852	0,13495	0,13878	0,13520	0,13935	0,13350	0,13741	0,13014	0,13040	0,13272	0,12810	0,13418	0,12557	0,13130	0,12987
0,12524	0,13072	0,13222	0,13232	0,13450	0,13199	0,13489	0,13492	0,13389	0,13535	0,13323	0,13574	0,13664	0,13309	0,13185	0,13769	0,13442	0,13446	0,13424	0,13314	0,13416	0,13139	0,13341	0,13275	0,12667
0,13123	0,13164	0,13634	0,13258	0,13170	0,14010	0,13274	0,13723	0,12968	0,13116	0,13514	0,13600	0,13247	0,13654	0,13828	0,13508	0,12902	0,12781	0,13366	0,13155	0,13049	0,12651	0,12636	0,12874	0,12908
0,12801	0,13638	0,13806	0,13848	0,14165	0,13666	0,13304	0,12965	0,13499	0,13522	0,14295	0,14354	0,13613	0,14163	0,13988	0,13675	0,13149	0,13490	0,13164	0,13250	0,12488	0,12605	0,12922	0,12655	0,13210
0,13418	0,14014	0,14251	0,14311	0,14200	0,13189	0,13318	0,13047	0,14285	0,14715	0,14695	0,15204	0,14827	0,13833	0,13798	0,13945	0,14126	0,13851	0,13269	0,12735	0,12589	0,13029	0,12834	0,12759	0,12827
0,13932	0,13601	0,13543	0,13539	0,13897	0,13227	0,13169	0,14848	0,15595	0,15998	0,15711	0,15622	0,14426	0,13933	0,13681	0,13430	0,13772	0,14086	0,14147	0,13134	0,12766	0,12992	0,12683	0,13099	0,12768
0,13382	0,14070	0,13199	0,13416	0,13268	0,12601	0,13942	0,16250	0,17279	0,18548	0,17852	0,16939	0,15014	0,14127	0,13515	0,13416	0,14159	0,14038	0,14864	0,13710	0,13407	0,12511	0,12670	0,12937	0,12648
0,13445	0,13733	0,12816	0,12722	0,12545	0,13339	0,15381	0,18800	0,20171	0,20482	0,19760	0,18394	0,15933	0,14896	0,12926	0,13166	0,13536	0,14639	0,14753	0,14251	0,13533	0,12940	0,12955	0,12355	0,12379
0,13677	0,13314	0,12516	0,13096	0,13215	0,14354	0,18098	0,20927	0,22818	0,23417	0,21986	0,20928	0,17506	0,16833	0,15043	0,14415	0,13814	0,13840	0,14173	0,14280	0,13770	0,13171	0,12889	0,13044	0,12675
0,12838	0,12793	0,12949	0,13507	0,13715	0,16602	0,20230	0,23330	0,25150	0,25236	0,23804	0,23826	0,23540	0,22472	0,20334	0,18252	0,16316	0,14587	0,14710	0,14326	0,13792	0,13942	0,13353	0,13144	0,12945
0,13145	0,12465	0,13036	0,13916	0,15339	0,18911	0,22937	0,24771	0,25708	0,25902	0,26019	0,28271	0,28920	0,29359	0,26834	0,23802	0,20115	0,17333	0,14545	0,14038	0,13729	0,13866	0,12959	0,12808	0,12447
0,12418	0,12779	0,14027	0,15583	0,17106	0,20029	0,23443	0,24912	0,24472	0,25501	0,27492	0,30896	0,32167	0,35537	0,31693	0,28764	0,23139	0,18816	0,15068	0,14374	0,13411	0,13578	0,13083	0,13123	0,12544
0,12683	0,13194	0,14172	0,16333	0,18562	0,21473	0,23030	0,23519	0,23225	0,24113	0,28039	0,32195	0,36059	0,38210	0,37630	0,32383	0,26742	0,21244	0,17079	0,14369	0,13286	0,13326	0,12712	0,13147	0,13075
0,13201	0,13860	0,14518	0,16552	0,19040	0,21193	0,21705	0,21788	0,20901	0,22801	0,27314	0,31523	0,35742	0,36924	0,37779	0,33228	0,28586	0,21941	0,17355	0,14694	0,13654	0,12740	0,12555	0,12517	0,12752
0,13246	0,13443	0,14824	0,16993	0,19078	0,20639	0,20783	0,20037	0,19759	0,20217	0,23723	0,28709	0,31848	0,34413	0,35084	0,30890	0,27116	0,22373	0,17804	0,14265	0,13170	0,12497	0,12900	0,12326	0,12607
0,13141	0,13429	0,14913	0,16376	0,18540	0,19445	0,19409	0,18035	0,17467	0,18759	0,20994	0,24903	0,28502	0,30014	0,31161	0,28842	0,25567	0,20248	0,17170	0,14747	0,13279	0,12648	0,12977	0,12687	0,12605
0,13356	0,14009	0,15202	0,16640	0,17726	0,18831	0,18281	0,16877	0,16456	0,17040	0,19168	0,21972	0,24736	0,25740	0,26214	0,24756	0,21774	0,19026	0,16233	0,14524	0,13589	0,12850	0,12809	0,12963	0,12296
0,12884	0,13745	0,14341	0,15835	0,16733	0,17571	0,17101	0,16181	0,15534	0,15819	0,17335	0,19257	0,21055	0,22718	0,24146	0,21488	0,19465	0,17386	0,15112	0,14292	0,13244	0,13019	0,12875	0,12852	0,12439
0,12866	0,13601	0,14061	0,15178	0,16538	0,16948	0,16527	0,15892	0,14827	0,14709	0,15833	0,17348	0,18907	0,19770	0,20268	0,19308	0,17709	0,16051	0,14395	0,13969	0,12931	0,12617	0,12862	0,12391	0,12804
