24,52941	24,58824	24,64706	24,70588	24,76471	24,82353	24,88235	24,94118	25,00000	25,05882	25,11765	25,17647	25,23529	25,29412	25,35294	25,41176	25,47059	25,52941	25,58824	25,64706	25,70588	25,76471	25,82353	25,88235	25,94118	26,00000	26,05882	26,11765	26,17647	26,23529	26,29412	26,35294	26,41176	26,47059	26,52941	26,58824	26,64706	26,70588	26,76471	26,82353	26,88235	26,94118	27,00000	27,05882	27,11765	27,17647	27,23529	27,29412	27,35294	27,41176	27,47059
32,52941	32,58824	32,64706	32,70588	32,76471	32,82353	32,88235	32,94118	33,00000	33,05882	33,11765	33,17647	33,23529	33,29412	33,35294	33,41176	33,47059	33,52941	33,58824	33,64706	33,70588	33,76471	33,82353	33,88235	33,94118	34,00000	34,05882	34,11765	34,17647	34,23529	34,29412	34,35294	34,41176	34,47059	34,52941	34,58824	34,64706	34,70588	34,76471	34,82353	34,88235	34,94118	35,00000	35,05882	35,11765	35,17647	35,23529	35,29412	35,35294	35,41176	35,47059
0,00179	0,00182	0,00170	0,00179	0,00184	0,00175	0,00182	0,00183	0,00168	0,00171	0,00166	0,00187	0,00160	0,00154	0,00142	0,00150	0,00132	0,00112	0,00123	0,00113	0,00112	0,00094	0,00087	0,00085	0,00080	0,00070	0,00081	0,00066	0,00075	0,00066	0,00060	0,00062	0,00069	0,00069	0,00100	0,00112	0,00121	0,00131	0,00134	0,00154	0,00155	0,00186	0,00177	0,00219	0,00200	0,00220	0,00195	0,00244	0,00262	0,00270	0,00280
0,00184	0,00188	0,00180	0,00204	0,00177	0,00190	0,00184	0,00199	0,00171	0,00194	0,00178	0,00175	0,00166	0,00166	0,00143	0,00164	0,00149	0,00147	0,00131	0,00120	0,00127	0,00106	0,00095	0,00081	0,00076	0,00083	0,00075	0,00073	0,00075	0,00070	0,00057	0,00078	0,00070	0,00111	0,00119	0,00122	0,00126	0,00130	0,00155	0,00182	0,00188	0,00189	0,00202	0,00239	0,00235	0,00237	0,00274	0,00299	0,00304	0,00388	0,00301
0,00192	0,00201	0,00179	0,00199	0,00190	0,00199	0,00200	0,00220	0,00180	0,00202	0,00186	0,00198	0,00178	0,00177	0,00178	0,00148	0,00157	0,00134	0,00136	0,00132	0,00118	0,00097	0,00102	0,00090	0,00085	0,00084	0,00082	0,00060	0,00078	0,00086	0,00068	0,00077	0,00079	0,00130	0,00143	0,00183	0,00178	0,00185	0,00191	0,00228	0,00214	0,00308	0,00277	0,00264	0,00287	0,00342	0,00332	0,00395	0,00345	0,00386	0,00377
0,00197	0,00184	0,00201	0,00220	0,00208	0,00216	0,00207	0,00228	0,00221	0,00221	0,00194	0,00197	0,00193	0,00185	0,00167	0,00161	0,00149	0,00149	0,00137	0,00120	0,00118	0,00110	0,00097	0,00080	0,00083	0,00088	0,00077	0,00078	0,00066	0,00058	0,00068	0,00094	0,00094	0,00180	0,00145	0,00201	0,00200	0,00245	0,00234	0,00301	0,00300	0,00372	0,00341	0,00330	0,00338	0,00368	0,00380	0,00479	0,00416	0,00501	0,00470
0,00217	0,00215	0,00202	0,00228	0,00220	0,00232	0,00211	0,00228	0,00208	0,00232	0,00219	0,00222	0,00204	0,00183	0,00163	0,00170	0,00153	0,00150	0,00130	0,00130	0,00128	0,00110	0,00092	0,00083	0,00070	0,00069	0,00078	0,00063	0,00069	0,00070	0,00068	0,00090	0,00090	0,00183	0,00218	0,00274	0,00230	0,00291	0,00305	0,00348	0,00350	0,00367	0,00344	0,00426	0,00420	0,00435	0,00444	0,00523	0,00535	0,00551	0,00536
0,00221	0,00224	0,00232	0,00229	0,00216	0,00234	0,00244	0,00244	0,00238	0,00235	0,00231	0,00213	0,00197	0,00189	0,00172	0,00158	0,00152	0,00148	0,00130	0,00122	0,00116	0,00081	0,00083	0,00063	0,00072	0,00075	0,00060	0,00051	0,00060	0,00059	0,00080	0,00151	0,00127	0,00273	0,00250	0,00344	0,00328	0,00381	0,00407	0,00585	0,00431	0,00507	0,00470	0,00623	0,00545	0,00568	0,00584	0,00681	0,00583	0,00669	0,00623
0,00223	0,00233	0,00232	0,00253	0,00232	0,00247	0,00245	0,00252	0,00250	0,00236	0,00217	0,00208	0,00198	0,00177	0,00160	0,00157	0,00156	0,00135	0,00121	0,00111	0,00089	0,00086	0,00065	0,00044	0,00077	0,00059	0,00053	0,00062	0,00068	0,00067	0,00084	0,00142	0,00177	0,00396	0,00353	0,00439	0,00355	0,00490	0,00489	0,00593	0,00552	0,00615	0,00609	0,00657	0,00600	0,00746	0,00652	0,00825	0,00725	0,00831	0,00709
0,00234	0,00237	0,00231	0,00254	0,00255	0,00265	0,00249	0,00260	0,00239	0,00237	0,00229	0,00207	0,00195	0,00183	0,00154	0,00160	0,00138	0,00124	0,00097	0,00094	0,00074	0,00074	0,00061	0,00047	0,00060	0,00052	0,00060	0,00067	0,00076	0,00096	0,00116	0,00228	0,00207	0,00484	0,00476	0,00674	0,00622	0,00734	0,00622	0,00984	0,00702	0,00906	0,00754	0,00808	0,00753	0,00813	0,00837	0,00910	0,00895	0,00947	0,00812
0,00231	0,00230	0,00245	0,00249	0,00259	0,00268	0,00249	0,00267	0,00237	0,00241	0,00236	0,00186	0,00182	0,00141	0,00142	0,00129	0,00121	0,00092	0,00097	0,00091	0,00080	0,00055	0,00051	0,00042	0,00023	0,00069	0,00063	0,00102	0,00109	0,00153	0,00149	0,00356	0,00324	0,00933	0,00677	0,00889	0,00844	0,00982	0,00903	0,00968	0,00979	0,01122	0,01036	0,01268	0,01012	0,01003	0,01032	0,01316	0,00989	0,01109	0,00877
0,00249	0,00266	0,00244	0,00263	0,00260	0,00273	0,00263	0,00262	0,00256	0,00251	0,00222	0,00186	0,00177	0,00132	0,00128	0,00123	0,00100	0,00090	0,00097	0,00065	0,00063	0,00049	0,00045	0,00055	0,00064	0,00072	0,00121	0,00144	0,00136	0,00185	0,00172	0,00444	0,00520	0,00969	0,01043	0,01140	0,01127	0,01284	0,01098	0,01680	0,01142	0,01309	0,01216	0,01276	0,01179	0,01296	0,01271	0,01324	0,01176	0,01358	0,01184
0,00256	0,00247	0,00254	0,00272	0,00264	0,00266	0,00283	0,00261	0,00244	0,00224	0,00233	0,00163	0,00160	0,00126	0,00104	0,00095	0,00086	0,00083	0,00060	0,00052	0,00056	0,00067	0,00064	0,00138	0,00101	0,00196	0,00133	0,00250	0,00173	0,00356	0,00333	0,00770	0,00767	0,01416	0,01372	0,01767	0,01504	0,01717	0,01250	0,01691	0,01471	0,02035	0,01524	0,01714	0,01566	0,01724	0,01572	0,01633	0,01493	0,01568	0,01174
0,00260	0,00261	0,00261	0,00291	0,00294	0,00266	0,00265	0,00253	0,00232	0,00215	0,00215	0,00157	0,00133	0,00117	0,00094	0,00106	0,00090	0,00052	0,00051	0,00055	0,00051	0,00096	0,00092	0,00180	0,00106	0,00221	0,00166	0,00422	0,00364	0,00526	0,00495	0,01112	0,01080	0,01904	0,01710	0,02121	0,01856	0,02074	0,02047	0,02652	0,01967	0,02278	0,01849	0,02268	0,01949	0,01922	0,01705	0,01983	0,01744	0,01757	0,01613
0,00261	0,00256	0,00257	0,00276	0,00290	0,00271	0,00270	0,00241	0,00208	0,00183	0,00182	0,00149	0,00118	0,00073	0,00085	0,00062	0,00086	0,00061	0,00056	0,00086	0,00067	0,00179	0,00168	0,00241	0,00286	0,00492	0,00402	0,00555	0,00501	0,00710	0,00896	0,01401	0,01192	0,02436	0,02365	0,03010	0,02263	0,02691	0,02079	0,03111	0,02668	0,02657	0,02511	0,02499	0,02391	0,02388	0,01915	0,02504	0,01903	0,02245	0,01848
0,00264	0,00273	0,00276	0,00276	0,00290	0,00257	0,00256	0,00239	0,00196	0,00169	0,00169	0,00110	0,00122	0,00076	0,00085	0,00051	0,00079	0,00078	0,00080	0,00090	0,00110	0,00207	0,00219	0,00401	0,00356	0,00622	0,00436	0,00845	0,00759	0,01421	0,01021	0,01891	0,01755	0,03410	0,02902	0,03396	0,03308	0,03427	0,03305	0,03444	0,03033	0,03880	0,03015	0,03082	0,02672	0,03345	0,02728	0,02754	0,02379	0,02572	0,01990
0,00271	0,00274	0,00270	0,00273	0,00275	0,00265	0,00262	0,00210	0,00189	0,00139	0,00150	0,00091	0,00087	0,00085	0,00073	0,00075	0,00056	0,00095	0,00116	0,00192	0,00166	0,00317	0,00327	0,00615	0,00564	0,00853	0,00851	0,01230	0,01084	0,01429	0,01431	0,02775	0,02689	0,03955	0,03813	0,04658	0,03427	0,04549	0,03334	0,05207	0,03777	0,04221	0,03589	0,03781	0,03359	0,03605	0,03164	0,03174	0,02600	0,02582	0,02348
0,00278	0,00260	0,00264	0,00260	0,00274	0,00243	0,00250	0,00201	0,00162	0,00141	0,00125	0,00088	0,00070	0,00078	0,00074	0,00088	0,00089	0,00150	0,00163	0,00267	0,00283	0,00482	0,00496	0,00778	0,00636	0,01228	0,01202	0,01538	0,01402	0,02370	0,02091	0,03435	0,03123	0,05137	0,04959	0,05483	0,04287	0,05341	0,05042	0,05101	0,04868	0,04885	0,04599	0,04468	0,04247	0,04096	0,03840	0,03504	0,03214	0,03261	0,02651
0,00242	0,00264	0,00255	0,00245	0,00259	0,00232	0,00227	0,00183	0,00123	0,00112	0,00116	0,00089	0,00074	0,00075	0,00094	0,00102	0,00125	0,00207	0,00204	0,00370	0,00369	0,00634	0,00730	0,01111	0,01077	0,01432	0,01232	0,01974	0,02062	0,02463	0,02605	0,04034	0,04246	0,06300	0,05437	0,06790	0,06108	0,06157	0,05091	0,06830	0,05737	0,06487	0,05428	0,05846	0,04725	0,04906	0,04148	0,03994	0,03279	0,03615	0,02859
0,00243	0,00266	0,00258	0,00249	0,00244	0,00221	0,00193	0,00173	0,00127	0,00086	0,00091	0,00055	0,00073	0,00096	0,00109	0,00135	0,00141	0,00259	0,00315	0,00460	0,00478	0,01032	0,00990	0,01473	0,01519	0,02260	0,02014	0,02433	0,02617	0,03355	0,03644	0,05525	0,05248	0,06831	0,06497	0,07649	0,06529	0,07493	0,06903	0,07083	0,06351	0,06613	0,05757	0,06374	0,05295	0,05648	0,04808	0,04502	0,04005	0,03698	0,03394
0,00260	0,00247	0,00252	0,00235	0,00261	0,00204	0,00203	0,00139	0,00100	0,00069	0,00080	0,00070	0,00066	0,00121	0,00121	0,00180	0,00165	0,00300	0,00370	0,00553	0,00688	0,01011	0,01144	0,01687	0,01557	0,02208	0,02009	0,03241	0,02920	0,04130	0,04027	0,06539	0,05686	0,08870	0,08021	0,08424	0,07873	0,08831	0,07001	0,08086	0,07447	0,08170	0,06942	0,06832	0,05955	0,06452	0,05427	0,05277	0,04125	0,04315	0,03458
0,00246	0,00227	0,00236	0,00228	0,00221	0,00191	0,00165	0,00129	0,00086	0,00065	0,00062	0,00058	0,00097	0,00138	0,00182	0,00225	0,00266	0,00419	0,00462	0,00831	0,00853	0,01250	0,01478	0,02121	0,02275	0,02829	0,02996	0,04053	0,03607	0,04837	0,05135	0,06659	0,06994	0,08852	0,09106	0,09804	0,09233	0,09577	0,09025	0,09001	0,08400	0,08299	0,07708	0,07419	0,07045	0,06798	0,06025	0,05626	0,04790	0,04494	0,03734
0,00217	0,00222	0,00240	0,00216	0,00213	0,00193	0,00145	0,00128	0,00081	0,00061	0,00053	0,00062	0,00079	0,00157	0,00189	0,00254	0,00317	0,00518	0,00583	0,00802	0,01030	0,01459	0,01784	0,02242	0,02497	0,03158	0,03476	0,04099	0,04231	0,05389	0,05607	0,07767	0,07745	0,09732	0,09542	0,10357	0,09900	0,10370	0,09459	0,09847	0,09184	0,09474	0,08330	0,08744	0,07147	0,07470	0,06765	0,06016	0,04945	0,04725	0,04128
0,00227	0,00214	0,00219	0,00207	0,00211	0,00171	0,00148	0,00097	0,00084	0,00063	0,00058	0,00082	0,00127	0,00217	0,00233	0,00310	0,00352	0,00564	0,00677	0,01064	0,01105	0,01630	0,01920	0,02556	0,02790	0,03676	0,03884	0,04682	0,04762	0,05791	0,06301	0,08372	0,08335	0,10759	0,10708	0,11012	0,10623	0,11232	0,10335	0,10795	0,10011	0,09611	0,09029	0,08918	0,08316	0,08032	0,06919	0,06175	0,05227	0,04909	0,04227
0,00206	0,00197	0,00220	0,00212	0,00206	0,00169	0,00127	0,00112	0,00065	0,00065	0,00047	0,00099	0,00127	0,00257	0,00294	0,00387	0,00416	0,00637	0,00732	0,01100	0,01308	0,01950	0,02041	0,02892	0,03233	0,03976	0,04218	0,05251	0,05113	0,06308	0,06994	0,08957	0,09605	0,11212	0,11408	0,11617	0,11433	0,11568	0,11123	0,11315	0,10038	0,10443	0,09574	0,09206	0,08488	0,08307	0,07273	0,06402	0,05619	0,04947	0,04539
0,00200	0,00210	0,00203	0,00199	0,00192	0,00166	0,00124	0,00111	0,00073	0,00104	0,00069	0,00160	0,00199	0,00321	0,00312	0,00405	0,00499	0,00710	0,00887	0,01206	0,01390	0,01996	0,02459	0,03008	0,03281	0,04185	0,04258	0,05464	0,05705	0,06901	0,07632	0,09400	0,09983	0,11463	0,11805	0,12043	0,11536	0,11806	0,11252	0,11276	0,10705	0,10440	0,09734	0,09554	0,09065	0,08507	0,07742	0,06544	0,05563	0,04977	0,04491
0,00201	0,00216	0,00201	0,00209	0,00188	0,00166	0,00117	0,00106	0,00098	0,00116	0,00102	0,00203	0,00206	0,00386	0,00441	0,00530	0,00559	0,00753	0,00952	0,01259	0,01487	0,02197	0,02574	0,03237	0,03686	0,04290	0,04803	0,05581	0,06112	0,06994	0,08027	0,09720	0,10355	0,11707	0,11977	0,12101	0,12059	0,11954	0,11592	0,11272	0,11030	0,10513	0,09957	0,09531	0,09183	0,08622	0,07760	0,06516	0,05629	0,04931	0,04519
0,00209	0,00229	0,00207	0,00205	0,00201	0,00200	0,00137	0,00147	0,00105	0,00208	0,00139	0,00318	0,00345	0,00523	0,00432	0,00542	0,00617	0,00841	0,01029	0,01419	0,01589	0,02188	0,02589	0,03290	0,03738	0,04362	0,04775	0,05805	0,06172	0,07074	0,08189	0,09648	0,10622	0,11544	0,11953	0,11974	0,12050	0,11854	0,11741	0,11301	0,11082	0,10372	0,09931	0,09318	0,09215	0,08537	0,07724	0,06312	0,05672	0,04945	0,04478
0,00190	0,00213	0,00212	0,00227	0,00222	0,00213	0,00165	0,00177	0,00204	0,00204	0,00206	0,00311	0,00347	0,00564	0,00576	0,00739	0,00748	0,00992	0,01090	0,01461	0,01726	0,02330	0,02760	0,03276	0,03853	0,04599	0,05110	0,05884	0,06332	0,07174	0,08340	0,09535	0,10668	0,11366	0,11817	0,11409	0,11858	0,11444	0,11671	0,10715	0,11002	0,10049	0,09917	0,09004	0,09033	0,07957	0,07640	0,06284	0,05569	0,04753	0,04390
0,00201	0,00217	0,00222	0,00244	0,00227	0,00245	0,00194	0,00213	0,00260	0,00307	0,00229	0,00430	0,00525	0,00658	0,00629	0,00754	0,00830	0,01069	0,01219	0,01540	0,01741	0,02276	0,02785	0,03333	0,03940	0,04511	0,05022	0,05805	0,06295	0,07189	0,08208	0,09258	0,10356	0,10701	0,11179	0,11084	0,11157	0,10827	0,11194	0,10456	0,10327	0,09731	0,09743	0,08815	0,08764	0,07949	0,07221	0,05581	0,05128	0,04407	0,04129
0,00209	0,00234	0,00235	0,00259	0,00234	0,00238	0,00219	0,00302	0,00311	0,00395	0,00383	0,00520	0,00571	0,00773	0,00712	0,00879	0,00866	0,01128	0,01263	0,01681	0,01799	0,02373	0,02701	0,03229	0,03825	0,04516	0,04926	0,05706	0,06277	0,06702	0,08150	0,08777	0,10155	0,10405	0,11075	0,09742	0,10967	0,10325	0,10318	0,09744	0,09885	0,08471	0,08737	0,07572	0,08362	0,07376	0,06795	0,05510	0,04907	0,04109	0,03990
0,00217	0,00248	0,00248	0,00272	0,00265	0,00315	0,00270	0,00317	0,00370	0,00460	0,00458	0,00667	0,00664	0,00915	0,00855	0,01005	0,01069	0,01281	0,01376	0,01657	0,01896	0,02402	0,02817	0,03321	0,03742	0,04289	0,04999	0,05642	0,06211	0,06673	0,07643	0,08148	0,09557	0,08767	0,09742	0,09619	0,09903	0,09204	0,09854	0,08574	0,09191	0,08395	0,08309	0,07544	0,07678	0,06607	0,06583	0,04963	0,04442	0,03884	0,03707
0,00236	0,00255	0,00257	0,00300	0,00286	0,00339	0,00336	0,00370	0,00456	0,00580	0,00555	0,00806	0,00800	0,01002	0,01031	0,01151	0,01197	0,01471	0,01521	0,01914	0,02013	0,02511	0,02776	0,03236	0,03734	0,04136	0,04806	0,05286	0,05733	0,06059	0,07304	0,07817	0,08894	0,08802	0,09245	0,08232	0,08809	0,08303	0,09436	0,07681	0,08130	0,07304	0,07482	0,06612	0,06862	0,06012	0,05849	0,04506	0,04057	0,03251	0,03615
0,00241	0,00249	0,00287	0,00342	0,00295	0,00346	0,00396	0,00432	0,00559	0,00667	0,00632	0,00849	0,00969	0,01212	0,01108	0,01323	0,01348	0,01550	0,01666	0,01922	0,02103	0,02568	0,02871	0,03239	0,03643	0,04130	0,04541	0,05031	0,05712	0,05994	0,07016	0,07044	0,08384	0,07226	0,08023	0,07695	0,08010	0,07504	0,07852	0,07257	0,08095	0,06381	0,06816	0,06021	0,06182	0,05636	0,05319	0,03947	0,03675	0,03193	0,02973
0,00244	0,00278	0,00302	0,00336	0,00343	0,00430	0,00421	0,00497	0,00665	0,00739	0,00713	0,01006	0,01111	0,01365	0,01268	0,01423	0,01415	0,01700	0,01794	0,02269	0,02173	0,02767	0,02896	0,03356	0,03587	0,04015	0,04441	0,04756	0,05211	0,05518	0,06437	0,06694	0,07288	0,07174	0,07432	0,06867	0,07485	0,06693	0,07299	0,06375	0,06480	0,05764	0,06437	0,05435	0,05532	0,04419	0,04872	0,03505	0,03302	0,02608	0,02978
0,00283	0,00284	0,00334	0,00375	0,00345	0,00440	0,00502	0,00576	0,00691	0,00833	0,00815	0,01097	0,01233	0,01487	0,01449	0,01743	0,01602	0,01934	0,01962	0,02238	0,02365	0,02750	0,02924	0,03313	0,03608	0,03967	0,04361	0,04781	0,04970	0,05374	0,06042	0,06289	0,07039	0,06235	0,06842	0,05668	0,06684	0,06101	0,06413	0,05672	0,06145	0,05119	0,05153	0,04555	0,04901	0,04449	0,04058	0,03228	0,03088	0,02588	0,02418
0,00256	0,00303	0,00343	0,00376	0,00381	0,00471	0,00553	0,00636	0,00809	0,00908	0,00925	0,01211	0,01257	0,01609	0,01614	0,01833	0,01770	0,02047	0,02154	0,02441	0,02510	0,03049	0,03115	0,03495	0,03634	0,04030	0,04200	0,04563	0,04824	0,05114	0,05680	0,05551	0,06069	0,05681	0,06023	0,05365	0,05628	0,05401	0,05438	0,04976	0,05522	0,04395	0,05008	0,03964	0,04571	0,03921	0,04059	0,02979	0,02709	0,02273	0,02459
0,00271	0,00297	0,00356	0,00406	0,00369	0,00503	0,00588	0,00680	0,00860	0,00983	0,01031	0,01309	0,01511	0,01714	0,01697	0,01926	0,01946	0,02243	0,02201	0,02644	0,02587	0,03074	0,03214	0,03640	0,03741	0,04100	0,04249	0,04576	0,04738	0,04957	0,05399	0,05491	0,05930	0,05430	0,05366	0,05073	0,05106	0,04499	0,04907	0,04394	0,04532	0,04009	0,03998	0,03781	0,03808	0,03462	0,03237	0,02691	0,02510	0,02054	0,02024
0,00275	0,00317	0,00369	0,00405	0,00433	0,00513	0,00623	0,00738	0,00939	0,01086	0,01066	0,01349	0,01503	0,01847	0,01821	0,02038	0,02101	0,02404	0,02518	0,02854	0,02909	0,03372	0,03483	0,03798	0,03856	0,04193	0,04310	0,04661	0,04650	0,04881	0,05169	0,05254	0,05319	0,04949	0,05009	0,04704	0,04920	0,04493	0,04620	0,04051	0,04197	0,03792	0,03789	0,03310	0,03460	0,03060	0,03270	0,02360	0,02411	0,01962	0,01997
0,00289	0,00307	0,00368	0,00413	0,00432	0,00528	0,00641	0,00748	0,00987	0,01133	0,01133	0,01478	0,01648	0,01908	0,01945	0,02156	0,02232	0,02468	0,02597	0,02944	0,03015	0,03461	0,03585	0,03913	0,03986	0,04335	0,04416	0,04676	0,04708	0,04969	0,05125	0,05157	0,05278	0,04977	0,04780	0,04493	0,04650	0,04185	0,04260	0,03849	0,03890	0,03413	0,03478	0,03134	0,03259	0,02892	0,02720	0,02318	0,02073	0,01893	0,01751
0,00299	0,00319	0,00360	0,00421	0,00458	0,00543	0,00688	0,00789	0,01014	0,01146	0,01171	0,01485	0,01699	0,01973	0,01999	0,02198	0,02258	0,02620	0,02776	0,03051	0,03227	0,03597	0,03761	0,04148	0,04140	0,04494	0,04509	0,04771	0,04766	0,04974	0,05108	0,05157	0,05067	0,04919	0,04722	0,04468	0,04361	0,04158	0,04054	0,03762	0,03735	0,03404	0,03327	0,03059	0,03041	0,02751	0,02635	0,02222	0,02040	0,01758	0,01747
0,00284	0,00328	0,00369	0,00415	0,00470	0,00553	0,00717	0,00799	0,01012	0,01172	0,01196	0,01509	0,01748	0,02001	0,02049	0,02234	0,02317	0,02606	0,02857	0,03204	0,03353	0,03797	0,03963	0,04270	0,04370	0,04619	0,04687	0,04897	0,04866	0,05065	0,05192	0,05238	0,05109	0,04951	0,04677	0,04502	0,04368	0,04198	0,04022	0,03762	0,03628	0,03375	0,03203	0,03005	0,02965	0,02685	0,02531	0,02206	0,01922	0,01751	0,01642
0,00280	0,00312	0,00395	0,00407	0,00476	0,00551	0,00692	0,00797	0,01054	0,01162	0,01218	0,01487	0,01765	0,01968	0,02069	0,02216	0,02391	0,02663	0,02899	0,03243	0,03400	0,03840	0,03977	0,04352	0,04448	0,04781	0,04717	0,05115	0,05031	0,05226	0,05289	0,05302	0,05109	0,04985	0,04693	0,04507	0,04419	0,04205	0,04024	0,03774	0,03632	0,03387	0,03209	0,02947	0,02948	0,02699	0,02522	0,02131	0,01882	0,01724	0,01609
0,00283	0,00314	0,00371	0,00433	0,00459	0,00555	0,00718	0,00799	0,01047	0,01189	0,01212	0,01444	0,01732	0,01874	0,02039	0,02213	0,02363	0,02567	0,02942	0,03216	0,03491	0,03791	0,04094	0,04382	0,04571	0,04772	0,04955	0,05142	0,05132	0,05314	0,05380	0,05413	0,05228	0,05084	0,04787	0,04629	0,04454	0,04278	0,04030	0,03782	0,03652	0,03475	0,03203	0,03054	0,02919	0,02712	0,02483	0,02182	0,01907	0,01719	0,01581
0,00263	0,00301	0,00385	0,00429	0,00470	0,00548	0,00714	0,00813	0,01023	0,01111	0,01174	0,01423	0,01707	0,01848	0,01990	0,02130	0,02334	0,02571	0,02924	0,03169	0,03453	0,03678	0,04056	0,04324	0,04601	0,04791	0,04911	0,05134	0,05223	0,05345	0,05427	0,05417	0,05279	0,05098	0,04814	0,04604	0,04508	0,04304	0,04080	0,03831	0,03673	0,03443	0,03276	0,02999	0,02922	0,02723	0,02483	0,02192	0,01878	0,01692	0,01569
0,00266	0,00300	0,00367	0,00407	0,00465	0,00549	0,00723	0,00773	0,01008	0,01082	0,01185	0,01349	0,01590	0,01724	0,01881	0,01991	0,02301	0,02408	0,02844	0,02977	0,03332	0,03633	0,03990	0,04245	0,04551	0,04731	0,04945	0,05028	0,05178	0,05312	0,05445	0,05392	0,05255	0,05019	0,04774	0,04558	0,04484	0,04282	0,04129	0,03816	0,03681	0,03469	0,03245	0,03023	0,02943	0,02734	0,02463	0,02149	0,01829	0,01639	0,01554
0,00290	0,00296	0,00375	0,00391	0,00460	0,00539	0,00703	0,00772	0,00952	0,01049	0,01152	0,01314	0,01508	0,01694	0,01833	0,01868	0,02056	0,02293	0,02684	0,02846	0,03175	0,03376	0,03759	0,03975	0,04388	0,04577	0,04845	0,04933	0,05214	0,05228	0,05378	0,05132	0,05216	0,04896	0,04780	0,04500	0,04435	0,04149	0,04158	0,03802	0,03680	0,03379	0,03240	0,02987	0,02961	0,02728	0,02463	0,02151	0,01880	0,01640	0,01489
0,00259	0,00285	0,00344	0,00394	0,00466	0,00517	0,00678	0,00762	0,00908	0,00987	0,01095	0,01223	0,01504	0,01527	0,01704	0,01755	0,01976	0,02150	0,02514	0,02650	0,02969	0,03159	0,03697	0,03868	0,04224	0,04258	0,04688	0,04705	0,04869	0,04875	0,05160	0,05050	0,04883	0,04759	0,04477	0,04206	0,04383	0,04037	0,03911	0,03594	0,03637	0,03323	0,03169	0,02911	0,02888	0,02609	0,02450	0,02128	0,01775	0,01565	0,01504
0,00257	0,00272	0,00344	0,00368	0,00462	0,00507	0,00655	0,00733	0,00858	0,00928	0,01026	0,01154	0,01338	0,01448	0,01645	0,01649	0,01896	0,01891	0,02342	0,02416	0,02905	0,02961	0,03377	0,03459	0,03826	0,03899	0,04275	0,04312	0,04711	0,04667	0,04793	0,04766	0,04573	0,04360	0,04190	0,03918	0,04060	0,03834	0,03907	0,03438	0,03412	0,03042	0,03129	0,02719	0,02814	0,02476	0,02329	0,01999	0,01767	0,01510	0,01383
0,00247	0,00260	0,00327	0,00368	0,00448	0,00485	0,00646	0,00692	0,00858	0,00878	0,00981	0,01065	0,01183	0,01302	0,01419	0,01456	0,01605	0,01707	0,02093	0,02089	0,02582	0,02703	0,03052	0,03044	0,03612	0,03587	0,03867	0,03952	0,04350	0,03892	0,04439	0,04210	0,04591	0,03996	0,04029	0,03493	0,03794	0,03540	0,03430	0,03237	0,03203	0,02877	0,02844	0,02534	0,02652	0,02395	0,02187	0,01910	0,01583	0,01418	0,01353
0,00231	0,00232	0,00321	0,00343	0,00428	0,00461	0,00610	0,00670	0,00790	0,00877	0,00929	0,00959	0,01116	0,01157	0,01370	0,01299	0,01504	0,01545	0,01807	0,01847	0,02206	0,02304	0,02727	0,02843	0,03098	0,03121	0,03921	0,03517	0,03731	0,03933	0,04109	0,03714	0,03718	0,03430	0,03511	0,03112	0,03433	0,03070	0,03268	0,02856	0,03198	0,02751	0,02800	0,02421	0,02593	0,02211	0,02055	0,01785	0,01601	0,01308	0,01286
0,00209	0,00245	0,00296	0,00335	0,00415	0,00446	0,00587	0,00646	0,00769	0,00771	0,00846	0,00915	0,01051	0,01026	0,01117	0,01200	0,01335	0,01396	0,01697	0,01720	0,02024	0,01940	0,02395	0,02187	0,02806	0,02620	0,03002	0,03179	0,03558	0,03391	0,03382	0,03379	0,03635	0,03078	0,03109	0,02918	0,03038	0,02699	0,02929	0,02459	0,02624	0,02465	0,02393	0,02148	0,02296	0,02053	0,01869	0,01609	0,01372	0,01219	0,01127
0,00209	0,00207	0,00288	0,00307	0,00394	0,00441	0,00564	0,00601	0,00728	0,00764	0,00808	0,00845	0,00914	0,00980	0,01039	0,01056	0,01128	0,01221	0,01439	0,01407	0,01610	0,01686	0,01990	0,02017	0,02518	0,02297	0,02690	0,02671	0,02899	0,02948	0,02940	0,02900	0,02705	0,02716	0,02877	0,02505	0,02632	0,02475	0,02704	0,02299	0,02387	0,02278	0,02120	0,01963	0,02008	0,01874	0,01692	0,01608	0,01297	0,01184	0,01067
