24,40000	24,52000	24,64000	24,76000	24,88000	25,00000	25,12000	25,24000	25,36000	25,48000	25,60000	25,72000	25,84000	25,96000	26,08000	26,20000	26,32000	26,44000	26,56000	26,68000	26,80000	26,92000	27,04000	27,16000	27,28000	27,40000	27,52000	27,64000	27,76000	27,88000	28,00000	28,12000	28,24000	28,36000	28,48000	28,60000	28,72000	28,84000	28,96000	29,08000	29,20000	29,32000	29,44000	29,56000	29,68000	29,80000	29,92000	30,04000	30,16000	30,28000	30,40000
19,50000	19,62000	19,74000	19,86000	19,98000	20,10000	20,22000	20,34000	20,46000	20,58000	20,70000	20,82000	20,94000	21,06000	21,18000	21,30000	21,42000	21,54000	21,66000	21,78000	21,90000	22,02000	22,14000	22,26000	22,38000	22,50000	22,62000	22,74000	22,86000	22,98000	23,10000	23,22000	23,34000	23,46000	23,58000	23,70000	23,82000	23,94000	24,06000	24,18000	24,30000	24,42000	24,54000	24,66000	24,78000	24,90000	25,02000	25,14000	25,26000	25,38000	25,50000
0,00107	0,00096	0,00114	0,00110	0,00094	0,00100	0,00104	0,00087	0,00099	0,00101	0,00115	0,00086	0,00140	0,00133	0,00147	0,00116	0,00100	0,00125	0,00136	0,00155	0,00134	0,00140	0,00128	0,00137	0,00118	0,00164	0,00120	0,00118	0,00128	0,00148	0,00123	0,00130	0,00127	0,00122	0,00114	0,00111	0,00133	0,00088	0,00098	0,00101	0,00096	0,00099	0,00100	0,00117	0,00099	0,00085	0,00097	0,00087	0,00110	0,00125	0,00101
0,00088	0,00116	0,00117	0,00089	0,00098	0,00105	0,00112	0,00137	0,00137	0,00132	0,00128	0,00156	0,00149	0,00117	0,00124	0,00133	0,00159	0,00135	0,00131	0,00111	0,00134	0,00119	0,00119	0,00133	0,00105	0,00145	0,00133	0,00154	0,00149	0,00143	0,00139	0,00108	0,00137	0,00137	0,00126	0,00094	0,00100	0,00100	0,00105	0,00115	0,00129	0,00093	0,00106	0,00107	0,00107	0,00092	0,00085	0,00104	0,00114	0,00115	0,00092
0,00143	0,00111	0,00107	0,00126	0,00097	0,00139	0,00134	0,00115	0,00128	0,00159	0,00154	0,00176	0,00137	0,00158	0,00154	0,00163	0,00136	0,00160	0,00137	0,00159	0,00116	0,00178	0,00128	0,00131	0,00124	0,00127	0,00153	0,00125	0,00121	0,00121	0,00132	0,00119	0,00112	0,00119	0,00148	0,00113	0,00134	0,00100	0,00138	0,00100	0,00103	0,00114	0,00094	0,00144	0,00080	0,00088	0,00082	0,00120	0,00085	0,00103	0,00098
0,00100	0,00092	0,00141	0,00127	0,00131	0,00153	0,00129	0,00149	0,00143	0,00143	0,00149	0,00156	0,00141	0,00143	0,00152	0,00123	0,00139	0,00152	0,00153	0,00134	0,00134	0,00130	0,00162	0,00128	0,00152	0,00121	0,00146	0,00134	0,00102	0,00123	0,00124	0,00103	0,00135	0,00138	0,00123	0,00100	0,00103	0,00093	0,00090	0,00084	0,00100	0,00078	0,00087	0,00082	0,00102	0,00083	0,00078	0,00123	0,00118	0,00113	0,00085
0,00107	0,00136	0,00134	0,00122	0,00130	0,00143	0,00133	0,00142	0,00138	0,00138	0,00162	0,00151	0,00140	0,00129	0,00119	0,00113	0,00160	0,00130	0,00137	0,00168	0,00153	0,00140	0,00131	0,00093	0,00167	0,00135	0,00116	0,00108	0,00127	0,00121	0,00120	0,00112	0,00122	0,00137	0,00139	0,00133	0,00135	0,00103	0,00105	0,00103	0,00106	0,00116	0,00114	0,00112	0,00094	0,00095	0,00112	0,00103	0,00095	0,00105	0,00098
0,00136	0,00141	0,00154	0,00169	0,00145	0,00144	0,00156	0,00141	0,00176	0,00167	0,00137	0,00142	0,00148	0,00130	0,00113	0,00127	0,00124	0,00139	0,00142	0,00112	0,00126	0,00144	0,00098	0,00125	0,00139	0,00107	0,00123	0,00147	0,00133	0,00114	0,00111	0,00116	0,00099	0,00113	0,00104	0,00118	0,00089	0,00095	0,00100	0,00092	0,00094	0,00093	0,00101	0,00114	0,00100	0,00113	0,00113	0,00103	0,00087	0,00092	0,00117
0,00117	0,00164	0,00117	0,00120	0,00151	0,00143	0,00161	0,00143	0,00184	0,00144	0,00133	0,00124	0,00149	0,00117	0,00124	0,00091	0,00111	0,00103	0,00113	0,00101	0,00107	0,00112	0,00123	0,00111	0,00107	0,00149	0,00108	0,00121	0,00131	0,00111	0,00130	0,00106	0,00090	0,00119	0,00121	0,00119	0,00103	0,00124	0,00111	0,00120	0,00124	0,00113	0,00088	0,00106	0,00133	0,00099	0,00102	0,00092	0,00098	0,00093	0,00077
0,00127	0,00118	0,00170	0,00121	0,00155	0,00145	0,00140	0,00130	0,00154	0,00105	0,00151	0,00126	0,00090	0,00136	0,00127	0,00082	0,00098	0,00087	0,00090	0,00106	0,00095	0,00094	0,00101	0,00095	0,00107	0,00089	0,00103	0,00117	0,00116	0,00131	0,00090	0,00100	0,00114	0,00104	0,00079	0,00091	0,00097	0,00094	0,00093	0,00099	0,00127	0,00115	0,00094	0,00117	0,00095	0,00081	0,00121	0,00110	0,00088	0,00103	0,00085
0,00144	0,00121	0,00122	0,00159	0,00123	0,00154	0,00132	0,00127	0,00131	0,00114	0,00113	0,00086	0,00093	0,00089	0,00093	0,00094	0,00099	0,00087	0,00088	0,00080	0,00085	0,00126	0,00093	0,00118	0,00087	0,00107	0,00080	0,00108	0,00097	0,00096	0,00114	0,00099	0,00129	0,00093	0,00097	0,00090	0,00090	0,00123	0,00090	0,00102	0,00071	0,00105	0,00111	0,00116	0,00118	0,00104	0,00085	0,00093	0,00087	0,00078	0,00115
0,00109	0,00153	0,00125	0,00121	0,00113	0,00110	0,00129	0,00104	0,00114	0,00115	0,00115	0,00113	0,00106	0,00086	0,00111	0,00095	0,00092	0,00102	0,00076	0,00078	0,00109	0,00097	0,00107	0,00085	0,00091	0,00087	0,00094	0,00107	0,00133	0,00127	0,00142	0,00096	0,00104	0,00123	0,00129	0,00103	0,00088	0,00091	0,00129	0,00128	0,00105	0,00100	0,00086	0,00088	0,00086	0,00098	0,00115	0,00089	0,00079	0,00096	0,00102
0,00115	0,00098	0,00147	0,00100	0,00130	0,00107	0,00093	0,00116	0,00101	0,00093	0,00136	0,00152	0,00125	0,00115	0,00101	0,00124	0,00108	0,00103	0,00099	0,00114	0,00093	0,00125	0,00109	0,00094	0,00106	0,00107	0,00126	0,00102	0,00122	0,00113	0,00132	0,00091	0,00125	0,00118	0,00077	0,00092	0,00096	0,00087	0,00106	0,00111	0,00094	0,00093	0,00087	0,00085	0,00098	0,00091	0,00090	0,00119	0,00072	0,00083	0,00088
0,00102	0,00104	0,00102	0,00103	0,00095	0,00093	0,00131	0,00135	0,00138	0,00104	0,00130	0,00163	0,00162	0,00164	0,00149	0,00157	0,00184	0,00176	0,00150	0,00170	0,00125	0,00116	0,00119	0,00113	0,00126	0,00117	0,00108	0,00097	0,00094	0,00081	0,00090	0,00093	0,00100	0,00108	0,00102	0,00103	0,00090	0,00085	0,00091	0,00098	0,00115	0,00130	0,00107	0,00110	0,00121	0,00101	0,00100	0,00114	0,00083	0,00091	0,00088
0,00103	0,00123	0,00134	0,00111	0,00104	0,00103	0,00104	0,00148	0,00139	0,00146	0,00175	0,00217	0,00254	0,00217	0,00233	0,00255	0,00212	0,00248	0,00210	0,00226	0,00179	0,00170	0,00154	0,00173	0,00147	0,00157	0,00128	0,00098	0,00107	0,00091	0,00121	0,00095	0,00099	0,00100	0,00106	0,00119	0,00121	0,00083	0,00084	0,00108	0,00096	0,00099	0,00080	0,00117	0,00093	0,00116	0,00117	0,00106	0,00108	0,00087	0,00113
0,00084	0,00086	0,00107	0,00125	0,00117	0,00140	0,00143	0,00156	0,00137	0,00200	0,00224	0,00358	0,00335	0,00314	0,00327	0,00331	0,00297	0,00297	0,00287	0,00304	0,00274	0,00243	0,00197	0,00238	0,00194	0,00180	0,00175	0,00123	0,00111	0,00098	0,00120	0,00102	0,00116	0,00089	0,00101	0,00086	0,00104	0,00108	0,00119	0,00102	0,00093	0,00100	0,00090	0,00086	0,00083	0,00088	0,00096	0,00062	0,00097	0,00093	0,00090
0,00129	0,00138	0,00141	0,00134	0,00149	0,00170	0,00165	0,00180	0,00228	0,00277	0,00302	0,00399	0,00442	0,00449	0,00438	0,00399	0,00401	0,00422	0,00402	0,00406	0,00368	0,00346	0,00278	0,00308	0,00261	0,00236	0,00191	0,00172	0,00140	0,00148	0,00095	0,00093	0,00105	0,00082	0,00119	0,00091	0,00093	0,00096	0,00102	0,00104	0,00105	0,00091	0,00095	0,00093	0,00114	0,00060	0,00084	0,00103	0,00095	0,00118	0,00077
0,00140	0,00117	0,00130	0,00157	0,00193	0,00214	0,00212	0,00239	0,00272	0,00376	0,00398	0,00486	0,00492	0,00511	0,00495	0,00527	0,00510	0,00533	0,00516	0,00505	0,00469	0,00406	0,00411	0,00365	0,00340	0,00310	0,00249	0,00220	0,00161	0,00140	0,00121	0,00101	0,00076	0,00084	0,00112	0,00112	0,00084	0,00124	0,00114	0,00087	0,00092	0,00105	0,00093	0,00125	0,00128	0,00107	0,00088	0,00093	0,00092	0,00097	0,00093
0,00141	0,00148	0,00156	0,00174	0,00196	0,00231	0,00265	0,00283	0,00330	0,00412	0,00488	0,00555	0,00594	0,00560	0,00574	0,00580	0,00581	0,00592	0,00600	0,00619	0,00558	0,00509	0,00474	0,00459	0,00411	0,00397	0,00333	0,00269	0,00223	0,00181	0,00153	0,00152	0,00115	0,00120	0,00121	0,00091	0,00095	0,00105	0,00085	0,00097	0,00095	0,00118	0,00107	0,00100	0,00089	0,00085	0,00083	0,00083	0,00098	0,00104	0,00100
0,00145	0,00162	0,00168	0,00195	0,00225	0,00272	0,00272	0,00342	0,00362	0,00447	0,00486	0,00584	0,00599	0,00621	0,00654	0,00660	0,00646	0,00652	0,00670	0,00664	0,00649	0,00605	0,00553	0,00548	0,00511	0,00481	0,00427	0,00332	0,00278	0,00231	0,00189	0,00138	0,00135	0,00108	0,00102	0,00099	0,00100	0,00105	0,00092	0,00104	0,00090	0,00092	0,00085	0,00118	0,00123	0,00097	0,00101	0,00094	0,00096	0,00084	0,00109
0,00164	0,00159	0,00200	0,00206	0,00247	0,00287	0,00314	0,00357	0,00449	0,00471	0,00526	0,00564	0,00624	0,00616	0,00650	0,00678	0,00690	0,00683	0,00703	0,00720	0,00696	0,00673	0,00639	0,00605	0,00582	0,00525	0,00460	0,00388	0,00320	0,00291	0,00217	0,00168	0,00146	0,00112	0,00129	0,00119	0,00129	0,00101	0,00122	0,00108	0,00130	0,00085	0,00092	0,00102	0,00110	0,00111	0,00090	0,00134	0,00094	0,00081	0,00103
0,00149	0,00196	0,00219	0,00238	0,00263	0,00313	0,00371	0,00406	0,00434	0,00485	0,00519	0,00538	0,00579	0,00620	0,00674	0,00710	0,00710	0,00745	0,00738	0,00790	0,00746	0,00737	0,00735	0,00718	0,00635	0,00616	0,00547	0,00448	0,00421	0,00346	0,00285	0,00244	0,00173	0,00144	0,00122	0,00110	0,00131	0,00144	0,00105	0,00118	0,00113	0,00117	0,00108	0,00098	0,00098	0,00141	0,00101	0,00107	0,00087	0,00090	0,00094
0,00197	0,00185	0,00203	0,00228	0,00262	0,00308	0,00368	0,00410	0,00427	0,00469	0,00472	0,00496	0,00579	0,00601	0,00668	0,00719	0,00743	0,00741	0,00782	0,00831	0,00819	0,00819	0,00785	0,00819	0,00743	0,00676	0,00632	0,00549	0,00476	0,00390	0,00320	0,00303	0,00233	0,00211	0,00159	0,00183	0,00126	0,00110	0,00109	0,00122	0,00125	0,00147	0,00112	0,00125	0,00108	0,00122	0,00099	0,00094	0,00084	0,00083	0,00089
0,00206	0,00197	0,00238	0,00285	0,00260	0,00278	0,00342	0,00350	0,00386	0,00420	0,00493	0,00518	0,00533	0,00584	0,00642	0,00739	0,00747	0,00814	0,00822	0,00891	0,00904	0,00888	0,00901	0,00911	0,00855	0,00774	0,00699	0,00583	0,00516	0,00439	0,00384	0,00303	0,00260	0,00233	0,00184	0,00174	0,00136	0,00140	0,00163	0,00136	0,00126	0,00144	0,00146	0,00119	0,00106	0,00090	0,00110	0,00090	0,00088	0,00115	0,00119
0,00194	0,00190	0,00218	0,00270	0,00261	0,00291	0,00295	0,00363	0,00349	0,00417	0,00424	0,00460	0,00517	0,00588	0,00630	0,00732	0,00767	0,00797	0,00879	0,00982	0,00961	0,00987	0,01021	0,01004	0,00963	0,00880	0,00808	0,00641	0,00570	0,00508	0,00421	0,00352	0,00316	0,00264	0,00232	0,00188	0,00175	0,00142	0,00166	0,00160	0,00138	0,00131	0,00113	0,00123	0,00136	0,00094	0,00105	0,00135	0,00123	0,00088	0,00094
0,00186	0,00207	0,00266	0,00236	0,00252	0,00288	0,00292	0,00335	0,00334	0,00354	0,00424	0,00413	0,00468	0,00603	0,00627	0,00747	0,00821	0,00874	0,00942	0,01012	0,01053	0,01099	0,01112	0,01145	0,01042	0,00982	0,00892	0,00720	0,00662	0,00551	0,00464	0,00408	0,00345	0,00286	0,00225	0,00217	0,00224	0,00196	0,00200	0,00164	0,00183	0,00147	0,00132	0,00125	0,00145	0,00117	0,00121	0,00086	0,00099	0,00101	0,00089
0,00209	0,00214	0,00228	0,00245	0,00238	0,00260	0,00295	0,00290	0,00302	0,00334	0,00358	0,00379	0,00466	0,00537	0,00606	0,00734	0,00816	0,00875	0,00944	0,01039	0,01096	0,01155	0,01209	0,01232	0,01154	0,01069	0,00934	0,00796	0,00690	0,00620	0,00499	0,00467	0,00389	0,00307	0,00252	0,00281	0,00213	0,00205	0,00193	0,00192	0,00180	0,00176	0,00142	0,00147	0,00122	0,00107	0,00116	0,00117	0,00094	0,00099	0,00114
0,00221	0,00204	0,00245	0,00273	0,00230	0,00233	0,00251	0,00282	0,00282	0,00278	0,00324	0,00328	0,00419	0,00436	0,00548	0,00666	0,00727	0,00805	0,00894	0,01073	0,01061	0,01206	0,01231	0,01250	0,01195	0,01130	0,01039	0,00823	0,00738	0,00660	0,00534	0,00453	0,00364	0,00346	0,00302	0,00292	0,00254	0,00207	0,00198	0,00189	0,00195	0,00179	0,00166	0,00152	0,00123	0,00159	0,00125	0,00111	0,00097	0,00092	0,00093
0,00211	0,00258	0,00223	0,00247	0,00258	0,00225	0,00241	0,00230	0,00240	0,00254	0,00254	0,00303	0,00298	0,00383	0,00478	0,00531	0,00661	0,00674	0,00810	0,00939	0,01026	0,01158	0,01205	0,01266	0,01242	0,01163	0,01064	0,00902	0,00751	0,00688	0,00607	0,00511	0,00420	0,00357	0,00318	0,00282	0,00261	0,00242	0,00241	0,00218	0,00213	0,00208	0,00176	0,00174	0,00130	0,00111	0,00118	0,00108	0,00146	0,00100	0,00081
0,00248	0,00214	0,00226	0,00262	0,00237	0,00197	0,00221	0,00234	0,00211	0,00239	0,00198	0,00230	0,00254	0,00287	0,00368	0,00435	0,00493	0,00535	0,00656	0,00812	0,00879	0,01032	0,01132	0,01186	0,01163	0,01111	0,01022	0,00945	0,00762	0,00656	0,00640	0,00538	0,00466	0,00378	0,00322	0,00302	0,00260	0,00232	0,00209	0,00231	0,00208	0,00213	0,00170	0,00157	0,00139	0,00135	0,00151	0,00121	0,00136	0,00103	0,00116
0,00247	0,00238	0,00229	0,00246	0,00243	0,00195	0,00194	0,00176	0,00193	0,00173	0,00181	0,00153	0,00201	0,00217	0,00269	0,00339	0,00360	0,00396	0,00471	0,00617	0,00719	0,00862	0,00961	0,00996	0,01099	0,01013	0,01019	0,00875	0,00755	0,00671	0,00634	0,00499	0,00453	0,00386	0,00334	0,00316	0,00261	0,00250	0,00247	0,00239	0,00240	0,00221	0,00222	0,00169	0,00169	0,00161	0,00147	0,00135	0,00096	0,00115	0,00089
0,00254	0,00274	0,00251	0,00232	0,00197	0,00195	0,00216	0,00160	0,00179	0,00148	0,00155	0,00149	0,00176	0,00201	0,00199	0,00210	0,00269	0,00267	0,00310	0,00431	0,00531	0,00694	0,00816	0,00843	0,00907	0,00881	0,00931	0,00836	0,00748	0,00657	0,00593	0,00524	0,00414	0,00372	0,00357	0,00301	0,00263	0,00282	0,00224	0,00248	0,00224	0,00235	0,00226	0,00175	0,00177	0,00142	0,00138	0,00125	0,00097	0,00088	0,00103
0,00255	0,00264	0,00231	0,00239	0,00220	0,00177	0,00225	0,00148	0,00161	0,00137	0,00186	0,00172	0,00208	0,00211	0,00170	0,00208	0,00210	0,00201	0,00287	0,00302	0,00376	0,00547	0,00647	0,00644	0,00722	0,00737	0,00790	0,00721	0,00663	0,00609	0,00601	0,00490	0,00402	0,00350	0,00315	0,00297	0,00288	0,00250	0,00245	0,00222	0,00219	0,00216	0,00206	0,00178	0,00207	0,00146	0,00134	0,00121	0,00124	0,00106	0,00123
0,00268	0,00258	0,00239	0,00230	0,00215	0,00182	0,00138	0,00142	0,00143	0,00179	0,00176	0,00246	0,00294	0,00280	0,00256	0,00217	0,00239	0,00240	0,00239	0,00246	0,00291	0,00371	0,00461	0,00503	0,00572	0,00564	0,00619	0,00644	0,00559	0,00502	0,00525	0,00435	0,00395	0,00338	0,00336	0,00294	0,00275	0,00268	0,00236	0,00236	0,00233	0,00221	0,00218	0,00193	0,00207	0,00158	0,00164	0,00132	0,00127	0,00102	0,00088
0,00281	0,00271	0,00250	0,00234	0,00230	0,00204	0,00147	0,00151	0,00137	0,00167	0,00198	0,00284	0,00370	0,00373	0,00330	0,00327	0,00339	0,00318	0,00273	0,00273	0,00270	0,00315	0,00341	0,00366	0,00441	0,00420	0,00514	0,00507	0,00491	0,00448	0,00454	0,00395	0,00373	0,00339	0,00320	0,00302	0,00278	0,00276	0,00226	0,00253	0,00236	0,00223	0,00215	0,00185	0,00186	0,00148	0,00150	0,00116	0,00121	0,00116	0,00117
0,00276	0,00267	0,00246	0,00240	0,00230	0,00186	0,00162	0,00141	0,00160	0,00173	0,00238	0,00396	0,00414	0,00481	0,00457	0,00489	0,00462	0,00449	0,00387	0,00373	0,00321	0,00273	0,00296	0,00299	0,00318	0,00321	0,00367	0,00393	0,00380	0,00375	0,00385	0,00373	0,00334	0,00294	0,00287	0,00260	0,00229	0,00221	0,00225	0,00243	0,00228	0,00234	0,00236	0,00200	0,00178	0,00162	0,00132	0,00155	0,00114	0,00110	0,00127
0,00295	0,00280	0,00254	0,00279	0,00209	0,00196	0,00162	0,00149	0,00149	0,00241	0,00310	0,00437	0,00510	0,00586	0,00567	0,00592	0,00623	0,00553	0,00495	0,00407	0,00368	0,00341	0,00272	0,00250	0,00272	0,00245	0,00297	0,00287	0,00297	0,00327	0,00317	0,00330	0,00300	0,00322	0,00279	0,00269	0,00238	0,00216	0,00219	0,00198	0,00190	0,00209	0,00192	0,00204	0,00177	0,00151	0,00146	0,00136	0,00162	0,00130	0,00102
0,00302	0,00276	0,00275	0,00266	0,00222	0,00236	0,00182	0,00169	0,00190	0,00214	0,00348	0,00459	0,00584	0,00642	0,00668	0,00700	0,00699	0,00692	0,00606	0,00540	0,00486	0,00380	0,00268	0,00259	0,00247	0,00238	0,00244	0,00253	0,00256	0,00231	0,00268	0,00278	0,00296	0,00279	0,00233	0,00288	0,00251	0,00230	0,00230	0,00193	0,00190	0,00214	0,00176	0,00177	0,00192	0,00148	0,00132	0,00171	0,00148	0,00158	0,00130
0,00284	0,00276	0,00273	0,00274	0,00259	0,00220	0,00215	0,00185	0,00186	0,00239	0,00325	0,00435	0,00559	0,00649	0,00716	0,00762	0,00778	0,00752	0,00726	0,00621	0,00566	0,00448	0,00373	0,00306	0,00234	0,00232	0,00192	0,00185	0,00187	0,00201	0,00219	0,00232	0,00247	0,00248	0,00254	0,00260	0,00218	0,00221	0,00185	0,00168	0,00171	0,00169	0,00173	0,00194	0,00146	0,00137	0,00173	0,00150	0,00122	0,00114	0,00095
0,00309	0,00282	0,00270	0,00288	0,00268	0,00228	0,00200	0,00228	0,00186	0,00277	0,00310	0,00426	0,00508	0,00652	0,00762	0,00776	0,00843	0,00801	0,00735	0,00697	0,00654	0,00533	0,00389	0,00356	0,00271	0,00232	0,00168	0,00181	0,00175	0,00176	0,00198	0,00214	0,00254	0,00236	0,00258	0,00249	0,00209	0,00210	0,00195	0,00188	0,00163	0,00162	0,00156	0,00174	0,00155	0,00139	0,00154	0,00160	0,00115	0,00145	0,00147
0,00281	0,00299	0,00247	0,00259	0,00243	0,00265	0,00234	0,00230	0,00183	0,00241	0,00300	0,00376	0,00526	0,00591	0,00710	0,00758	0,00798	0,00795	0,00782	0,00744	0,00675	0,00555	0,00481	0,00387	0,00333	0,00310	0,00213	0,00194	0,00204	0,00179	0,00192	0,00205	0,00209	0,00232	0,00231	0,00211	0,00239	0,00227	0,00219	0,00190	0,00140	0,00149	0,00162	0,00177	0,00126	0,00130	0,00118	0,00120	0,00140	0,00111	0,00109
0,00259	0,00284	0,00251	0,00240	0,00232	0,00238	0,00245	0,00257	0,00207	0,00253	0,00245	0,00328	0,00435	0,00543	0,00616	0,00698	0,00734	0,00745	0,00800	0,00727	0,00731	0,00668	0,00524	0,00475	0,00372	0,00318	0,00275	0,00247	0,00170	0,00195	0,00172	0,00198	0,00225	0,00226	0,00223	0,00227	0,00226	0,00168	0,00159	0,00149	0,00158	0,00154	0,00127	0,00160	0,00132	0,00099	0,00117	0,00170	0,00140	0,00136	0,00126
0,00259	0,00259	0,00221	0,00223	0,00231	0,00217	0,00242	0,00236	0,00222	0,00231	0,00255	0,00327	0,00390	0,00435	0,00554	0,00646	0,00693	0,00672	0,00727	0,00729	0,00705	0,00659	0,00567	0,00547	0,00440	0,00420	0,00307	0,00264	0,00232	0,00225	0,00207	0,00188	0,00230	0,00217	0,00202	0,00205	0,00186	0,00179	0,00142	0,00150	0,00113	0,00134	0,00149	0,00146	0,00119	0,00103	0,00153	0,00112	0,00127	0,00142	0,00125
0,00231	0,00226	0,00194	0,00204	0,00204	0,00212	0,00230	0,00238	0,00215	0,00260	0,00210	0,00271	0,00376	0,00434	0,00469	0,00554	0,00598	0,00685	0,00698	0,00700	0,00732	0,00678	0,00646	0,00576	0,00534	0,00464	0,00422	0,00335	0,00266	0,00231	0,00200	0,00217	0,00198	0,00213	0,00208	0,00231	0,00189	0,00174	0,00148	0,00140	0,00142	0,00123	0,00109	0,00105	0,00140	0,00117	0,00113	0,00113	0,00112	0,00115	0,00098
0,00211	0,00196	0,00210	0,00186	0,00204	0,00187	0,00206	0,00213	0,00237	0,00207	0,00247	0,00279	0,00273	0,00351	0,00400	0,00496	0,00570	0,00606	0,00647	0,00685	0,00686	0,00681	0,00660	0,00606	0,00563	0,00546	0,00429	0,00377	0,00321	0,00278	0,00244	0,00225	0,00243	0,00211	0,00239	0,00215	0,00180	0,00170	0,00157	0,00153	0,00132	0,00119	0,00111	0,00112	0,00109	0,00111	0,00103	0,00103	0,00101	0,00101	0,00092
0,00205	0,00168	0,00177	0,00152	0,00167	0,00163	0,00179	0,00209	0,00189	0,00206	0,00221	0,00223	0,00276	0,00342	0,00381	0,00485	0,00510	0,00570	0,00620	0,00668	0,00710	0,00701	0,00704	0,00677	0,00598	0,00567	0,00475	0,00393	0,00354	0,00291	0,00296	0,00230	0,00240	0,00208	0,00193	0,00184	0,00177	0,00195	0,00136	0,00171	0,00113	0,00128	0,00132	0,00120	0,00103	0,00110	0,00147	0,00095	0,00094	0,00078	0,00095
0,00190	0,00156	0,00139	0,00130	0,00133	0,00154	0,00172	0,00161	0,00199	0,00205	0,00196	0,00253	0,00271	0,00323	0,00381	0,00445	0,00491	0,00554	0,00599	0,00678	0,00727	0,00730	0,00748	0,00677	0,00648	0,00589	0,00517	0,00484	0,00400	0,00360	0,00281	0,00260	0,00233	0,00187	0,00205	0,00185	0,00174	0,00148	0,00134	0,00135	0,00096	0,00089	0,00081	0,00102	0,00106	0,00112	0,00105	0,00128	0,00109	0,00110	0,00131
0,00165	0,00153	0,00125	0,00149	0,00109	0,00131	0,00130	0,00151	0,00160	0,00162	0,00204	0,00223	0,00252	0,00309	0,00366	0,00435	0,00499	0,00548	0,00600	0,00639	0,00692	0,00710	0,00739	0,00689	0,00666	0,00600	0,00540	0,00481	0,00444	0,00336	0,00297	0,00262	0,00242	0,00209	0,00182	0,00217	0,00175	0,00171	0,00142	0,00164	0,00143	0,00105	0,00095	0,00095	0,00116	0,00096	0,00087	0,00127	0,00124	0,00096	0,00120
0,00146	0,00102	0,00118	0,00116	0,00132	0,00111	0,00126	0,00128	0,00158	0,00165	0,00197	0,00212	0,00246	0,00284	0,00349	0,00411	0,00493	0,00544	0,00606	0,00661	0,00674	0,00732	0,00704	0,00707	0,00640	0,00651	0,00571	0,00478	0,00440	0,00347	0,00323	0,00247	0,00231	0,00223	0,00172	0,00188	0,00154	0,00154	0,00128	0,00127	0,00115	0,00118	0,00110	0,00094	0,00089	0,00109	0,00089	0,00123	0,00096	0,00116	0,00089
0,00163	0,00135	0,00112	0,00100	0,00130	0,00088	0,00114	0,00119	0,00121	0,00176	0,00200	0,00219	0,00246	0,00316	0,00376	0,00449	0,00440	0,00525	0,00555	0,00631	0,00686	0,00689	0,00695	0,00683	0,00633	0,00593	0,00550	0,00502	0,00427	0,00395	0,00314	0,00270	0,00215	0,00192	0,00167	0,00198	0,00151	0,00141	0,00164	0,00101	0,00114	0,00131	0,00103	0,00110	0,00094	0,00106	0,00093	0,00087	0,00114	0,00087	0,00108
0,00126	0,00097	0,00111	0,00117	0,00104	0,00102	0,00111	0,00113	0,00122	0,00145	0,00187	0,00235	0,00250	0,00313	0,00376	0,00413	0,00463	0,00538	0,00544	0,00581	0,00623	0,00667	0,00658	0,00637	0,00647	0,00569	0,00540	0,00488	0,00395	0,00351	0,00299	0,00271	0,00230	0,00204	0,00161	0,00185	0,00153	0,00159	0,00121	0,00120	0,00121	0,00116	0,00108	0,00105	0,00077	0,00127	0,00120	0,00088	0,00100	0,00091	0,00096
0,00142	0,00121	0,00113	0,00088	0,00090	0,00108	0,00086	0,00112	0,00119	0,00154	0,00209	0,00201	0,00311	0,00317	0,00370	0,00396	0,00476	0,00498	0,00558	0,00540	0,00591	0,00632	0,00618	0,00623	0,00563	0,00560	0,00506	0,00448	0,00385	0,00346	0,00287	0,00267	0,00222	0,00179	0,00162	0,00153	0,00136	0,00146	0,00138	0,00135	0,00135	0,00137	0,00114	0,00110	0,00098	0,00091	0,00080	0,00108	0,00084	0,00084	0,00140
0,00143	0,00098	0,00100	0,00115	0,00101	0,00092	0,00100	0,00109	0,00128	0,00142	0,00219	0,00237	0,00313	0,00314	0,00388	0,00393	0,00446	0,00481	0,00493	0,00531	0,00583	0,00563	0,00554	0,00563	0,00509	0,00523	0,00469	0,00451	0,00344	0,00352	0,00269	0,00245	0,00235	0,00183	0,00184	0,00139	0,00154	0,00164	0,00155	0,00127	0,00101	0,00153	0,00140	0,00108	0,00126	0,00107	0,00139	0,00088	0,00085	0,00114	0,00107
