24,40000	24,52000	24,64000	24,76000	24,88000	25,00000	25,12000	25,24000	25,36000	25,48000	25,60000	25,72000	25,84000	25,96000	26,08000	26,20000	26,32000	26,44000	26,56000	26,68000	26,80000	26,92000	27,04000	27,16000	27,28000	27,40000	27,52000	27,64000	27,76000	27,88000	28,00000	28,12000	28,24000	28,36000	28,48000	28,60000	28,72000	28,84000	28,96000	29,08000	29,20000	29,32000	29,44000	29,56000	29,68000	29,80000	29,92000	30,04000	30,16000	30,28000	30,40000
18,00000	18,12000	18,24000	18,36000	18,48000	18,60000	18,72000	18,84000	18,96000	19,08000	19,20000	19,32000	19,44000	19,56000	19,68000	19,80000	19,92000	20,04000	20,16000	20,28000	20,40000	20,52000	20,64000	20,76000	20,88000	21,00000	21,12000	21,24000	21,36000	21,48000	21,60000	21,72000	21,84000	21,96000	22,08000	22,20000	22,32000	22,44000	22,56000	22,68000	22,80000	22,92000	23,04000	23,16000	23,28000	23,40000	23,52000	23,64000	23,76000	23,88000	24,00000
0,00101	0,00083	0,00083	0,00101	0,00091	0,00088	0,00106	0,00112	0,00094	0,00121	0,00081	0,00094	0,00106	0,00078	0,00101	0,00112	0,00071	0,00102	0,00085	0,00084	0,00090	0,00104	0,00099	0,00083	0,00099	0,00090	0,00099	0,00082	0,00118	0,00121	0,00096	0,00090	0,00096	0,00097	0,00132	0,00079	0,00119	0,00104	0,00093	0,00130	0,00088	0,00116	0,00133	0,00114	0,00111	0,00089	0,00093	0,00109	0,00112	0,00132	0,00112
0,00115	0,00089	0,00094	0,00081	0,00102	0,00102	0,00079	0,00095	0,00106	0,00104	0,00090	0,00077	0,00092	0,00095	0,00087	0,00089	0,00088	0,00119	0,00103	0,00078	0,00095	0,00095	0,00092	0,00101	0,00115	0,00098	0,00089	0,00122	0,00105	0,00101	0,00115	0,00108	0,00122	0,00096	0,00127	0,00090	0,00097	0,00091	0,00099	0,00082	0,00118	0,00098	0,00103	0,00094	0,00099	0,00142	0,00114	0,00139	0,00090	0,00103	0,00109
0,00088	0,00127	0,00091	0,00097	0,00102	0,00124	0,00098	0,00094	0,00110	0,00091	0,00086	0,00097	0,00099	0,00081	0,00088	0,00125	0,00110	0,00119	0,00094	0,00127	0,00082	0,00125	0,00092	0,00100	0,00121	0,00110	0,00101	0,00090	0,00114	0,00118	0,00103	0,00110	0,00081	0,00099	0,00101	0,00091	0,00118	0,00097	0,00114	0,00095	0,00095	0,00111	0,00137	0,00123	0,00104	0,00120	0,00131	0,00120	0,00126	0,00131	0,00142
0,00117	0,00100	0,00111	0,00084	0,00075	0,00086	0,00094	0,00086	0,00097	0,00084	0,00076	0,00090	0,00098	0,00078	0,00090	0,00097	0,00100	0,00090	0,00111	0,00094	0,00121	0,00101	0,00103	0,00089	0,00121	0,00084	0,00116	0,00105	0,00128	0,00106	0,00128	0,00089	0,00106	0,00098	0,00119	0,00092	0,00111	0,00140	0,00107	0,00107	0,00120	0,00113	0,00150	0,00135	0,00134	0,00133	0,00144	0,00124	0,00118	0,00128	0,00106
0,00119	0,00081	0,00128	0,00099	0,00082	0,00123	0,00105	0,00076	0,00103	0,00085	0,00130	0,00121	0,00098	0,00106	0,00086	0,00077	0,00094	0,00085	0,00081	0,00123	0,00086	0,00116	0,00112	0,00106	0,00124	0,00093	0,00097	0,00084	0,00110	0,00104	0,00102	0,00127	0,00095	0,00102	0,00104	0,00102	0,00096	0,00137	0,00130	0,00144	0,00141	0,00130	0,00131	0,00129	0,00163	0,00140	0,00134	0,00169	0,00153	0,00142	0,00168
0,00106	0,00070	0,00119	0,00090	0,00090	0,00098	0,00099	0,00121	0,00084	0,00088	0,00092	0,00090	0,00116	0,00087	0,00086	0,00083	0,00096	0,00095	0,00086	0,00092	0,00099	0,00114	0,00079	0,00133	0,00112	0,00109	0,00097	0,00084	0,00114	0,00100	0,00136	0,00116	0,00098	0,00095	0,00131	0,00113	0,00114	0,00139	0,00145	0,00168	0,00173	0,00148	0,00143	0,00162	0,00150	0,00144	0,00145	0,00141	0,00144	0,00148	0,00165
0,00090	0,00092	0,00094	0,00067	0,00081	0,00075	0,00116	0,00068	0,00096	0,00102	0,00083	0,00098	0,00087	0,00074	0,00076	0,00125	0,00094	0,00085	0,00076	0,00106	0,00111	0,00112	0,00099	0,00101	0,00099	0,00137	0,00092	0,00107	0,00104	0,00103	0,00119	0,00083	0,00095	0,00105	0,00133	0,00129	0,00136	0,00149	0,00163	0,00144	0,00204	0,00156	0,00189	0,00162	0,00161	0,00162	0,00135	0,00150	0,00151	0,00178	0,00166
0,00086	0,00106	0,00089	0,00092	0,00101	0,00084	0,00081	0,00101	0,00088	0,00111	0,00118	0,00095	0,00121	0,00112	0,00083	0,00128	0,00102	0,00114	0,00087	0,00083	0,00136	0,00120	0,00091	0,00113	0,00093	0,00108	0,00117	0,00108	0,00089	0,00099	0,00101	0,00112	0,00126	0,00105	0,00164	0,00144	0,00178	0,00208	0,00211	0,00188	0,00177	0,00151	0,00142	0,00129	0,00140	0,00124	0,00129	0,00122	0,00133	0,00162	0,00141
0,00081	0,00083	0,00103	0,00085	0,00124	0,00103	0,00114	0,00079	0,00096	0,00112	0,00099	0,00126	0,00093	0,00101	0,00102	0,00115	0,00097	0,00130	0,00092	0,00091	0,00095	0,00105	0,00128	0,00106	0,00088	0,00124	0,00132	0,00127	0,00102	0,00107	0,00095	0,00104	0,00150	0,00145	0,00161	0,00159	0,00174	0,00169	0,00187	0,00192	0,00195	0,00153	0,00179	0,00151	0,00119	0,00105	0,00097	0,00122	0,00116	0,00136	0,00133
0,00105	0,00102	0,00095	0,00102	0,00087	0,00087	0,00100	0,00093	0,00124	0,00087	0,00107	0,00100	0,00089	0,00096	0,00131	0,00093	0,00093	0,00114	0,00106	0,00120	0,00132	0,00124	0,00100	0,00107	0,00102	0,00122	0,00088	0,00093	0,00127	0,00135	0,00104	0,00141	0,00121	0,00155	0,00200	0,00160	0,00169	0,00161	0,00203	0,00167	0,00172	0,00142	0,00147	0,00112	0,00109	0,00101	0,00102	0,00105	0,00097	0,00139	0,00093
0,00112	0,00089	0,00117	0,00092	0,00090	0,00082	0,00088	0,00090	0,00100	0,00084	0,00101	0,00086	0,00120	0,00099	0,00087	0,00119	0,00096	0,00097	0,00106	0,00107	0,00109	0,00100	0,00111	0,00116	0,00102	0,00138	0,00122	0,00100	0,00105	0,00117	0,00122	0,00132	0,00124	0,00191	0,00186	0,00167	0,00182	0,00194	0,00155	0,00135	0,00137	0,00112	0,00116	0,00111	0,00107	0,00124	0,00078	0,00102	0,00118	0,00093	0,00137
0,00101	0,00092	0,00097	0,00093	0,00099	0,00102	0,00104	0,00102	0,00109	0,00086	0,00088	0,00104	0,00093	0,00090	0,00117	0,00085	0,00085	0,00075	0,00083	0,00080	0,00081	0,00108	0,00086	0,00083	0,00100	0,00107	0,00113	0,00137	0,00124	0,00129	0,00108	0,00131	0,00141	0,00191	0,00196	0,00170	0,00164	0,00141	0,00125	0,00118	0,00086	0,00102	0,00102	0,00100	0,00084	0,00109	0,00101	0,00129	0,00134	0,00100	0,00125
0,00123	0,00111	0,00122	0,00069	0,00112	0,00099	0,00094	0,00094	0,00096	0,00094	0,00090	0,00101	0,00116	0,00076	0,00101	0,00096	0,00115	0,00104	0,00083	0,00089	0,00115	0,00097	0,00093	0,00090	0,00108	0,00115	0,00088	0,00107	0,00115	0,00131	0,00119	0,00159	0,00176	0,00161	0,00154	0,00138	0,00148	0,00126	0,00127	0,00130	0,00143	0,00121	0,00127	0,00134	0,00135	0,00130	0,00132	0,00144	0,00104	0,00096	0,00104
0,00105	0,00098	0,00094	0,00100	0,00115	0,00094	0,00080	0,00091	0,00101	0,00098	0,00118	0,00120	0,00115	0,00084	0,00117	0,00092	0,00090	0,00102	0,00106	0,00115	0,00093	0,00118	0,00093	0,00115	0,00111	0,00099	0,00121	0,00124	0,00128	0,00122	0,00147	0,00136	0,00173	0,00144	0,00175	0,00142	0,00132	0,00120	0,00137	0,00140	0,00172	0,00150	0,00154	0,00206	0,00206	0,00220	0,00185	0,00172	0,00139	0,00112	0,00107
0,00106	0,00114	0,00121	0,00086	0,00093	0,00068	0,00096	0,00115	0,00136	0,00122	0,00107	0,00119	0,00102	0,00099	0,00098	0,00096	0,00100	0,00090	0,00088	0,00105	0,00103	0,00105	0,00123	0,00099	0,00117	0,00098	0,00137	0,00104	0,00121	0,00139	0,00137	0,00118	0,00170	0,00130	0,00116	0,00132	0,00121	0,00135	0,00158	0,00188	0,00200	0,00245	0,00269	0,00270	0,00314	0,00336	0,00273	0,00251	0,00202	0,00211	0,00149
0,00135	0,00132	0,00114	0,00085	0,00100	0,00089	0,00075	0,00088	0,00089	0,00080	0,00103	0,00110	0,00102	0,00125	0,00105	0,00121	0,00077	0,00121	0,00092	0,00088	0,00090	0,00112	0,00105	0,00128	0,00088	0,00095	0,00139	0,00141	0,00101	0,00142	0,00119	0,00123	0,00143	0,00150	0,00154	0,00155	0,00165	0,00232	0,00242	0,00280	0,00311	0,00338	0,00365	0,00400	0,00466	0,00441	0,00422	0,00372	0,00294	0,00236	0,00218
0,00096	0,00118	0,00066	0,00116	0,00085	0,00107	0,00108	0,00090	0,00121	0,00114	0,00099	0,00089	0,00099	0,00095	0,00089	0,00071	0,00093	0,00099	0,00109	0,00117	0,00105	0,00128	0,00094	0,00097	0,00097	0,00104	0,00086	0,00114	0,00147	0,00102	0,00143	0,00111	0,00118	0,00134	0,00119	0,00177	0,00202	0,00246	0,00295	0,00383	0,00429	0,00500	0,00502	0,00581	0,00627	0,00616	0,00534	0,00500	0,00385	0,00333	0,00257
0,00101	0,00079	0,00100	0,00118	0,00089	0,00114	0,00115	0,00103	0,00091	0,00084	0,00094	0,00118	0,00100	0,00086	0,00097	0,00093	0,00122	0,00111	0,00093	0,00112	0,00115	0,00150	0,00104	0,00092	0,00127	0,00096	0,00094	0,00115	0,00104	0,00121	0,00142	0,00112	0,00121	0,00132	0,00154	0,00166	0,00208	0,00330	0,00358	0,00484	0,00554	0,00623	0,00695	0,00745	0,00813	0,00809	0,00704	0,00663	0,00548	0,00438	0,00331
0,00084	0,00091	0,00095	0,00117	0,00093	0,00100	0,00104	0,00092	0,00120	0,00137	0,00087	0,00108	0,00106	0,00117	0,00122	0,00107	0,00118	0,00101	0,00124	0,00096	0,00139	0,00107	0,00102	0,00114	0,00092	0,00076	0,00104	0,00094	0,00088	0,00105	0,00083	0,00130	0,00134	0,00176	0,00189	0,00259	0,00292	0,00431	0,00437	0,00596	0,00657	0,00781	0,00866	0,00916	0,00995	0,00932	0,00892	0,00814	0,00702	0,00609	0,00482
0,00093	0,00087	0,00102	0,00120	0,00093	0,00116	0,00103	0,00085	0,00109	0,00114	0,00089	0,00084	0,00091	0,00099	0,00091	0,00138	0,00099	0,00101	0,00099	0,00096	0,00087	0,00098	0,00103	0,00087	0,00126	0,00069	0,00112	0,00117	0,00100	0,00112	0,00146	0,00138	0,00133	0,00177	0,00201	0,00282	0,00335	0,00462	0,00513	0,00696	0,00778	0,00826	0,01004	0,01009	0,01134	0,01092	0,01039	0,01002	0,00877	0,00764	0,00609
0,00086	0,00120	0,00083	0,00103	0,00086	0,00120	0,00084	0,00097	0,00111	0,00112	0,00106	0,00091	0,00093	0,00090	0,00129	0,00102	0,00091	0,00101	0,00101	0,00089	0,00107	0,00099	0,00098	0,00092	0,00083	0,00123	0,00117	0,00088	0,00100	0,00103	0,00124	0,00131	0,00152	0,00186	0,00238	0,00286	0,00343	0,00469	0,00567	0,00713	0,00788	0,00923	0,01045	0,01114	0,01232	0,01185	0,01176	0,01174	0,01057	0,00933	0,00859
0,00096	0,00120	0,00088	0,00123	0,00092	0,00096	0,00085	0,00101	0,00115	0,00078	0,00100	0,00086	0,00098	0,00082	0,00118	0,00135	0,00102	0,00105	0,00131	0,00093	0,00108	0,00099	0,00106	0,00098	0,00094	0,00104	0,00107	0,00113	0,00110	0,00111	0,00136	0,00158	0,00190	0,00236	0,00264	0,00352	0,00371	0,00485	0,00578	0,00681	0,00787	0,00861	0,01029	0,01116	0,01183	0,01172	0,01273	0,01264	0,01227	0,01104	0,00986
0,00123	0,00097	0,00093	0,00072	0,00098	0,00097	0,00086	0,00098	0,00103	0,00096	0,00095	0,00102	0,00093	0,00086	0,00119	0,00100	0,00120	0,00116	0,00101	0,00095	0,00117	0,00085	0,00121	0,00084	0,00094	0,00115	0,00138	0,00117	0,00114	0,00132	0,00182	0,00196	0,00203	0,00250	0,00278	0,00308	0,00365	0,00475	0,00566	0,00595	0,00743	0,00822	0,00955	0,00979	0,01150	0,01169	0,01285	0,01313	0,01303	0,01228	0,01113
0,00105	0,00075	0,00070	0,00125	0,00098	0,00099	0,00137	0,00124	0,00101	0,00135	0,00095	0,00115	0,00108	0,00107	0,00108	0,00122	0,00097	0,00093	0,00127	0,00110	0,00113	0,00127	0,00101	0,00100	0,00124	0,00128	0,00130	0,00142	0,00125	0,00154	0,00155	0,00181	0,00205	0,00225	0,00315	0,00300	0,00357	0,00407	0,00508	0,00523	0,00621	0,00673	0,00806	0,00872	0,01011	0,01065	0,01229	0,01266	0,01317	0,01273	0,01211
0,00117	0,00092	0,00101	0,00122	0,00092	0,00099	0,00091	0,00103	0,00112	0,00103	0,00104	0,00076	0,00086	0,00082	0,00107	0,00094	0,00112	0,00093	0,00106	0,00120	0,00123	0,00102	0,00104	0,00137	0,00110	0,00110	0,00101	0,00146	0,00144	0,00192	0,00171	0,00181	0,00213	0,00216	0,00273	0,00319	0,00356	0,00358	0,00414	0,00418	0,00525	0,00533	0,00663	0,00695	0,00847	0,01005	0,01214	0,01249	0,01328	0,01301	0,01260
0,00132	0,00117	0,00105	0,00125	0,00114	0,00100	0,00113	0,00107	0,00088	0,00088	0,00118	0,00131	0,00089	0,00107	0,00105	0,00110	0,00122	0,00123	0,00135	0,00142	0,00107	0,00137	0,00128	0,00119	0,00109	0,00169	0,00152	0,00149	0,00162	0,00169	0,00220	0,00188	0,00255	0,00246	0,00266	0,00309	0,00310	0,00300	0,00353	0,00300	0,00388	0,00418	0,00484	0,00582	0,00695	0,00878	0,01150	0,01183	0,01316	0,01291	0,01277
0,00086	0,00078	0,00112	0,00114	0,00085	0,00125	0,00115	0,00095	0,00093	0,00088	0,00098	0,00109	0,00090	0,00105	0,00098	0,00095	0,00097	0,00127	0,00132	0,00117	0,00155	0,00104	0,00112	0,00121	0,00140	0,00137	0,00177	0,00170	0,00172	0,00171	0,00211	0,00224	0,00210	0,00240	0,00269	0,00247	0,00252	0,00234	0,00250	0,00214	0,00252	0,00302	0,00359	0,00465	0,00608	0,00741	0,01003	0,01134	0,01255	0,01240	0,01251
0,00120	0,00101	0,00135	0,00099	0,00105	0,00109	0,00127	0,00133	0,00139	0,00126	0,00093	0,00089	0,00118	0,00116	0,00137	0,00148	0,00114	0,00104	0,00115	0,00150	0,00127	0,00145	0,00133	0,00146	0,00137	0,00153	0,00167	0,00164	0,00216	0,00233	0,00210	0,00205	0,00240	0,00244	0,00234	0,00244	0,00231	0,00219	0,00226	0,00156	0,00174	0,00196	0,00263	0,00292	0,00420	0,00637	0,00929	0,01012	0,01152	0,01186	0,01236
0,00134	0,00074	0,00111	0,00135	0,00100	0,00105	0,00098	0,00105	0,00095	0,00148	0,00114	0,00107	0,00121	0,00099	0,00113	0,00125	0,00131	0,00131	0,00166	0,00135	0,00165	0,00134	0,00164	0,00186	0,00160	0,00188	0,00198	0,00232	0,00216	0,00208	0,00210	0,00237	0,00269	0,00261	0,00242	0,00242	0,00222	0,00164	0,00167	0,00144	0,00129	0,00151	0,00170	0,00191	0,00284	0,00420	0,00693	0,00868	0,01018	0,01087	0,01120
0,00135	0,00097	0,00112	0,00082	0,00110	0,00116	0,00104	0,00100	0,00096	0,00103	0,00108	0,00101	0,00092	0,00116	0,00125	0,00121	0,00115	0,00117	0,00153	0,00151	0,00158	0,00177	0,00163	0,00177	0,00180	0,00196	0,00212	0,00234	0,00205	0,00207	0,00230	0,00235	0,00246	0,00247	0,00268	0,00238	0,00180	0,00158	0,00116	0,00152	0,00133	0,00143	0,00177	0,00180	0,00205	0,00315	0,00490	0,00624	0,00792	0,00890	0,00990
0,00097	0,00112	0,00121	0,00104	0,00146	0,00114	0,00095	0,00099	0,00105	0,00102	0,00123	0,00146	0,00112	0,00128	0,00150	0,00132	0,00151	0,00128	0,00152	0,00159	0,00175	0,00196	0,00185	0,00196	0,00210	0,00221	0,00231	0,00268	0,00242	0,00229	0,00270	0,00299	0,00306	0,00287	0,00247	0,00247	0,00177	0,00150	0,00132	0,00185	0,00187	0,00222	0,00238	0,00256	0,00277	0,00222	0,00335	0,00434	0,00614	0,00691	0,00802
0,00107	0,00102	0,00116	0,00141	0,00093	0,00125	0,00118	0,00116	0,00117	0,00113	0,00107	0,00113	0,00109	0,00117	0,00119	0,00123	0,00147	0,00144	0,00169	0,00168	0,00173	0,00234	0,00193	0,00218	0,00219	0,00275	0,00260	0,00258	0,00299	0,00279	0,00265	0,00307	0,00289	0,00275	0,00281	0,00270	0,00180	0,00182	0,00166	0,00192	0,00277	0,00284	0,00407	0,00421	0,00428	0,00388	0,00291	0,00327	0,00411	0,00491	0,00624
0,00134	0,00118	0,00129	0,00113	0,00072	0,00136	0,00109	0,00107	0,00117	0,00099	0,00131	0,00109	0,00148	0,00166	0,00162	0,00171	0,00145	0,00132	0,00155	0,00223	0,00201	0,00225	0,00231	0,00245	0,00239	0,00257	0,00305	0,00275	0,00313	0,00320	0,00316	0,00314	0,00295	0,00283	0,00264	0,00252	0,00192	0,00196	0,00177	0,00278	0,00340	0,00444	0,00596	0,00679	0,00701	0,00577	0,00400	0,00297	0,00312	0,00342	0,00424
0,00093	0,00130	0,00113	0,00108	0,00138	0,00107	0,00093	0,00125	0,00079	0,00103	0,00146	0,00144	0,00148	0,00157	0,00121	0,00147	0,00180	0,00163	0,00175	0,00191	0,00225	0,00235	0,00221	0,00271	0,00254	0,00274	0,00305	0,00319	0,00325	0,00345	0,00327	0,00313	0,00329	0,00306	0,00280	0,00235	0,00213	0,00219	0,00238	0,00332	0,00448	0,00565	0,00762	0,00923	0,00902	0,00842	0,00606	0,00410	0,00318	0,00311	0,00287
0,00111	0,00096	0,00122	0,00150	0,00115	0,00107	0,00127	0,00146	0,00136	0,00132	0,00116	0,00112	0,00121	0,00162	0,00155	0,00157	0,00135	0,00169	0,00183	0,00255	0,00238	0,00228	0,00257	0,00268	0,00281	0,00283	0,00340	0,00298	0,00342	0,00307	0,00323	0,00368	0,00322	0,00331	0,00289	0,00283	0,00225	0,00248	0,00283	0,00364	0,00491	0,00648	0,00919	0,01025	0,01104	0,01008	0,00775	0,00639	0,00390	0,00289	0,00241
0,00097	0,00110	0,00122	0,00129	0,00125	0,00120	0,00140	0,00112	0,00119	0,00104	0,00119	0,00146	0,00134	0,00173	0,00154	0,00177	0,00177	0,00163	0,00203	0,00226	0,00230	0,00259	0,00274	0,00291	0,00283	0,00301	0,00345	0,00335	0,00338	0,00344	0,00328	0,00324	0,00315	0,00300	0,00267	0,00269	0,00262	0,00280	0,00366	0,00419	0,00538	0,00660	0,00920	0,01080	0,01139	0,01101	0,00909	0,00710	0,00498	0,00357	0,00256
0,00082	0,00139	0,00106	0,00117	0,00115	0,00128	0,00120	0,00131	0,00147	0,00113	0,00117	0,00121	0,00155	0,00132	0,00186	0,00168	0,00184	0,00183	0,00235	0,00230	0,00243	0,00258	0,00268	0,00319	0,00318	0,00300	0,00334	0,00338	0,00339	0,00365	0,00347	0,00333	0,00322	0,00351	0,00276	0,00270	0,00277	0,00314	0,00398	0,00488	0,00558	0,00665	0,00890	0,01027	0,01082	0,01118	0,00971	0,00802	0,00579	0,00444	0,00300
0,00095	0,00115	0,00122	0,00144	0,00131	0,00133	0,00126	0,00109	0,00114	0,00148	0,00116	0,00131	0,00152	0,00164	0,00187	0,00165	0,00175	0,00210	0,00246	0,00236	0,00247	0,00263	0,00291	0,00301	0,00297	0,00318	0,00331	0,00337	0,00351	0,00343	0,00376	0,00336	0,00306	0,00300	0,00299	0,00280	0,00283	0,00376	0,00386	0,00444	0,00558	0,00628	0,00785	0,00953	0,01014	0,01046	0,00962	0,00923	0,00698	0,00500	0,00338
0,00111	0,00115	0,00095	0,00118	0,00144	0,00136	0,00114	0,00152	0,00136	0,00120	0,00121	0,00136	0,00180	0,00158	0,00153	0,00173	0,00167	0,00206	0,00227	0,00272	0,00275	0,00273	0,00295	0,00332	0,00342	0,00339	0,00331	0,00335	0,00341	0,00353	0,00381	0,00336	0,00290	0,00286	0,00288	0,00265	0,00275	0,00314	0,00386	0,00447	0,00528	0,00625	0,00741	0,00793	0,00884	0,01004	0,00959	0,00902	0,00736	0,00601	0,00493
0,00131	0,00108	0,00095	0,00121	0,00108	0,00101	0,00116	0,00126	0,00155	0,00107	0,00114	0,00127	0,00149	0,00171	0,00162	0,00194	0,00191	0,00240	0,00254	0,00259	0,00263	0,00307	0,00316	0,00297	0,00308	0,00320	0,00335	0,00324	0,00369	0,00325	0,00319	0,00324	0,00302	0,00262	0,00278	0,00259	0,00256	0,00287	0,00368	0,00418	0,00477	0,00521	0,00641	0,00724	0,00823	0,00883	0,00887	0,00891	0,00746	0,00739	0,00564
0,00116	0,00138	0,00105	0,00104	0,00124	0,00137	0,00119	0,00114	0,00163	0,00120	0,00128	0,00133	0,00137	0,00163	0,00163	0,00179	0,00202	0,00197	0,00255	0,00255	0,00242	0,00308	0,00289	0,00336	0,00344	0,00313	0,00319	0,00331	0,00322	0,00314	0,00303	0,00297	0,00290	0,00245	0,00244	0,00223	0,00249	0,00257	0,00338	0,00412	0,00437	0,00461	0,00581	0,00645	0,00724	0,00823	0,00849	0,00915	0,00849	0,00782	0,00619
0,00105	0,00143	0,00142	0,00145	0,00152	0,00115	0,00115	0,00124	0,00139	0,00131	0,00117	0,00118	0,00112	0,00178	0,00162	0,00185	0,00225	0,00248	0,00260	0,00265	0,00260	0,00312	0,00289	0,00285	0,00322	0,00294	0,00313	0,00303	0,00354	0,00312	0,00312	0,00306	0,00229	0,00218	0,00225	0,00202	0,00204	0,00218	0,00303	0,00314	0,00383	0,00434	0,00543	0,00556	0,00694	0,00780	0,00827	0,00872	0,00877	0,00810	0,00706
0,00121	0,00095	0,00101	0,00135	0,00104	0,00142	0,00104	0,00113	0,00127	0,00111	0,00143	0,00127	0,00134	0,00149	0,00168	0,00172	0,00188	0,00225	0,00227	0,00244	0,00266	0,00283	0,00308	0,00298	0,00287	0,00302	0,00299	0,00301	0,00290	0,00311	0,00299	0,00256	0,00276	0,00202	0,00202	0,00189	0,00204	0,00198	0,00216	0,00270	0,00367	0,00367	0,00455	0,00538	0,00618	0,00715	0,00817	0,00834	0,00870	0,00812	0,00736
0,00095	0,00105	0,00124	0,00145	0,00141	0,00099	0,00104	0,00129	0,00116	0,00107	0,00130	0,00142	0,00127	0,00146	0,00177	0,00183	0,00198	0,00200	0,00217	0,00254	0,00264	0,00270	0,00272	0,00307	0,00278	0,00294	0,00279	0,00293	0,00286	0,00242	0,00260	0,00242	0,00204	0,00222	0,00196	0,00168	0,00148	0,00193	0,00222	0,00273	0,00297	0,00352	0,00427	0,00504	0,00609	0,00704	0,00768	0,00807	0,00855	0,00803	0,00774
0,00126	0,00097	0,00115	0,00109	0,00111	0,00115	0,00120	0,00118	0,00176	0,00122	0,00099	0,00137	0,00172	0,00172	0,00165	0,00172	0,00175	0,00217	0,00226	0,00229	0,00226	0,00264	0,00279	0,00273	0,00279	0,00305	0,00305	0,00265	0,00305	0,00266	0,00244	0,00215	0,00209	0,00154	0,00152	0,00119	0,00157	0,00129	0,00175	0,00205	0,00265	0,00323	0,00423	0,00477	0,00564	0,00650	0,00714	0,00762	0,00820	0,00785	0,00743
0,00108	0,00105	0,00111	0,00112	0,00116	0,00106	0,00125	0,00129	0,00108	0,00105	0,00130	0,00126	0,00135	0,00154	0,00164	0,00136	0,00165	0,00177	0,00217	0,00204	0,00243	0,00238	0,00267	0,00245	0,00253	0,00265	0,00270	0,00254	0,00269	0,00259	0,00231	0,00179	0,00163	0,00151	0,00126	0,00121	0,00155	0,00129	0,00160	0,00229	0,00245	0,00329	0,00380	0,00488	0,00507	0,00587	0,00686	0,00731	0,00751	0,00775	0,00749
0,00132	0,00115	0,00112	0,00137	0,00106	0,00108	0,00108	0,00134	0,00127	0,00107	0,00121	0,00160	0,00119	0,00160	0,00154	0,00178	0,00166	0,00188	0,00189	0,00208	0,00243	0,00217	0,00250	0,00235	0,00265	0,00280	0,00243	0,00232	0,00256	0,00203	0,00205	0,00226	0,00146	0,00140	0,00104	0,00100	0,00133	0,00145	0,00190	0,00204	0,00250	0,00318	0,00362	0,00453	0,00513	0,00560	0,00622	0,00657	0,00700	0,00671	0,00681
0,00132	0,00107	0,00107	0,00103	0,00109	0,00101	0,00111	0,00124	0,00126	0,00124	0,00126	0,00115	0,00137	0,00140	0,00134	0,00170	0,00150	0,00193	0,00176	0,00198	0,00206	0,00240	0,00228	0,00220	0,00225	0,00232	0,00255	0,00210	0,00212	0,00187	0,00188	0,00173	0,00133	0,00116	0,00109	0,00084	0,00147	0,00141	0,00185	0,00222	0,00287	0,00307	0,00373	0,00408	0,00513	0,00514	0,00600	0,00592	0,00625	0,00616	0,00595
0,00104	0,00120	0,00096	0,00111	0,00116	0,00149	0,00133	0,00154	0,00120	0,00126	0,00125	0,00153	0,00124	0,00137	0,00114	0,00161	0,00178	0,00196	0,00164	0,00188	0,00187	0,00198	0,00248	0,00253	0,00218	0,00244	0,00190	0,00198	0,00217	0,00162	0,00183	0,00170	0,00114	0,00122	0,00128	0,00131	0,00122	0,00152	0,00216	0,00231	0,00291	0,00336	0,00383	0,00423	0,00448	0,00481	0,00500	0,00534	0,00552	0,00568	0,00555
0,00095	0,00087	0,00098	0,00107	0,00124	0,00121	0,00143	0,00129	0,00121	0,00103	0,00114	0,00106	0,00144	0,00143	0,00117	0,00153	0,00150	0,00153	0,00155	0,00177	0,00185	0,00207	0,00191	0,00214	0,00224	0,00189	0,00201	0,00185	0,00157	0,00181	0,00156	0,00139	0,00099	0,00142	0,00100	0,00090	0,00119	0,00152	0,00258	0,00265	0,00285	0,00388	0,00388	0,00455	0,00447	0,00452	0,00456	0,00457	0,00473	0,00444	0,00454
0,00096	0,00099	0,00135	0,00115	0,00106	0,00097	0,00105	0,00124	0,00111	0,00124	0,00123	0,00121	0,00119	0,00113	0,00119	0,00131	0,00177	0,00177	0,00169	0,00189	0,00189	0,00171	0,00201	0,00186	0,00185	0,00209	0,00209	0,00184	0,00175	0,00143	0,00140	0,00121	0,00112	0,00115	0,00120	0,00138	0,00161	0,00140	0,00285	0,00267	0,00324	0,00379	0,00397	0,00420	0,00430	0,00433	0,00427	0,00442	0,00416	0,00422	0,00369
