22,70000	22,82000	22,94000	23,06000	23,18000	23,30000	23,42000	23,54000	23,66000	23,78000	23,90000	24,02000	24,14000	24,26000	24,38000	24,50000	24,62000	24,74000	24,86000	24,98000	25,10000	25,22000	25,34000	25,46000	25,58000	25,70000	25,82000	25,94000	26,06000	26,18000	26,30000	26,42000	26,54000	26,66000	26,78000	26,90000	27,02000	27,14000	27,26000	27,38000	27,50000	27,62000	27,74000	27,86000	27,98000	28,10000	28,22000	28,34000	28,46000	28,58000	28,70000
17,50000	17,62000	17,74000	17,86000	17,98000	18,10000	18,22000	18,34000	18,46000	18,58000	18,70000	18,82000	18,94000	19,06000	19,18000	19,30000	19,42000	19,54000	19,66000	19,78000	19,90000	20,02000	20,14000	20,26000	20,38000	20,50000	20,62000	20,74000	20,86000	20,98000	21,10000	21,22000	21,34000	21,46000	21,58000	21,70000	21,82000	21,94000	22,06000	22,18000	22,30000	22,42000	22,54000	22,66000	22,78000	22,90000	23,02000	23,14000	23,26000	23,38000	23,50000
0,00120	0,00115	0,00134	0,00111	0,00134	0,00114	0,00140	0,00108	0,00150	0,00147	0,00090	0,00124	0,00117	0,00107	0,00136	0,00123	0,00105	0,00121	0,00117	0,00112	0,00100	0,00098	0,00092	0,00094	0,00116	0,00115	0,00127	0,00106	0,00083	0,00099	0,00095	0,00107	0,00090	0,00096	0,00096	0,00092	0,00112	0,00089	0,00088	0,00096	0,00099	0,00097	0,00078	0,00098	0,00085	0,00103	0,00092	0,00130	0,00088	0,00089	0,00078
0,00128	0,00112	0,00110	0,00113	0,00108	0,00128	0,00149	0,00123	0,00158	0,00102	0,00126	0,00103	0,00138	0,00123	0,00116	0,00121	0,00109	0,00141	0,00093	0,00152	0,00096	0,00113	0,00113	0,00093	0,00094	0,00121	0,00109	0,00104	0,00105	0,00114	0,00123	0,00120	0,00100	0,00106	0,00086	0,00091	0,00086	0,00113	0,00091	0,00099	0,00128	0,00115	0,00112	0,00090	0,00079	0,00095	0,00122	0,00117	0,00091	0,00111	0,00080
0,00101	0,00129	0,00120	0,00100	0,00097	0,00102	0,00106	0,00129	0,00124	0,00097	0,00104	0,00114	0,00103	0,00102	0,00112	0,00112	0,00125	0,00109	0,00114	0,00115	0,00126	0,00122	0,00102	0,00142	0,00110	0,00113	0,00114	0,00139	0,00094	0,00100	0,00111	0,00088	0,00122	0,00099	0,00105	0,00102	0,00117	0,00104	0,00084	0,00100	0,00078	0,00115	0,00084	0,00118	0,00098	0,00088	0,00103	0,00107	0,00092	0,00115	0,00087
0,00091	0,00117	0,00096	0,00124	0,00100	0,00125	0,00128	0,00114	0,00102	0,00103	0,00102	0,00108	0,00106	0,00099	0,00121	0,00091	0,00126	0,00121	0,00100	0,00112	0,00102	0,00095	0,00107	0,00107	0,00114	0,00128	0,00130	0,00112	0,00116	0,00095	0,00114	0,00138	0,00101	0,00073	0,00126	0,00103	0,00147	0,00108	0,00117	0,00077	0,00093	0,00114	0,00109	0,00092	0,00096	0,00120	0,00092	0,00086	0,00108	0,00135	0,00118
0,00091	0,00116	0,00085	0,00105	0,00119	0,00093	0,00100	0,00080	0,00092	0,00129	0,00094	0,00121	0,00101	0,00113	0,00089	0,00099	0,00095	0,00083	0,00104	0,00101	0,00093	0,00097	0,00095	0,00115	0,00099	0,00137	0,00130	0,00127	0,00124	0,00132	0,00116	0,00123	0,00107	0,00134	0,00123	0,00118	0,00099	0,00088	0,00088	0,00092	0,00094	0,00101	0,00094	0,00084	0,00093	0,00128	0,00129	0,00120	0,00119	0,00081	0,00100
0,00087	0,00107	0,00113	0,00107	0,00102	0,00107	0,00094	0,00100	0,00133	0,00086	0,00100	0,00099	0,00093	0,00118	0,00093	0,00091	0,00107	0,00100	0,00091	0,00097	0,00098	0,00114	0,00102	0,00098	0,00138	0,00118	0,00138	0,00125	0,00148	0,00156	0,00121	0,00104	0,00100	0,00097	0,00114	0,00102	0,00108	0,00091	0,00136	0,00108	0,00085	0,00106	0,00088	0,00109	0,00080	0,00095	0,00103	0,00091	0,00080	0,00093	0,00096
0,00109	0,00099	0,00117	0,00086	0,00094	0,00082	0,00097	0,00098	0,00128	0,00122	0,00117	0,00111	0,00124	0,00124	0,00114	0,00082	0,00100	0,00128	0,00106	0,00087	0,00108	0,00119	0,00115	0,00094	0,00121	0,00109	0,00094	0,00149	0,00148	0,00113	0,00118	0,00114	0,00131	0,00106	0,00094	0,00123	0,00143	0,00108	0,00098	0,00118	0,00096	0,00107	0,00082	0,00088	0,00094	0,00089	0,00077	0,00108	0,00092	0,00132	0,00097
0,00089	0,00108	0,00088	0,00093	0,00129	0,00128	0,00098	0,00111	0,00110	0,00107	0,00113	0,00164	0,00168	0,00134	0,00119	0,00114	0,00111	0,00120	0,00143	0,00125	0,00080	0,00123	0,00105	0,00105	0,00118	0,00114	0,00110	0,00136	0,00139	0,00131	0,00122	0,00123	0,00123	0,00118	0,00153	0,00106	0,00099	0,00107	0,00100	0,00108	0,00122	0,00110	0,00133	0,00099	0,00134	0,00063	0,00081	0,00132	0,00097	0,00114	0,00092
0,00110	0,00104	0,00078	0,00130	0,00138	0,00129	0,00165	0,00127	0,00128	0,00157	0,00141	0,00164	0,00144	0,00152	0,00150	0,00139	0,00133	0,00138	0,00180	0,00128	0,00114	0,00122	0,00115	0,00141	0,00112	0,00133	0,00138	0,00101	0,00118	0,00098	0,00138	0,00121	0,00119	0,00121	0,00108	0,00117	0,00105	0,00112	0,00092	0,00092	0,00125	0,00111	0,00123	0,00087	0,00094	0,00102	0,00103	0,00108	0,00102	0,00083	0,00093
0,00093	0,00108	0,00102	0,00126	0,00158	0,00155	0,00169	0,00146	0,00155	0,00151	0,00163	0,00178	0,00181	0,00181	0,00179	0,00162	0,00154	0,00209	0,00199	0,00157	0,00155	0,00158	0,00124	0,00135	0,00124	0,00102	0,00127	0,00109	0,00106	0,00118	0,00124	0,00118	0,00152	0,00136	0,00121	0,00107	0,00123	0,00116	0,00137	0,00121	0,00096	0,00117	0,00091	0,00092	0,00102	0,00103	0,00087	0,00099	0,00102	0,00101	0,00132
0,00124	0,00121	0,00130	0,00147	0,00148	0,00147	0,00149	0,00197	0,00176	0,00170	0,00166	0,00182	0,00175	0,00179	0,00196	0,00189	0,00171	0,00173	0,00192	0,00168	0,00193	0,00156	0,00117	0,00139	0,00136	0,00121	0,00117	0,00111	0,00120	0,00105	0,00115	0,00142	0,00128	0,00129	0,00106	0,00119	0,00105	0,00096	0,00100	0,00105	0,00109	0,00113	0,00104	0,00139	0,00097	0,00111	0,00082	0,00095	0,00082	0,00092	0,00095
0,00153	0,00165	0,00136	0,00133	0,00133	0,00169	0,00191	0,00201	0,00158	0,00169	0,00177	0,00149	0,00195	0,00189	0,00183	0,00212	0,00209	0,00167	0,00210	0,00169	0,00181	0,00184	0,00182	0,00147	0,00138	0,00122	0,00115	0,00109	0,00118	0,00129	0,00097	0,00105	0,00134	0,00106	0,00133	0,00111	0,00127	0,00145	0,00100	0,00109	0,00133	0,00118	0,00092	0,00101	0,00116	0,00103	0,00123	0,00126	0,00086	0,00084	0,00088
0,00129	0,00125	0,00149	0,00139	0,00148	0,00131	0,00141	0,00137	0,00176	0,00170	0,00192	0,00156	0,00175	0,00163	0,00154	0,00186	0,00177	0,00166	0,00194	0,00199	0,00167	0,00153	0,00151	0,00155	0,00126	0,00123	0,00106	0,00125	0,00119	0,00140	0,00104	0,00136	0,00094	0,00112	0,00113	0,00112	0,00141	0,00121	0,00127	0,00107	0,00091	0,00102	0,00114	0,00098	0,00115	0,00091	0,00086	0,00112	0,00078	0,00090	0,00087
0,00123	0,00133	0,00142	0,00152	0,00156	0,00134	0,00134	0,00140	0,00137	0,00149	0,00138	0,00167	0,00121	0,00149	0,00158	0,00203	0,00164	0,00155	0,00143	0,00152	0,00155	0,00149	0,00158	0,00138	0,00132	0,00115	0,00142	0,00121	0,00140	0,00105	0,00131	0,00138	0,00138	0,00124	0,00114	0,00114	0,00105	0,00098	0,00136	0,00110	0,00096	0,00105	0,00095	0,00130	0,00085	0,00082	0,00093	0,00122	0,00108	0,00094	0,00094
0,00153	0,00139	0,00158	0,00138	0,00142	0,00128	0,00116	0,00124	0,00111	0,00121	0,00136	0,00116	0,00120	0,00141	0,00161	0,00154	0,00184	0,00163	0,00148	0,00168	0,00148	0,00163	0,00137	0,00141	0,00133	0,00119	0,00112	0,00131	0,00126	0,00113	0,00114	0,00111	0,00100	0,00101	0,00109	0,00103	0,00111	0,00122	0,00131	0,00120	0,00104	0,00095	0,00089	0,00101	0,00126	0,00100	0,00132	0,00093	0,00079	0,00115	0,00073
0,00142	0,00156	0,00131	0,00140	0,00158	0,00109	0,00133	0,00130	0,00136	0,00105	0,00139	0,00123	0,00110	0,00126	0,00142	0,00154	0,00182	0,00145	0,00174	0,00161	0,00114	0,00161	0,00150	0,00155	0,00106	0,00134	0,00114	0,00113	0,00137	0,00100	0,00082	0,00106	0,00136	0,00126	0,00132	0,00108	0,00146	0,00121	0,00117	0,00131	0,00095	0,00097	0,00111	0,00098	0,00102	0,00094	0,00120	0,00126	0,00113	0,00092	0,00097
0,00128	0,00146	0,00109	0,00116	0,00140	0,00113	0,00125	0,00116	0,00115	0,00112	0,00110	0,00132	0,00125	0,00131	0,00144	0,00180	0,00141	0,00162	0,00200	0,00162	0,00141	0,00162	0,00126	0,00135	0,00109	0,00086	0,00104	0,00091	0,00091	0,00107	0,00116	0,00102	0,00116	0,00097	0,00143	0,00112	0,00130	0,00115	0,00121	0,00103	0,00095	0,00140	0,00114	0,00112	0,00105	0,00126	0,00094	0,00093	0,00097	0,00101	0,00132
0,00134	0,00146	0,00128	0,00134	0,00135	0,00121	0,00126	0,00144	0,00116	0,00134	0,00133	0,00120	0,00158	0,00149	0,00146	0,00163	0,00177	0,00213	0,00192	0,00209	0,00149	0,00152	0,00179	0,00131	0,00137	0,00128	0,00121	0,00105	0,00119	0,00101	0,00113	0,00107	0,00112	0,00112	0,00111	0,00126	0,00126	0,00095	0,00119	0,00107	0,00081	0,00085	0,00108	0,00094	0,00095	0,00142	0,00078	0,00126	0,00087	0,00122	0,00101
0,00179	0,00130	0,00169	0,00169	0,00163	0,00158	0,00158	0,00142	0,00136	0,00131	0,00159	0,00150	0,00163	0,00153	0,00203	0,00214	0,00201	0,00212	0,00226	0,00221	0,00182	0,00183	0,00179	0,00175	0,00184	0,00166	0,00150	0,00112	0,00094	0,00095	0,00102	0,00120	0,00088	0,00101	0,00094	0,00123	0,00099	0,00103	0,00108	0,00096	0,00091	0,00117	0,00101	0,00105	0,00112	0,00102	0,00093	0,00119	0,00083	0,00091	0,00124
0,00154	0,00184	0,00146	0,00167	0,00168	0,00147	0,00153	0,00173	0,00125	0,00133	0,00157	0,00152	0,00162	0,00178	0,00173	0,00201	0,00188	0,00224	0,00223	0,00253	0,00248	0,00203	0,00222	0,00243	0,00240	0,00211	0,00159	0,00138	0,00107	0,00102	0,00141	0,00108	0,00098	0,00100	0,00125	0,00094	0,00098	0,00090	0,00075	0,00111	0,00134	0,00128	0,00116	0,00085	0,00086	0,00111	0,00085	0,00094	0,00129	0,00096	0,00106
0,00161	0,00176	0,00186	0,00170	0,00171	0,00180	0,00154	0,00148	0,00174	0,00146	0,00142	0,00151	0,00177	0,00202	0,00161	0,00224	0,00219	0,00252	0,00297	0,00328	0,00270	0,00282	0,00293	0,00307	0,00299	0,00276	0,00210	0,00173	0,00133	0,00112	0,00113	0,00111	0,00116	0,00123	0,00113	0,00100	0,00098	0,00106	0,00091	0,00112	0,00103	0,00137	0,00109	0,00112	0,00100	0,00094	0,00099	0,00100	0,00072	0,00098	0,00079
0,00184	0,00209	0,00209	0,00209	0,00211	0,00196	0,00204	0,00167	0,00153	0,00182	0,00161	0,00169	0,00178	0,00185	0,00233	0,00179	0,00201	0,00275	0,00271	0,00308	0,00328	0,00317	0,00338	0,00355	0,00343	0,00335	0,00276	0,00199	0,00198	0,00155	0,00127	0,00132	0,00145	0,00109	0,00100	0,00100	0,00085	0,00088	0,00124	0,00126	0,00094	0,00123	0,00084	0,00137	0,00096	0,00122	0,00079	0,00120	0,00112	0,00101	0,00104
0,00210	0,00261	0,00203	0,00254	0,00208	0,00221	0,00190	0,00190	0,00173	0,00181	0,00192	0,00182	0,00211	0,00148	0,00183	0,00184	0,00206	0,00260	0,00310	0,00304	0,00341	0,00346	0,00363	0,00414	0,00379	0,00355	0,00321	0,00261	0,00195	0,00183	0,00145	0,00165	0,00116	0,00118	0,00128	0,00105	0,00118	0,00102	0,00102	0,00094	0,00096	0,00067	0,00134	0,00107	0,00095	0,00106	0,00108	0,00096	0,00114	0,00127	0,00120
0,00230	0,00271	0,00220	0,00226	0,00232	0,00238	0,00202	0,00190	0,00204	0,00191	0,00205	0,00205	0,00208	0,00218	0,00163	0,00142	0,00176	0,00199	0,00259	0,00292	0,00379	0,00422	0,00413	0,00452	0,00452	0,00434	0,00371	0,00329	0,00232	0,00208	0,00171	0,00162	0,00132	0,00140	0,00126	0,00132	0,00083	0,00132	0,00113	0,00107	0,00106	0,00106	0,00105	0,00127	0,00102	0,00119	0,00097	0,00132	0,00088	0,00107	0,00077
0,00248	0,00251	0,00256	0,00271	0,00294	0,00253	0,00253	0,00216	0,00237	0,00201	0,00243	0,00217	0,00201	0,00175	0,00175	0,00183	0,00142	0,00209	0,00246	0,00337	0,00365	0,00416	0,00461	0,00495	0,00488	0,00479	0,00444	0,00348	0,00319	0,00226	0,00188	0,00186	0,00161	0,00155	0,00124	0,00130	0,00156	0,00156	0,00126	0,00111	0,00113	0,00118	0,00123	0,00102	0,00088	0,00116	0,00112	0,00091	0,00084	0,00086	0,00114
0,00281	0,00292	0,00273	0,00287	0,00291	0,00323	0,00300	0,00287	0,00295	0,00284	0,00312	0,00287	0,00257	0,00221	0,00223	0,00157	0,00138	0,00211	0,00269	0,00345	0,00405	0,00435	0,00527	0,00591	0,00545	0,00566	0,00476	0,00447	0,00337	0,00318	0,00277	0,00220	0,00176	0,00188	0,00118	0,00142	0,00114	0,00117	0,00136	0,00157	0,00135	0,00109	0,00133	0,00108	0,00104	0,00091	0,00124	0,00084	0,00130	0,00099	0,00121
0,00330	0,00332	0,00322	0,00340	0,00330	0,00386	0,00328	0,00356	0,00369	0,00376	0,00398	0,00399	0,00373	0,00321	0,00285	0,00206	0,00204	0,00263	0,00337	0,00361	0,00451	0,00506	0,00547	0,00603	0,00620	0,00605	0,00556	0,00476	0,00380	0,00344	0,00307	0,00250	0,00174	0,00180	0,00161	0,00160	0,00147	0,00126	0,00148	0,00149	0,00123	0,00115	0,00098	0,00097	0,00110	0,00092	0,00140	0,00083	0,00128	0,00095	0,00097
0,00372	0,00379	0,00368	0,00356	0,00388	0,00486	0,00433	0,00454	0,00459	0,00459	0,00540	0,00524	0,00443	0,00425	0,00368	0,00299	0,00282	0,00333	0,00406	0,00454	0,00527	0,00551	0,00630	0,00664	0,00672	0,00647	0,00625	0,00558	0,00438	0,00362	0,00309	0,00281	0,00233	0,00203	0,00168	0,00166	0,00132	0,00170	0,00137	0,00171	0,00149	0,00156	0,00103	0,00126	0,00148	0,00115	0,00118	0,00105	0,00103	0,00097	0,00100
0,00368	0,00390	0,00429	0,00466	0,00488	0,00575	0,00529	0,00532	0,00537	0,00566	0,00626	0,00651	0,00603	0,00539	0,00489	0,00378	0,00297	0,00403	0,00453	0,00525	0,00556	0,00608	0,00683	0,00748	0,00759	0,00731	0,00684	0,00599	0,00506	0,00402	0,00388	0,00292	0,00268	0,00232	0,00238	0,00204	0,00142	0,00154	0,00153	0,00158	0,00127	0,00126	0,00118	0,00119	0,00125	0,00103	0,00130	0,00098	0,00113	0,00120	0,00128
0,00428	0,00454	0,00467	0,00506	0,00544	0,00620	0,00584	0,00643	0,00698	0,00729	0,00765	0,00819	0,00720	0,00626	0,00534	0,00505	0,00407	0,00471	0,00537	0,00592	0,00610	0,00685	0,00775	0,00770	0,00775	0,00782	0,00707	0,00670	0,00536	0,00496	0,00383	0,00363	0,00331	0,00296	0,00238	0,00192	0,00168	0,00156	0,00149	0,00141	0,00139	0,00151	0,00174	0,00130	0,00156	0,00115	0,00111	0,00085	0,00096	0,00107	0,00136
0,00466	0,00481	0,00519	0,00548	0,00638	0,00698	0,00665	0,00741	0,00755	0,00859	0,00831	0,00883	0,00815	0,00799	0,00680	0,00627	0,00487	0,00599	0,00684	0,00675	0,00700	0,00761	0,00818	0,00844	0,00792	0,00776	0,00758	0,00683	0,00594	0,00486	0,00429	0,00363	0,00349	0,00300	0,00297	0,00259	0,00182	0,00158	0,00143	0,00190	0,00164	0,00182	0,00177	0,00144	0,00121	0,00110	0,00113	0,00117	0,00091	0,00132	0,00091
0,00504	0,00563	0,00536	0,00589	0,00662	0,00754	0,00735	0,00772	0,00828	0,00874	0,00907	0,00929	0,00925	0,00889	0,00771	0,00732	0,00645	0,00801	0,00880	0,00831	0,00784	0,00797	0,00840	0,00861	0,00814	0,00817	0,00792	0,00713	0,00591	0,00503	0,00492	0,00401	0,00375	0,00316	0,00283	0,00235	0,00189	0,00178	0,00184	0,00152	0,00143	0,00163	0,00132	0,00133	0,00128	0,00092	0,00128	0,00129	0,00096	0,00142	0,00101
0,00529	0,00564	0,00606	0,00642	0,00701	0,00738	0,00764	0,00808	0,00835	0,00895	0,00931	0,00992	0,00989	0,00985	0,00940	0,00882	0,00902	0,01022	0,01128	0,00968	0,00849	0,00896	0,00873	0,00853	0,00801	0,00783	0,00752	0,00718	0,00657	0,00582	0,00499	0,00460	0,00376	0,00376	0,00321	0,00250	0,00230	0,00181	0,00178	0,00164	0,00196	0,00150	0,00133	0,00129	0,00115	0,00144	0,00149	0,00110	0,00119	0,00092	0,00139
0,00545	0,00595	0,00610	0,00685	0,00704	0,00730	0,00775	0,00803	0,00837	0,00884	0,00918	0,01054	0,01039	0,01152	0,01095	0,01094	0,01144	0,01286	0,01321	0,01174	0,00997	0,00933	0,00905	0,00812	0,00785	0,00757	0,00723	0,00723	0,00606	0,00559	0,00488	0,00434	0,00395	0,00417	0,00352	0,00250	0,00239	0,00208	0,00152	0,00153	0,00172	0,00149	0,00121	0,00155	0,00136	0,00106	0,00152	0,00095	0,00117	0,00098	0,00147
0,00592	0,00607	0,00656	0,00671	0,00686	0,00693	0,00734	0,00768	0,00803	0,00841	0,00926	0,01082	0,01096	0,01253	0,01303	0,01322	0,01436	0,01495	0,01490	0,01313	0,01117	0,01005	0,00897	0,00792	0,00731	0,00678	0,00673	0,00648	0,00605	0,00528	0,00470	0,00442	0,00414	0,00408	0,00350	0,00295	0,00272	0,00215	0,00200	0,00171	0,00179	0,00182	0,00142	0,00137	0,00149	0,00129	0,00125	0,00101	0,00124	0,00119	0,00136
0,00567	0,00620	0,00626	0,00658	0,00658	0,00629	0,00693	0,00697	0,00735	0,00790	0,00931	0,01025	0,01258	0,01403	0,01417	0,01552	0,01658	0,01670	0,01508	0,01309	0,01172	0,01044	0,00851	0,00707	0,00653	0,00614	0,00641	0,00596	0,00612	0,00519	0,00491	0,00476	0,00484	0,00400	0,00345	0,00309	0,00254	0,00217	0,00164	0,00154	0,00136	0,00145	0,00154	0,00125	0,00123	0,00143	0,00094	0,00098	0,00107	0,00127	0,00120
0,00560	0,00591	0,00597	0,00633	0,00616	0,00591	0,00647	0,00631	0,00680	0,00755	0,00867	0,01055	0,01244	0,01459	0,01545	0,01652	0,01775	0,01693	0,01522	0,01314	0,01132	0,00972	0,00774	0,00643	0,00602	0,00540	0,00551	0,00528	0,00541	0,00521	0,00478	0,00465	0,00444	0,00421	0,00350	0,00335	0,00247	0,00211	0,00179	0,00167	0,00153	0,00168	0,00157	0,00147	0,00162	0,00148	0,00112	0,00109	0,00121	0,00107	0,00124
0,00543	0,00555	0,00573	0,00584	0,00564	0,00507	0,00591	0,00581	0,00626	0,00754	0,00864	0,01126	0,01350	0,01531	0,01605	0,01719	0,01774	0,01593	0,01362	0,01212	0,00998	0,00870	0,00701	0,00568	0,00527	0,00493	0,00473	0,00501	0,00489	0,00486	0,00476	0,00442	0,00466	0,00415	0,00371	0,00325	0,00246	0,00248	0,00192	0,00179	0,00141	0,00146	0,00155	0,00137	0,00129	0,00131	0,00148	0,00121	0,00113	0,00110	0,00102
0,00489	0,00510	0,00512	0,00527	0,00488	0,00460	0,00501	0,00506	0,00556	0,00740	0,00883	0,01157	0,01289	0,01496	0,01611	0,01631	0,01655	0,01436	0,01132	0,00979	0,00877	0,00800	0,00616	0,00492	0,00457	0,00416	0,00452	0,00437	0,00453	0,00456	0,00439	0,00420	0,00470	0,00398	0,00360	0,00336	0,00301	0,00233	0,00195	0,00177	0,00141	0,00147	0,00143	0,00124	0,00120	0,00128	0,00129	0,00119	0,00118	0,00104	0,00112
0,00421	0,00461	0,00456	0,00478	0,00429	0,00385	0,00474	0,00486	0,00564	0,00729	0,00847	0,01090	0,01261	0,01431	0,01479	0,01482	0,01403	0,01177	0,00916	0,00825	0,00794	0,00696	0,00595	0,00502	0,00428	0,00389	0,00405	0,00378	0,00420	0,00421	0,00434	0,00409	0,00418	0,00397	0,00390	0,00365	0,00316	0,00246	0,00210	0,00184	0,00197	0,00187	0,00149	0,00145	0,00164	0,00165	0,00153	0,00113	0,00121	0,00145	0,00107
0,00390	0,00417	0,00423	0,00380	0,00377	0,00352	0,00432	0,00431	0,00523	0,00702	0,00886	0,01064	0,01220	0,01303	0,01299	0,01262	0,01184	0,00950	0,00738	0,00684	0,00702	0,00606	0,00582	0,00509	0,00443	0,00370	0,00385	0,00364	0,00392	0,00429	0,00411	0,00382	0,00429	0,00430	0,00373	0,00344	0,00339	0,00260	0,00210	0,00204	0,00166	0,00146	0,00137	0,00157	0,00176	0,00120	0,00115	0,00119	0,00132	0,00138	0,00119
0,00328	0,00324	0,00341	0,00337	0,00334	0,00345	0,00375	0,00423	0,00485	0,00728	0,00836	0,00947	0,01066	0,01187	0,01175	0,01104	0,00936	0,00753	0,00625	0,00627	0,00618	0,00627	0,00591	0,00530	0,00444	0,00413	0,00396	0,00382	0,00371	0,00419	0,00401	0,00389	0,00393	0,00393	0,00369	0,00340	0,00292	0,00269	0,00253	0,00203	0,00179	0,00155	0,00137	0,00158	0,00131	0,00149	0,00124	0,00114	0,00090	0,00102	0,00142
0,00265	0,00280	0,00304	0,00309	0,00303	0,00338	0,00345	0,00440	0,00547	0,00639	0,00807	0,00920	0,01020	0,01031	0,00989	0,00897	0,00782	0,00648	0,00631	0,00603	0,00639	0,00630	0,00633	0,00595	0,00508	0,00475	0,00391	0,00393	0,00347	0,00406	0,00426	0,00396	0,00414	0,00397	0,00386	0,00344	0,00362	0,00276	0,00247	0,00223	0,00173	0,00153	0,00162	0,00171	0,00147	0,00144	0,00106	0,00124	0,00113	0,00106	0,00101
0,00255	0,00233	0,00279	0,00256	0,00263	0,00325	0,00337	0,00448	0,00489	0,00607	0,00763	0,00835	0,00932	0,00905	0,00896	0,00800	0,00692	0,00618	0,00629	0,00663	0,00690	0,00703	0,00726	0,00644	0,00590	0,00497	0,00411	0,00405	0,00383	0,00407	0,00403	0,00403	0,00383	0,00381	0,00395	0,00393	0,00339	0,00301	0,00259	0,00239	0,00215	0,00169	0,00192	0,00180	0,00146	0,00142	0,00158	0,00123	0,00106	0,00143	0,00127
0,00211	0,00213	0,00232	0,00263	0,00287	0,00285	0,00325	0,00400	0,00541	0,00629	0,00671	0,00782	0,00835	0,00841	0,00774	0,00707	0,00627	0,00591	0,00694	0,00733	0,00764	0,00826	0,00787	0,00717	0,00625	0,00565	0,00443	0,00430	0,00389	0,00415	0,00409	0,00398	0,00379	0,00405	0,00387	0,00403	0,00353	0,00305	0,00281	0,00244	0,00184	0,00206	0,00170	0,00154	0,00138	0,00134	0,00128	0,00156	0,00131	0,00116	0,00121
0,00168	0,00200	0,00215	0,00232	0,00257	0,00321	0,00343	0,00397	0,00522	0,00542	0,00637	0,00765	0,00741	0,00764	0,00719	0,00669	0,00618	0,00661	0,00744	0,00812	0,00844	0,00867	0,00836	0,00778	0,00648	0,00601	0,00501	0,00424	0,00406	0,00403	0,00401	0,00427	0,00389	0,00432	0,00406	0,00381	0,00367	0,00334	0,00278	0,00232	0,00214	0,00188	0,00185	0,00165	0,00167	0,00143	0,00115	0,00124	0,00121	0,00120	0,00113
0,00168	0,00173	0,00200	0,00212	0,00268	0,00340	0,00326	0,00419	0,00449	0,00582	0,00603	0,00657	0,00714	0,00740	0,00692	0,00648	0,00637	0,00694	0,00802	0,00833	0,00897	0,00908	0,00904	0,00781	0,00717	0,00593	0,00547	0,00483	0,00432	0,00416	0,00422	0,00417	0,00391	0,00436	0,00413	0,00374	0,00334	0,00315	0,00324	0,00239	0,00212	0,00209	0,00172	0,00165	0,00159	0,00144	0,00144	0,00151	0,00108	0,00126	0,00118
0,00138	0,00190	0,00203	0,00229	0,00301	0,00297	0,00357	0,00393	0,00465	0,00482	0,00572	0,00624	0,00629	0,00645	0,00649	0,00634	0,00679	0,00726	0,00835	0,00868	0,00925	0,00915	0,00868	0,00785	0,00684	0,00587	0,00527	0,00482	0,00434	0,00425	0,00445	0,00413	0,00403	0,00424	0,00398	0,00373	0,00386	0,00310	0,00294	0,00287	0,00231	0,00193	0,00182	0,00159	0,00153	0,00142	0,00139	0,00112	0,00125	0,00110	0,00121
0,00146	0,00194	0,00202	0,00264	0,00279	0,00296	0,00357	0,00365	0,00446	0,00498	0,00515	0,00543	0,00631	0,00602	0,00630	0,00622	0,00702	0,00715	0,00811	0,00855	0,00904	0,00911	0,00821	0,00778	0,00658	0,00549	0,00531	0,00468	0,00410	0,00415	0,00391	0,00394	0,00422	0,00415	0,00415	0,00410	0,00365	0,00315	0,00311	0,00275	0,00240	0,00233	0,00164	0,00174	0,00182	0,00140	0,00157	0,00140	0,00130	0,00117	0,00106
0,00174	0,00186	0,00234	0,00266	0,00277	0,00345	0,00354	0,00360	0,00384	0,00442	0,00448	0,00506	0,00541	0,00561	0,00577	0,00588	0,00656	0,00705	0,00789	0,00798	0,00882	0,00875	0,00792	0,00712	0,00608	0,00527	0,00473	0,00429	0,00399	0,00406	0,00413	0,00428	0,00443	0,00394	0,00411	0,00397	0,00350	0,00339	0,00280	0,00261	0,00222	0,00182	0,00194	0,00172	0,00141	0,00139	0,00139	0,00119	0,00129	0,00129	0,00124
0,00160	0,00166	0,00225	0,00266	0,00313	0,00303	0,00336	0,00354	0,00375	0,00445	0,00417	0,00446	0,00496	0,00538	0,00551	0,00562	0,00616	0,00686	0,00699	0,00751	0,00819	0,00808	0,00681	0,00664	0,00570	0,00530	0,00459	0,00435	0,00421	0,00424	0,00396	0,00396	0,00371	0,00408	0,00374	0,00373	0,00325	0,00313	0,00258	0,00250	0,00234	0,00205	0,00211	0,00180	0,00152	0,00153	0,00146	0,00122	0,00118	0,00105	0,00095
