24,40000	24,52000	24,64000	24,76000	24,88000	25,00000	25,12000	25,24000	25,36000	25,48000	25,60000	25,72000	25,84000	25,96000	26,08000	26,20000	26,32000	26,44000	26,56000	26,68000	26,80000	26,92000	27,04000	27,16000	27,28000	27,40000	27,52000	27,64000	27,76000	27,88000	28,00000	28,12000	28,24000	28,36000	28,48000	28,60000	28,72000	28,84000	28,96000	29,08000	29,20000	29,32000	29,44000	29,56000	29,68000	29,80000	29,92000	30,04000	30,16000	30,28000	30,40000
19,50000	19,62000	19,74000	19,86000	19,98000	20,10000	20,22000	20,34000	20,46000	20,58000	20,70000	20,82000	20,94000	21,06000	21,18000	21,30000	21,42000	21,54000	21,66000	21,78000	21,90000	22,02000	22,14000	22,26000	22,38000	22,50000	22,62000	22,74000	22,86000	22,98000	23,10000	23,22000	23,34000	23,46000	23,58000	23,70000	23,82000	23,94000	24,06000	24,18000	24,30000	24,42000	24,54000	24,66000	24,78000	24,90000	25,02000	25,14000	25,26000	25,38000	25,50000
0,00122	0,00094	0,00105	0,00118	0,00108	0,00147	0,00144	0,00103	0,00119	0,00126	0,00134	0,00121	0,00136	0,00119	0,00145	0,00111	0,00135	0,00124	0,00141	0,00127	0,00125	0,00156	0,00143	0,00114	0,00118	0,00114	0,00113	0,00104	0,00142	0,00152	0,00111	0,00137	0,00103	0,00118	0,00110	0,00111	0,00100	0,00109	0,00094	0,00102	0,00098	0,00138	0,00095	0,00115	0,00090	0,00090	0,00114	0,00088	0,00099	0,00094	0,00086
0,00086	0,00121	0,00126	0,00115	0,00123	0,00120	0,00115	0,00113	0,00127	0,00148	0,00147	0,00150	0,00121	0,00114	0,00140	0,00135	0,00137	0,00151	0,00126	0,00126	0,00128	0,00143	0,00137	0,00137	0,00112	0,00144	0,00118	0,00122	0,00111	0,00101	0,00131	0,00148	0,00144	0,00091	0,00112	0,00146	0,00101	0,00120	0,00112	0,00127	0,00091	0,00093	0,00121	0,00111	0,00092	0,00096	0,00078	0,00107	0,00097	0,00094	0,00115
0,00126	0,00151	0,00124	0,00129	0,00160	0,00126	0,00155	0,00146	0,00154	0,00134	0,00151	0,00129	0,00171	0,00127	0,00125	0,00129	0,00120	0,00136	0,00146	0,00121	0,00153	0,00153	0,00133	0,00144	0,00116	0,00140	0,00149	0,00120	0,00126	0,00099	0,00148	0,00133	0,00115	0,00151	0,00109	0,00106	0,00135	0,00122	0,00093	0,00107	0,00114	0,00104	0,00109	0,00096	0,00131	0,00130	0,00125	0,00123	0,00095	0,00087	0,00096
0,00128	0,00116	0,00166	0,00149	0,00163	0,00156	0,00140	0,00128	0,00145	0,00161	0,00123	0,00114	0,00133	0,00128	0,00149	0,00162	0,00166	0,00113	0,00127	0,00130	0,00124	0,00115	0,00131	0,00133	0,00124	0,00119	0,00124	0,00108	0,00112	0,00116	0,00129	0,00104	0,00126	0,00121	0,00126	0,00100	0,00119	0,00123	0,00113	0,00097	0,00124	0,00102	0,00094	0,00100	0,00093	0,00096	0,00090	0,00077	0,00109	0,00096	0,00098
0,00156	0,00125	0,00144	0,00154	0,00145	0,00150	0,00163	0,00144	0,00145	0,00154	0,00142	0,00146	0,00132	0,00124	0,00144	0,00145	0,00129	0,00134	0,00157	0,00127	0,00122	0,00121	0,00149	0,00145	0,00106	0,00110	0,00126	0,00127	0,00130	0,00100	0,00138	0,00106	0,00113	0,00138	0,00113	0,00092	0,00101	0,00111	0,00122	0,00103	0,00103	0,00117	0,00111	0,00091	0,00115	0,00095	0,00096	0,00121	0,00131	0,00118	0,00086
0,00142	0,00129	0,00134	0,00141	0,00158	0,00135	0,00144	0,00144	0,00170	0,00136	0,00116	0,00119	0,00141	0,00114	0,00157	0,00119	0,00151	0,00085	0,00114	0,00121	0,00135	0,00141	0,00115	0,00107	0,00145	0,00145	0,00141	0,00103	0,00112	0,00094	0,00126	0,00117	0,00096	0,00148	0,00108	0,00126	0,00114	0,00110	0,00102	0,00108	0,00096	0,00105	0,00120	0,00101	0,00097	0,00126	0,00096	0,00098	0,00093	0,00122	0,00075
0,00157	0,00125	0,00132	0,00121	0,00122	0,00139	0,00141	0,00151	0,00132	0,00110	0,00113	0,00124	0,00092	0,00126	0,00123	0,00129	0,00117	0,00109	0,00111	0,00142	0,00092	0,00108	0,00134	0,00109	0,00139	0,00113	0,00145	0,00099	0,00100	0,00096	0,00104	0,00139	0,00111	0,00099	0,00094	0,00103	0,00112	0,00107	0,00094	0,00111	0,00099	0,00122	0,00081	0,00094	0,00115	0,00124	0,00100	0,00099	0,00100	0,00116	0,00092
0,00146	0,00128	0,00109	0,00126	0,00117	0,00118	0,00119	0,00114	0,00121	0,00126	0,00103	0,00129	0,00089	0,00085	0,00097	0,00094	0,00099	0,00093	0,00104	0,00094	0,00097	0,00119	0,00105	0,00127	0,00108	0,00118	0,00155	0,00111	0,00113	0,00107	0,00098	0,00126	0,00128	0,00105	0,00111	0,00103	0,00124	0,00115	0,00080	0,00096	0,00097	0,00130	0,00086	0,00097	0,00109	0,00105	0,00094	0,00095	0,00111	0,00092	0,00102
0,00138	0,00110	0,00102	0,00130	0,00107	0,00119	0,00083	0,00098	0,00107	0,00112	0,00091	0,00092	0,00105	0,00106	0,00101	0,00107	0,00090	0,00095	0,00106	0,00100	0,00095	0,00086	0,00116	0,00121	0,00104	0,00115	0,00136	0,00115	0,00138	0,00108	0,00124	0,00117	0,00101	0,00094	0,00090	0,00138	0,00125	0,00105	0,00101	0,00111	0,00113	0,00114	0,00094	0,00106	0,00093	0,00106	0,00108	0,00111	0,00097	0,00105	0,00096
0,00120	0,00116	0,00122	0,00094	0,00094	0,00085	0,00114	0,00113	0,00119	0,00088	0,00092	0,00146	0,00102	0,00119	0,00092	0,00104	0,00080	0,00110	0,00111	0,00089	0,00093	0,00114	0,00114	0,00099	0,00123	0,00098	0,00108	0,00121	0,00098	0,00128	0,00127	0,00109	0,00105	0,00101	0,00083	0,00085	0,00107	0,00096	0,00101	0,00086	0,00094	0,00094	0,00122	0,00100	0,00091	0,00108	0,00101	0,00106	0,00107	0,00074	0,00112
0,00083	0,00105	0,00098	0,00099	0,00096	0,00099	0,00122	0,00093	0,00109	0,00124	0,00138	0,00147	0,00141	0,00127	0,00121	0,00127	0,00104	0,00128	0,00124	0,00122	0,00113	0,00122	0,00110	0,00121	0,00101	0,00107	0,00110	0,00125	0,00111	0,00131	0,00117	0,00089	0,00093	0,00102	0,00097	0,00089	0,00090	0,00105	0,00111	0,00116	0,00104	0,00116	0,00087	0,00086	0,00099	0,00129	0,00122	0,00098	0,00105	0,00094	0,00121
0,00096	0,00111	0,00124	0,00090	0,00099	0,00144	0,00128	0,00124	0,00108	0,00184	0,00193	0,00224	0,00186	0,00217	0,00204	0,00177	0,00129	0,00177	0,00163	0,00159	0,00165	0,00141	0,00135	0,00115	0,00107	0,00118	0,00100	0,00102	0,00135	0,00131	0,00125	0,00104	0,00106	0,00108	0,00109	0,00091	0,00102	0,00113	0,00089	0,00085	0,00100	0,00113	0,00112	0,00125	0,00125	0,00107	0,00080	0,00103	0,00096	0,00074	0,00097
0,00099	0,00084	0,00100	0,00129	0,00129	0,00141	0,00154	0,00140	0,00168	0,00268	0,00242	0,00285	0,00283	0,00249	0,00243	0,00190	0,00180	0,00240	0,00223	0,00218	0,00181	0,00181	0,00204	0,00120	0,00155	0,00100	0,00112	0,00117	0,00105	0,00109	0,00131	0,00115	0,00104	0,00090	0,00114	0,00095	0,00090	0,00124	0,00100	0,00088	0,00100	0,00087	0,00117	0,00099	0,00093	0,00100	0,00107	0,00093	0,00120	0,00067	0,00103
0,00136	0,00120	0,00170	0,00176	0,00197	0,00188	0,00181	0,00213	0,00233	0,00316	0,00317	0,00340	0,00341	0,00368	0,00300	0,00292	0,00248	0,00315	0,00322	0,00273	0,00269	0,00259	0,00242	0,00159	0,00165	0,00110	0,00108	0,00114	0,00086	0,00103	0,00130	0,00123	0,00083	0,00105	0,00079	0,00118	0,00107	0,00120	0,00108	0,00103	0,00104	0,00129	0,00094	0,00106	0,00091	0,00083	0,00093	0,00092	0,00094	0,00087	0,00087
0,00122	0,00151	0,00172	0,00193	0,00187	0,00271	0,00250	0,00286	0,00293	0,00375	0,00381	0,00420	0,00421	0,00435	0,00422	0,00373	0,00329	0,00421	0,00388	0,00357	0,00284	0,00331	0,00275	0,00211	0,00211	0,00125	0,00153	0,00134	0,00105	0,00110	0,00087	0,00097	0,00114	0,00113	0,00097	0,00101	0,00098	0,00097	0,00090	0,00099	0,00127	0,00083	0,00091	0,00137	0,00100	0,00094	0,00077	0,00103	0,00112	0,00108	0,00117
0,00122	0,00157	0,00185	0,00224	0,00258	0,00295	0,00313	0,00303	0,00357	0,00458	0,00446	0,00499	0,00495	0,00534	0,00458	0,00426	0,00392	0,00467	0,00476	0,00438	0,00357	0,00408	0,00327	0,00266	0,00239	0,00188	0,00197	0,00129	0,00146	0,00092	0,00113	0,00080	0,00084	0,00095	0,00124	0,00088	0,00124	0,00083	0,00113	0,00098	0,00104	0,00105	0,00098	0,00111	0,00115	0,00119	0,00112	0,00117	0,00089	0,00090	0,00110
0,00153	0,00231	0,00211	0,00273	0,00314	0,00330	0,00342	0,00398	0,00422	0,00457	0,00524	0,00544	0,00524	0,00543	0,00539	0,00498	0,00481	0,00552	0,00499	0,00499	0,00438	0,00429	0,00400	0,00327	0,00265	0,00246	0,00214	0,00195	0,00159	0,00122	0,00133	0,00136	0,00093	0,00085	0,00103	0,00093	0,00120	0,00079	0,00123	0,00116	0,00093	0,00087	0,00122	0,00114	0,00066	0,00107	0,00115	0,00094	0,00120	0,00076	0,00094
0,00166	0,00200	0,00244	0,00275	0,00323	0,00367	0,00421	0,00412	0,00436	0,00461	0,00494	0,00531	0,00548	0,00540	0,00613	0,00556	0,00531	0,00599	0,00586	0,00559	0,00497	0,00497	0,00458	0,00370	0,00337	0,00297	0,00235	0,00201	0,00149	0,00151	0,00114	0,00115	0,00120	0,00116	0,00092	0,00117	0,00107	0,00112	0,00105	0,00106	0,00098	0,00090	0,00117	0,00099	0,00111	0,00094	0,00093	0,00105	0,00110	0,00094	0,00121
0,00189	0,00243	0,00280	0,00320	0,00329	0,00369	0,00400	0,00447	0,00443	0,00498	0,00533	0,00518	0,00563	0,00573	0,00614	0,00583	0,00572	0,00657	0,00613	0,00649	0,00587	0,00560	0,00557	0,00435	0,00390	0,00342	0,00296	0,00225	0,00192	0,00206	0,00151	0,00127	0,00113	0,00107	0,00098	0,00092	0,00091	0,00090	0,00104	0,00099	0,00119	0,00125	0,00115	0,00109	0,00070	0,00114	0,00090	0,00079	0,00095	0,00094	0,00078
0,00201	0,00260	0,00298	0,00285	0,00327	0,00341	0,00387	0,00394	0,00446	0,00476	0,00503	0,00562	0,00572	0,00630	0,00643	0,00626	0,00607	0,00711	0,00699	0,00716	0,00645	0,00668	0,00606	0,00529	0,00461	0,00389	0,00361	0,00272	0,00220	0,00192	0,00169	0,00139	0,00130	0,00111	0,00103	0,00111	0,00086	0,00105	0,00124	0,00118	0,00108	0,00137	0,00088	0,00111	0,00081	0,00131	0,00140	0,00100	0,00099	0,00097	0,00087
0,00240	0,00234	0,00280	0,00299	0,00326	0,00345	0,00398	0,00403	0,00442	0,00455	0,00483	0,00520	0,00592	0,00616	0,00636	0,00673	0,00669	0,00744	0,00780	0,00810	0,00743	0,00716	0,00696	0,00603	0,00530	0,00445	0,00370	0,00323	0,00296	0,00257	0,00193	0,00168	0,00138	0,00140	0,00126	0,00127	0,00096	0,00103	0,00111	0,00087	0,00104	0,00101	0,00120	0,00105	0,00100	0,00128	0,00103	0,00114	0,00102	0,00091	0,00093
0,00212	0,00257	0,00285	0,00284	0,00306	0,00330	0,00367	0,00392	0,00397	0,00409	0,00452	0,00540	0,00559	0,00657	0,00657	0,00715	0,00705	0,00876	0,00861	0,00876	0,00852	0,00863	0,00806	0,00684	0,00646	0,00506	0,00462	0,00376	0,00321	0,00269	0,00228	0,00216	0,00168	0,00149	0,00128	0,00104	0,00113	0,00113	0,00133	0,00108	0,00142	0,00107	0,00101	0,00094	0,00107	0,00094	0,00112	0,00119	0,00086	0,00114	0,00080
0,00262	0,00251	0,00254	0,00272	0,00306	0,00314	0,00360	0,00379	0,00380	0,00430	0,00441	0,00541	0,00562	0,00643	0,00705	0,00772	0,00769	0,00965	0,00940	0,01010	0,00957	0,00962	0,00891	0,00815	0,00711	0,00621	0,00535	0,00458	0,00370	0,00309	0,00296	0,00226	0,00191	0,00159	0,00155	0,00127	0,00117	0,00138	0,00134	0,00169	0,00110	0,00125	0,00092	0,00123	0,00107	0,00141	0,00104	0,00103	0,00096	0,00087	0,00122
0,00231	0,00244	0,00248	0,00260	0,00288	0,00287	0,00310	0,00351	0,00363	0,00379	0,00426	0,00499	0,00546	0,00650	0,00729	0,00806	0,00849	0,01019	0,01021	0,01100	0,01052	0,01097	0,01050	0,00875	0,00824	0,00646	0,00599	0,00474	0,00405	0,00347	0,00315	0,00261	0,00237	0,00200	0,00171	0,00156	0,00149	0,00166	0,00131	0,00165	0,00127	0,00128	0,00127	0,00112	0,00099	0,00091	0,00093	0,00093	0,00114	0,00097	0,00116
0,00217	0,00223	0,00244	0,00257	0,00276	0,00306	0,00301	0,00332	0,00326	0,00346	0,00391	0,00446	0,00536	0,00675	0,00745	0,00825	0,00909	0,01053	0,01095	0,01137	0,01148	0,01172	0,01111	0,01027	0,00893	0,00798	0,00647	0,00583	0,00459	0,00406	0,00349	0,00299	0,00268	0,00227	0,00192	0,00169	0,00151	0,00137	0,00146	0,00165	0,00170	0,00142	0,00151	0,00137	0,00136	0,00140	0,00129	0,00105	0,00091	0,00097	0,00090
0,00215	0,00226	0,00224	0,00240	0,00280	0,00274	0,00249	0,00268	0,00286	0,00322	0,00353	0,00403	0,00454	0,00561	0,00706	0,00844	0,00895	0,00989	0,01113	0,01128	0,01179	0,01195	0,01175	0,01075	0,00984	0,00855	0,00711	0,00635	0,00519	0,00465	0,00390	0,00355	0,00272	0,00267	0,00198	0,00185	0,00177	0,00168	0,00156	0,00144	0,00165	0,00147	0,00151	0,00168	0,00122	0,00103	0,00098	0,00135	0,00140	0,00096	0,00102
0,00232	0,00211	0,00221	0,00231	0,00206	0,00222	0,00244	0,00247	0,00275	0,00273	0,00287	0,00317	0,00380	0,00486	0,00607	0,00711	0,00876	0,00942	0,01032	0,01079	0,01142	0,01207	0,01203	0,01132	0,01073	0,00937	0,00833	0,00722	0,00548	0,00459	0,00398	0,00361	0,00298	0,00249	0,00262	0,00223	0,00222	0,00186	0,00175	0,00151	0,00158	0,00190	0,00170	0,00160	0,00141	0,00123	0,00124	0,00118	0,00121	0,00099	0,00097
0,00198	0,00240	0,00237	0,00204	0,00196	0,00199	0,00207	0,00251	0,00194	0,00199	0,00260	0,00265	0,00278	0,00393	0,00505	0,00655	0,00796	0,00877	0,00928	0,00962	0,01067	0,01107	0,01140	0,01133	0,01053	0,00959	0,00846	0,00724	0,00630	0,00486	0,00408	0,00366	0,00325	0,00284	0,00261	0,00237	0,00195	0,00196	0,00202	0,00184	0,00201	0,00220	0,00169	0,00168	0,00149	0,00114	0,00148	0,00128	0,00120	0,00100	0,00094
0,00214	0,00211	0,00236	0,00212	0,00189	0,00182	0,00193	0,00178	0,00188	0,00188	0,00207	0,00202	0,00223	0,00267	0,00357	0,00481	0,00597	0,00721	0,00744	0,00816	0,00935	0,01019	0,01077	0,01101	0,01029	0,01005	0,00852	0,00739	0,00603	0,00496	0,00433	0,00364	0,00369	0,00280	0,00268	0,00229	0,00222	0,00208	0,00193	0,00206	0,00200	0,00183	0,00175	0,00160	0,00170	0,00166	0,00145	0,00136	0,00119	0,00102	0,00084
0,00256	0,00205	0,00216	0,00181	0,00202	0,00148	0,00183	0,00141	0,00159	0,00134	0,00163	0,00169	0,00204	0,00188	0,00300	0,00375	0,00479	0,00548	0,00562	0,00689	0,00812	0,00883	0,00951	0,00998	0,01031	0,00945	0,00845	0,00779	0,00654	0,00522	0,00447	0,00412	0,00332	0,00327	0,00301	0,00243	0,00211	0,00215	0,00201	0,00187	0,00193	0,00203	0,00183	0,00181	0,00178	0,00158	0,00156	0,00145	0,00113	0,00125	0,00101
0,00250	0,00203	0,00184	0,00173	0,00199	0,00135	0,00159	0,00132	0,00138	0,00151	0,00154	0,00192	0,00191	0,00205	0,00223	0,00268	0,00367	0,00397	0,00441	0,00518	0,00624	0,00703	0,00805	0,00886	0,00882	0,00907	0,00838	0,00770	0,00612	0,00545	0,00461	0,00394	0,00336	0,00324	0,00281	0,00270	0,00266	0,00228	0,00226	0,00224	0,00207	0,00202	0,00198	0,00187	0,00160	0,00159	0,00127	0,00134	0,00110	0,00122	0,00118
0,00212	0,00212	0,00216	0,00201	0,00138	0,00137	0,00161	0,00133	0,00131	0,00191	0,00212	0,00239	0,00264	0,00253	0,00200	0,00203	0,00272	0,00317	0,00337	0,00400	0,00474	0,00540	0,00662	0,00748	0,00817	0,00791	0,00747	0,00677	0,00627	0,00522	0,00459	0,00400	0,00359	0,00312	0,00294	0,00255	0,00264	0,00242	0,00223	0,00215	0,00212	0,00209	0,00200	0,00197	0,00164	0,00193	0,00165	0,00130	0,00121	0,00152	0,00113
0,00237	0,00192	0,00173	0,00144	0,00135	0,00119	0,00120	0,00144	0,00174	0,00212	0,00270	0,00313	0,00333	0,00314	0,00265	0,00223	0,00221	0,00282	0,00275	0,00313	0,00410	0,00402	0,00543	0,00571	0,00645	0,00709	0,00665	0,00675	0,00590	0,00497	0,00433	0,00389	0,00332	0,00288	0,00292	0,00283	0,00231	0,00257	0,00232	0,00209	0,00219	0,00202	0,00239	0,00222	0,00179	0,00159	0,00150	0,00142	0,00142	0,00110	0,00119
0,00236	0,00207	0,00196	0,00158	0,00175	0,00132	0,00142	0,00174	0,00182	0,00274	0,00311	0,00416	0,00445	0,00443	0,00325	0,00310	0,00283	0,00282	0,00281	0,00272	0,00288	0,00315	0,00395	0,00440	0,00523	0,00577	0,00573	0,00576	0,00545	0,00415	0,00418	0,00375	0,00344	0,00283	0,00284	0,00288	0,00246	0,00265	0,00216	0,00222	0,00231	0,00216	0,00206	0,00180	0,00183	0,00163	0,00164	0,00139	0,00132	0,00164	0,00140
0,00252	0,00251	0,00187	0,00178	0,00139	0,00146	0,00137	0,00166	0,00235	0,00337	0,00376	0,00486	0,00534	0,00547	0,00439	0,00413	0,00300	0,00333	0,00284	0,00289	0,00263	0,00272	0,00328	0,00339	0,00403	0,00439	0,00505	0,00464	0,00460	0,00411	0,00378	0,00328	0,00332	0,00271	0,00275	0,00251	0,00264	0,00227	0,00235	0,00217	0,00234	0,00220	0,00212	0,00193	0,00189	0,00171	0,00158	0,00166	0,00132	0,00111	0,00117
0,00249	0,00226	0,00229	0,00181	0,00169	0,00158	0,00141	0,00219	0,00256	0,00375	0,00423	0,00542	0,00642	0,00658	0,00576	0,00505	0,00380	0,00390	0,00330	0,00331	0,00307	0,00261	0,00252	0,00276	0,00297	0,00368	0,00388	0,00404	0,00402	0,00336	0,00350	0,00310	0,00316	0,00273	0,00290	0,00291	0,00244	0,00220	0,00244	0,00196	0,00229	0,00235	0,00218	0,00198	0,00214	0,00182	0,00173	0,00164	0,00160	0,00132	0,00129
0,00261	0,00225	0,00220	0,00180	0,00195	0,00188	0,00197	0,00203	0,00292	0,00383	0,00486	0,00564	0,00627	0,00680	0,00657	0,00618	0,00508	0,00510	0,00435	0,00399	0,00323	0,00268	0,00232	0,00223	0,00228	0,00261	0,00319	0,00314	0,00349	0,00317	0,00303	0,00319	0,00256	0,00256	0,00253	0,00270	0,00246	0,00212	0,00184	0,00222	0,00186	0,00214	0,00220	0,00195	0,00213	0,00152	0,00168	0,00121	0,00138	0,00115	0,00108
0,00277	0,00231	0,00214	0,00228	0,00182	0,00161	0,00198	0,00196	0,00241	0,00342	0,00452	0,00576	0,00641	0,00724	0,00704	0,00687	0,00620	0,00545	0,00479	0,00433	0,00360	0,00287	0,00232	0,00219	0,00194	0,00194	0,00217	0,00285	0,00257	0,00254	0,00277	0,00242	0,00259	0,00275	0,00228	0,00234	0,00216	0,00214	0,00199	0,00189	0,00192	0,00181	0,00197	0,00170	0,00166	0,00172	0,00127	0,00141	0,00134	0,00118	0,00143
0,00298	0,00253	0,00244	0,00220	0,00186	0,00179	0,00191	0,00224	0,00272	0,00336	0,00410	0,00570	0,00634	0,00716	0,00719	0,00715	0,00696	0,00631	0,00571	0,00532	0,00421	0,00358	0,00298	0,00216	0,00197	0,00186	0,00214	0,00203	0,00210	0,00242	0,00255	0,00262	0,00236	0,00231	0,00255	0,00250	0,00216	0,00193	0,00207	0,00185	0,00178	0,00161	0,00198	0,00155	0,00171	0,00146	0,00142	0,00153	0,00131	0,00121	0,00126
0,00257	0,00237	0,00235	0,00240	0,00218	0,00186	0,00159	0,00203	0,00231	0,00315	0,00375	0,00465	0,00576	0,00664	0,00708	0,00723	0,00702	0,00689	0,00601	0,00528	0,00507	0,00383	0,00296	0,00259	0,00189	0,00182	0,00168	0,00182	0,00172	0,00185	0,00214	0,00219	0,00266	0,00230	0,00229	0,00222	0,00201	0,00195	0,00176	0,00164	0,00170	0,00152	0,00153	0,00149	0,00161	0,00175	0,00145	0,00139	0,00109	0,00139	0,00107
0,00257	0,00265	0,00218	0,00212	0,00248	0,00214	0,00193	0,00231	0,00197	0,00250	0,00325	0,00453	0,00529	0,00566	0,00679	0,00740	0,00735	0,00704	0,00628	0,00576	0,00534	0,00459	0,00420	0,00291	0,00267	0,00196	0,00187	0,00169	0,00167	0,00172	0,00196	0,00219	0,00244	0,00215	0,00236	0,00203	0,00193	0,00209	0,00179	0,00160	0,00129	0,00133	0,00162	0,00141	0,00139	0,00139	0,00126	0,00182	0,00119	0,00157	0,00140
0,00256	0,00226	0,00225	0,00228	0,00217	0,00199	0,00176	0,00215	0,00217	0,00224	0,00290	0,00326	0,00449	0,00511	0,00629	0,00682	0,00703	0,00688	0,00645	0,00636	0,00601	0,00528	0,00433	0,00357	0,00289	0,00232	0,00209	0,00219	0,00179	0,00184	0,00175	0,00195	0,00229	0,00225	0,00235	0,00204	0,00193	0,00174	0,00151	0,00140	0,00132	0,00128	0,00134	0,00139	0,00126	0,00171	0,00140	0,00163	0,00113	0,00113	0,00116
0,00233	0,00237	0,00242	0,00176	0,00220	0,00228	0,00179	0,00176	0,00173	0,00210	0,00249	0,00313	0,00374	0,00462	0,00586	0,00615	0,00666	0,00677	0,00654	0,00636	0,00618	0,00598	0,00510	0,00423	0,00332	0,00281	0,00217	0,00189	0,00181	0,00207	0,00197	0,00212	0,00176	0,00183	0,00208	0,00210	0,00195	0,00164	0,00137	0,00141	0,00144	0,00122	0,00142	0,00169	0,00110	0,00113	0,00120	0,00135	0,00099	0,00105	0,00136
0,00226	0,00196	0,00174	0,00177	0,00171	0,00204	0,00212	0,00177	0,00166	0,00186	0,00264	0,00260	0,00331	0,00435	0,00512	0,00619	0,00682	0,00690	0,00680	0,00688	0,00669	0,00599	0,00559	0,00464	0,00429	0,00332	0,00257	0,00259	0,00226	0,00198	0,00194	0,00187	0,00215	0,00195	0,00199	0,00191	0,00205	0,00160	0,00161	0,00137	0,00133	0,00094	0,00097	0,00128	0,00142	0,00144	0,00112	0,00154	0,00107	0,00154	0,00131
0,00172	0,00138	0,00170	0,00170	0,00181	0,00185	0,00165	0,00168	0,00169	0,00188	0,00230	0,00264	0,00362	0,00405	0,00524	0,00567	0,00651	0,00647	0,00694	0,00721	0,00678	0,00655	0,00602	0,00501	0,00452	0,00374	0,00329	0,00245	0,00251	0,00232	0,00232	0,00233	0,00194	0,00194	0,00189	0,00209	0,00191	0,00168	0,00132	0,00134	0,00146	0,00116	0,00149	0,00094	0,00098	0,00088	0,00142	0,00099	0,00121	0,00109	0,00130
0,00127	0,00141	0,00133	0,00136	0,00153	0,00166	0,00168	0,00152	0,00151	0,00190	0,00205	0,00261	0,00310	0,00391	0,00489	0,00556	0,00601	0,00679	0,00687	0,00703	0,00688	0,00675	0,00646	0,00579	0,00517	0,00475	0,00383	0,00290	0,00265	0,00241	0,00240	0,00201	0,00184	0,00178	0,00217	0,00193	0,00193	0,00157	0,00134	0,00120	0,00112	0,00137	0,00120	0,00103	0,00106	0,00122	0,00095	0,00120	0,00113	0,00096	0,00141
0,00145	0,00127	0,00133	0,00129	0,00152	0,00163	0,00137	0,00176	0,00163	0,00168	0,00227	0,00233	0,00286	0,00365	0,00467	0,00506	0,00608	0,00651	0,00669	0,00699	0,00709	0,00678	0,00650	0,00615	0,00566	0,00461	0,00405	0,00336	0,00287	0,00263	0,00225	0,00239	0,00211	0,00183	0,00185	0,00169	0,00169	0,00190	0,00151	0,00122	0,00116	0,00099	0,00096	0,00115	0,00101	0,00103	0,00118	0,00112	0,00129	0,00137	0,00094
0,00119	0,00126	0,00114	0,00130	0,00101	0,00098	0,00129	0,00138	0,00146	0,00157	0,00199	0,00220	0,00306	0,00370	0,00438	0,00485	0,00577	0,00627	0,00678	0,00735	0,00688	0,00713	0,00696	0,00628	0,00566	0,00509	0,00424	0,00408	0,00309	0,00254	0,00219	0,00217	0,00197	0,00181	0,00178	0,00158	0,00162	0,00153	0,00128	0,00117	0,00123	0,00130	0,00094	0,00115	0,00111	0,00084	0,00084	0,00096	0,00122	0,00102	0,00123
0,00108	0,00106	0,00116	0,00108	0,00115	0,00147	0,00108	0,00139	0,00144	0,00178	0,00197	0,00264	0,00306	0,00365	0,00454	0,00508	0,00566	0,00622	0,00651	0,00659	0,00680	0,00717	0,00649	0,00613	0,00581	0,00546	0,00435	0,00387	0,00310	0,00273	0,00227	0,00246	0,00186	0,00214	0,00180	0,00157	0,00155	0,00166	0,00130	0,00120	0,00106	0,00110	0,00107	0,00093	0,00090	0,00106	0,00091	0,00100	0,00109	0,00100	0,00100
0,00101	0,00086	0,00084	0,00082	0,00104	0,00122	0,00120	0,00154	0,00153	0,00189	0,00201	0,00244	0,00295	0,00362	0,00440	0,00492	0,00543	0,00634	0,00620	0,00620	0,00644	0,00632	0,00675	0,00598	0,00572	0,00514	0,00455	0,00404	0,00357	0,00299	0,00252	0,00234	0,00187	0,00166	0,00186	0,00153	0,00178	0,00150	0,00143	0,00105	0,00135	0,00115	0,00096	0,00131	0,00131	0,00118	0,00123	0,00101	0,00113	0,00131	0,00116
0,00093	0,00099	0,00095	0,00121	0,00100	0,00103	0,00134	0,00141	0,00178	0,00210	0,00232	0,00276	0,00338	0,00387	0,00461	0,00463	0,00560	0,00593	0,00622	0,00608	0,00637	0,00604	0,00606	0,00608	0,00572	0,00509	0,00487	0,00395	0,00336	0,00296	0,00246	0,00212	0,00183	0,00160	0,00166	0,00187	0,00170	0,00166	0,00143	0,00115	0,00132	0,00124	0,00109	0,00083	0,00101	0,00096	0,00097	0,00111	0,00102	0,00090	0,00084
