19,50000	19,66000	19,82000	19,98000	20,14000	20,30000	20,46000	20,62000	20,78000	20,94000	21,10000	21,26000	21,42000	21,58000	21,74000	21,90000	22,06000	22,22000	22,38000	22,54000	22,70000	22,86000	23,02000	23,18000	23,34000	23,50000	23,66000	23,82000	23,98000	24,14000	24,30000	24,46000	24,62000	24,78000	24,94000	25,10000	25,26000	25,42000	25,58000	25,74000	25,90000	26,06000	26,22000	26,38000	26,54000	26,70000	26,86000	27,02000	27,18000	27,34000	27,50000
21,40000	21,56000	21,72000	21,88000	22,04000	22,20000	22,36000	22,52000	22,68000	22,84000	23,00000	23,16000	23,32000	23,48000	23,64000	23,80000	23,96000	24,12000	24,28000	24,44000	24,60000	24,76000	24,92000	25,08000	25,24000	25,40000	25,56000	25,72000	25,88000	26,04000	26,20000	26,36000	26,52000	26,68000	26,84000	27,00000	27,16000	27,32000	27,48000	27,64000	27,80000	27,96000	28,12000	28,28000	28,44000	28,60000	28,76000	28,92000	29,08000	29,24000	29,40000
0,00121	0,00109	0,00130	0,00173	0,00165	0,00124	0,00101	0,00138	0,00121	0,00172	0,00143	0,00155	0,00123	0,00144	0,00133	0,00133	0,00149	0,00134	0,00116	0,00149	0,00145	0,00132	0,00157	0,00155	0,00118	0,00131	0,00148	0,00134	0,00153	0,00124	0,00124	0,00127	0,00137	0,00129	0,00139	0,00145	0,00144	0,00140	0,00143	0,00147	0,00129	0,00113	0,00157	0,00133	0,00154	0,00129	0,00164	0,00120	0,00121	0,00136	0,00145
0,00144	0,00131	0,00127	0,00134	0,00111	0,00121	0,00152	0,00161	0,00179	0,00131	0,00147	0,00160	0,00182	0,00182	0,00167	0,00161	0,00142	0,00149	0,00157	0,00146	0,00162	0,00140	0,00132	0,00135	0,00176	0,00123	0,00124	0,00129	0,00129	0,00135	0,00175	0,00135	0,00121	0,00144	0,00164	0,00161	0,00141	0,00128	0,00129	0,00139	0,00161	0,00113	0,00125	0,00112	0,00118	0,00120	0,00153	0,00155	0,00154	0,00106	0,00130
0,00132	0,00147	0,00132	0,00134	0,00117	0,00169	0,00135	0,00180	0,00166	0,00180	0,00129	0,00127	0,00156	0,00147	0,00141	0,00140	0,00170	0,00139	0,00146	0,00150	0,00139	0,00118	0,00147	0,00130	0,00149	0,00180	0,00134	0,00133	0,00099	0,00154	0,00147	0,00165	0,00124	0,00150	0,00123	0,00182	0,00130	0,00131	0,00129	0,00126	0,00150	0,00124	0,00138	0,00162	0,00125	0,00111	0,00166	0,00123	0,00139	0,00160	0,00115
0,00133	0,00157	0,00147	0,00120	0,00138	0,00138	0,00140	0,00145	0,00167	0,00114	0,00124	0,00135	0,00145	0,00153	0,00141	0,00139	0,00124	0,00153	0,00136	0,00145	0,00149	0,00159	0,00160	0,00134	0,00176	0,00155	0,00153	0,00186	0,00146	0,00125	0,00132	0,00180	0,00133	0,00140	0,00135	0,00164	0,00168	0,00124	0,00165	0,00126	0,00125	0,00197	0,00140	0,00168	0,00135	0,00133	0,00146	0,00129	0,00170	0,00133	0,00119
0,00140	0,00164	0,00133	0,00126	0,00117	0,00129	0,00143	0,00123	0,00139	0,00135	0,00184	0,00163	0,00160	0,00144	0,00144	0,00156	0,00117	0,00158	0,00165	0,00149	0,00139	0,00164	0,00180	0,00183	0,00140	0,00197	0,00160	0,00189	0,00149	0,00149	0,00142	0,00144	0,00150	0,00133	0,00116	0,00161	0,00118	0,00145	0,00145	0,00121	0,00127	0,00148	0,00149	0,00127	0,00177	0,00130	0,00142	0,00131	0,00146	0,00132	0,00129
0,00155	0,00142	0,00128	0,00127	0,00161	0,00152	0,00169	0,00178	0,00175	0,00164	0,00137	0,00157	0,00126	0,00119	0,00160	0,00156	0,00158	0,00124	0,00136	0,00125	0,00138	0,00165	0,00166	0,00161	0,00147	0,00152	0,00147	0,00147	0,00166	0,00192	0,00146	0,00147	0,00133	0,00128	0,00126	0,00135	0,00121	0,00142	0,00171	0,00126	0,00133	0,00147	0,00126	0,00154	0,00148	0,00137	0,00146	0,00147	0,00124	0,00115	0,00130
0,00111	0,00124	0,00134	0,00128	0,00121	0,00137	0,00138	0,00140	0,00147	0,00132	0,00132	0,00167	0,00140	0,00144	0,00148	0,00163	0,00154	0,00157	0,00201	0,00143	0,00143	0,00153	0,00146	0,00148	0,00191	0,00165	0,00149	0,00176	0,00187	0,00147	0,00152	0,00185	0,00182	0,00144	0,00137	0,00180	0,00130	0,00161	0,00127	0,00120	0,00166	0,00126	0,00142	0,00124	0,00140	0,00156	0,00123	0,00149	0,00142	0,00126	0,00124
0,00111	0,00150	0,00160	0,00133	0,00111	0,00143	0,00137	0,00128	0,00123	0,00187	0,00153	0,00156	0,00161	0,00175	0,00160	0,00184	0,00187	0,00200	0,00183	0,00161	0,00162	0,00137	0,00167	0,00154	0,00155	0,00164	0,00149	0,00164	0,00197	0,00173	0,00184	0,00166	0,00146	0,00155	0,00142	0,00192	0,00149	0,00177	0,00136	0,00128	0,00124	0,00130	0,00136	0,00144	0,00144	0,00121	0,00149	0,00134	0,00133	0,00136	0,00123
0,00158	0,00154	0,00138	0,00106	0,00139	0,00121	0,00163	0,00126	0,00156	0,00168	0,00169	0,00176	0,00170	0,00180	0,00186	0,00214	0,00223	0,00224	0,00206	0,00171	0,00183	0,00149	0,00179	0,00165	0,00186	0,00155	0,00210	0,00162	0,00176	0,00146	0,00181	0,00184	0,00206	0,00173	0,00147	0,00157	0,00140	0,00136	0,00145	0,00138	0,00126	0,00158	0,00138	0,00116	0,00139	0,00133	0,00156	0,00143	0,00164	0,00126	0,00171
0,00131	0,00126	0,00170	0,00131	0,00176	0,00150	0,00181	0,00150	0,00187	0,00158	0,00170	0,00171	0,00210	0,00251	0,00223	0,00300	0,00245	0,00263	0,00260	0,00220	0,00232	0,00171	0,00165	0,00164	0,00155	0,00191	0,00166	0,00149	0,00139	0,00194	0,00149	0,00215	0,00177	0,00172	0,00151	0,00151	0,00135	0,00130	0,00132	0,00117	0,00136	0,00149	0,00128	0,00129	0,00151	0,00121	0,00124	0,00155	0,00139	0,00161	0,00146
0,00136	0,00130	0,00197	0,00190	0,00127	0,00113	0,00141	0,00148	0,00179	0,00239	0,00205	0,00206	0,00222	0,00277	0,00263	0,00298	0,00264	0,00233	0,00264	0,00205	0,00165	0,00175	0,00179	0,00178	0,00178	0,00162	0,00192	0,00144	0,00163	0,00164	0,00204	0,00166	0,00140	0,00155	0,00165	0,00135	0,00158	0,00158	0,00137	0,00138	0,00120	0,00134	0,00128	0,00134	0,00138	0,00121	0,00156	0,00161	0,00128	0,00164	0,00138
0,00129	0,00134	0,00177	0,00145	0,00137	0,00144	0,00136	0,00161	0,00175	0,00212	0,00220	0,00232	0,00281	0,00286	0,00322	0,00242	0,00256	0,00195	0,00196	0,00183	0,00175	0,00220	0,00189	0,00153	0,00179	0,00156	0,00180	0,00150	0,00175	0,00178	0,00144	0,00134	0,00154	0,00148	0,00143	0,00176	0,00151	0,00156	0,00174	0,00139	0,00131	0,00126	0,00121	0,00133	0,00122	0,00133	0,00150	0,00130	0,00132	0,00124	0,00127
0,00149	0,00147	0,00157	0,00179	0,00171	0,00177	0,00166	0,00158	0,00158	0,00200	0,00262	0,00236	0,00284	0,00267	0,00276	0,00187	0,00187	0,00148	0,00207	0,00154	0,00140	0,00160	0,00187	0,00185	0,00156	0,00132	0,00160	0,00156	0,00147	0,00171	0,00148	0,00174	0,00143	0,00130	0,00173	0,00145	0,00137	0,00161	0,00127	0,00142	0,00125	0,00161	0,00145	0,00127	0,00130	0,00121	0,00134	0,00153	0,00158	0,00129	0,00144
0,00150	0,00177	0,00146	0,00131	0,00148	0,00166	0,00169	0,00158	0,00197	0,00224	0,00216	0,00258	0,00230	0,00203	0,00258	0,00181	0,00175	0,00218	0,00185	0,00157	0,00188	0,00154	0,00137	0,00135	0,00133	0,00149	0,00173	0,00162	0,00132	0,00153	0,00186	0,00122	0,00133	0,00131	0,00146	0,00130	0,00131	0,00135	0,00128	0,00114	0,00131	0,00151	0,00149	0,00163	0,00130	0,00138	0,00135	0,00144	0,00117	0,00143	0,00137
0,00178	0,00139	0,00163	0,00157	0,00173	0,00138	0,00169	0,00173	0,00204	0,00203	0,00216	0,00265	0,00229	0,00181	0,00218	0,00215	0,00208	0,00283	0,00235	0,00204	0,00180	0,00127	0,00138	0,00193	0,00162	0,00140	0,00168	0,00139	0,00149	0,00135	0,00163	0,00153	0,00145	0,00169	0,00123	0,00135	0,00145	0,00127	0,00105	0,00164	0,00108	0,00155	0,00126	0,00126	0,00165	0,00122	0,00104	0,00139	0,00156	0,00120	0,00133
0,00138	0,00162	0,00163	0,00159	0,00124	0,00181	0,00197	0,00170	0,00205	0,00188	0,00209	0,00250	0,00195	0,00201	0,00196	0,00333	0,00370	0,00504	0,00355	0,00327	0,00255	0,00176	0,00162	0,00156	0,00177	0,00180	0,00169	0,00184	0,00135	0,00173	0,00130	0,00154	0,00172	0,00139	0,00142	0,00163	0,00164	0,00126	0,00135	0,00126	0,00186	0,00128	0,00128	0,00117	0,00128	0,00168	0,00139	0,00124	0,00130	0,00120	0,00130
0,00150	0,00129	0,00159	0,00159	0,00151	0,00177	0,00190	0,00216	0,00200	0,00232	0,00222	0,00193	0,00211	0,00294	0,00222	0,00510	0,00542	0,00694	0,00583	0,00517	0,00407	0,00258	0,00203	0,00220	0,00209	0,00182	0,00204	0,00193	0,00173	0,00145	0,00144	0,00140	0,00136	0,00150	0,00140	0,00140	0,00144	0,00126	0,00158	0,00134	0,00125	0,00126	0,00144	0,00103	0,00160	0,00136	0,00122	0,00180	0,00162	0,00150	0,00128
0,00140	0,00166	0,00147	0,00160	0,00138	0,00172	0,00184	0,00171	0,00184	0,00218	0,00241	0,00246	0,00277	0,00427	0,00328	0,00695	0,00700	0,00911	0,00804	0,00728	0,00589	0,00341	0,00289	0,00281	0,00243	0,00217	0,00235	0,00205	0,00196	0,00162	0,00148	0,00136	0,00140	0,00178	0,00156	0,00151	0,00169	0,00160	0,00127	0,00165	0,00162	0,00128	0,00122	0,00162	0,00173	0,00142	0,00154	0,00129	0,00129	0,00135	0,00155
0,00130	0,00165	0,00156	0,00166	0,00167	0,00140	0,00166	0,00216	0,00184	0,00297	0,00268	0,00273	0,00383	0,00521	0,00453	0,00774	0,00910	0,01080	0,01011	0,00960	0,00852	0,00534	0,00443	0,00408	0,00371	0,00306	0,00258	0,00220	0,00201	0,00146	0,00155	0,00158	0,00164	0,00154	0,00148	0,00184	0,00151	0,00189	0,00132	0,00138	0,00133	0,00153	0,00124	0,00129	0,00131	0,00144	0,00104	0,00142	0,00122	0,00132	0,00164
0,00175	0,00203	0,00166	0,00178	0,00132	0,00162	0,00164	0,00193	0,00228	0,00299	0,00309	0,00328	0,00420	0,00550	0,00563	0,00797	0,00961	0,01062	0,01195	0,01200	0,01061	0,00718	0,00601	0,00580	0,00462	0,00446	0,00359	0,00300	0,00180	0,00180	0,00200	0,00175	0,00183	0,00163	0,00133	0,00158	0,00175	0,00161	0,00137	0,00168	0,00161	0,00143	0,00161	0,00128	0,00110	0,00129	0,00110	0,00160	0,00120	0,00134	0,00118
0,00144	0,00162	0,00177	0,00139	0,00148	0,00192	0,00167	0,00201	0,00223	0,00314	0,00363	0,00413	0,00485	0,00558	0,00618	0,00687	0,00874	0,00924	0,01141	0,01283	0,01270	0,00990	0,00840	0,00788	0,00670	0,00599	0,00521	0,00389	0,00252	0,00185	0,00215	0,00221	0,00203	0,00177	0,00184	0,00181	0,00218	0,00199	0,00159	0,00176	0,00142	0,00121	0,00132	0,00139	0,00174	0,00120	0,00135	0,00131	0,00131	0,00161	0,00135
0,00153	0,00198	0,00196	0,00202	0,00204	0,00178	0,00226	0,00236	0,00274	0,00359	0,00402	0,00415	0,00500	0,00488	0,00618	0,00565	0,00717	0,00733	0,01044	0,01284	0,01409	0,01272	0,01137	0,01036	0,00917	0,00782	0,00645	0,00492	0,00342	0,00231	0,00216	0,00225	0,00232	0,00238	0,00165	0,00200	0,00196	0,00210	0,00153	0,00158	0,00189	0,00131	0,00136	0,00118	0,00128	0,00135	0,00102	0,00135	0,00134	0,00132	0,00130
0,00203	0,00182	0,00227	0,00213	0,00187	0,00237	0,00189	0,00268	0,00332	0,00434	0,00423	0,00426	0,00469	0,00465	0,00536	0,00421	0,00542	0,00525	0,00823	0,01101	0,01367	0,01383	0,01335	0,01286	0,01023	0,00899	0,00747	0,00564	0,00411	0,00329	0,00320	0,00288	0,00291	0,00234	0,00208	0,00239	0,00207	0,00180	0,00170	0,00168	0,00146	0,00139	0,00146	0,00128	0,00160	0,00153	0,00168	0,00159	0,00116	0,00127	0,00127
0,00216	0,00243	0,00212	0,00214	0,00245	0,00224	0,00252	0,00282	0,00358	0,00473	0,00486	0,00448	0,00436	0,00415	0,00447	0,00339	0,00337	0,00377	0,00609	0,00892	0,01178	0,01396	0,01450	0,01338	0,01105	0,00955	0,00819	0,00610	0,00458	0,00373	0,00341	0,00332	0,00303	0,00275	0,00269	0,00251	0,00221	0,00204	0,00178	0,00157	0,00179	0,00154	0,00147	0,00133	0,00143	0,00135	0,00140	0,00127	0,00131	0,00139	0,00132
0,00217	0,00254	0,00274	0,00248	0,00252	0,00269	0,00285	0,00347	0,00408	0,00549	0,00571	0,00498	0,00480	0,00354	0,00364	0,00221	0,00261	0,00282	0,00470	0,00655	0,00954	0,01335	0,01359	0,01280	0,01041	0,00888	0,00742	0,00556	0,00505	0,00438	0,00372	0,00342	0,00332	0,00292	0,00328	0,00264	0,00264	0,00237	0,00204	0,00173	0,00170	0,00147	0,00140	0,00144	0,00136	0,00127	0,00164	0,00137	0,00123	0,00119	0,00142
0,00271	0,00291	0,00316	0,00281	0,00286	0,00294	0,00345	0,00408	0,00473	0,00599	0,00582	0,00520	0,00461	0,00393	0,00324	0,00179	0,00212	0,00248	0,00341	0,00504	0,00717	0,01066	0,01187	0,01062	0,00944	0,00756	0,00642	0,00505	0,00523	0,00427	0,00406	0,00350	0,00332	0,00349	0,00334	0,00294	0,00243	0,00230	0,00220	0,00212	0,00204	0,00130	0,00148	0,00166	0,00168	0,00133	0,00128	0,00125	0,00161	0,00181	0,00125
0,00262	0,00327	0,00309	0,00296	0,00336	0,00390	0,00368	0,00443	0,00566	0,00634	0,00635	0,00544	0,00475	0,00357	0,00310	0,00197	0,00210	0,00339	0,00305	0,00360	0,00593	0,00882	0,00957	0,00893	0,00730	0,00599	0,00529	0,00422	0,00511	0,00428	0,00348	0,00342	0,00333	0,00348	0,00298	0,00260	0,00255	0,00254	0,00218	0,00224	0,00191	0,00163	0,00173	0,00138	0,00171	0,00127	0,00134	0,00129	0,00125	0,00129	0,00117
0,00286	0,00328	0,00339	0,00368	0,00367	0,00421	0,00423	0,00533	0,00603	0,00659	0,00633	0,00597	0,00482	0,00344	0,00304	0,00217	0,00297	0,00548	0,00434	0,00332	0,00391	0,00609	0,00727	0,00674	0,00534	0,00426	0,00379	0,00320	0,00398	0,00360	0,00348	0,00307	0,00309	0,00336	0,00285	0,00253	0,00225	0,00243	0,00222	0,00238	0,00184	0,00165	0,00134	0,00149	0,00130	0,00140	0,00122	0,00126	0,00136	0,00158	0,00130
0,00309	0,00332	0,00369	0,00370	0,00445	0,00440	0,00500	0,00605	0,00648	0,00705	0,00643	0,00573	0,00466	0,00318	0,00236	0,00267	0,00382	0,00725	0,00615	0,00537	0,00368	0,00432	0,00502	0,00445	0,00397	0,00329	0,00308	0,00251	0,00339	0,00343	0,00312	0,00284	0,00300	0,00284	0,00272	0,00241	0,00260	0,00261	0,00228	0,00195	0,00221	0,00164	0,00162	0,00149	0,00177	0,00171	0,00169	0,00163	0,00141	0,00128	0,00130
0,00307	0,00358	0,00401	0,00400	0,00439	0,00475	0,00517	0,00658	0,00684	0,00680	0,00626	0,00582	0,00419	0,00314	0,00247	0,00302	0,00463	0,00686	0,00821	0,00737	0,00456	0,00323	0,00335	0,00298	0,00250	0,00217	0,00203	0,00216	0,00267	0,00290	0,00235	0,00243	0,00277	0,00268	0,00257	0,00225	0,00224	0,00229	0,00196	0,00176	0,00205	0,00168	0,00181	0,00141	0,00164	0,00169	0,00160	0,00133	0,00137	0,00132	0,00122
0,00334	0,00396	0,00442	0,00466	0,00476	0,00530	0,00568	0,00666	0,00698	0,00618	0,00554	0,00531	0,00373	0,00269	0,00227	0,00302	0,00491	0,00726	0,00870	0,00880	0,00631	0,00385	0,00278	0,00222	0,00165	0,00176	0,00214	0,00234	0,00251	0,00229	0,00226	0,00212	0,00223	0,00254	0,00229	0,00190	0,00191	0,00209	0,00205	0,00174	0,00204	0,00138	0,00172	0,00166	0,00129	0,00142	0,00139	0,00149	0,00126	0,00158	0,00122
0,00340	0,00364	0,00413	0,00455	0,00509	0,00548	0,00603	0,00676	0,00661	0,00575	0,00548	0,00481	0,00365	0,00261	0,00232	0,00291	0,00437	0,00590	0,00813	0,00899	0,00808	0,00505	0,00309	0,00277	0,00254	0,00235	0,00241	0,00256	0,00213	0,00228	0,00239	0,00249	0,00242	0,00213	0,00185	0,00206	0,00199	0,00217	0,00175	0,00170	0,00167	0,00166	0,00200	0,00146	0,00125	0,00144	0,00165	0,00126	0,00156	0,00163	0,00131
0,00368	0,00362	0,00460	0,00438	0,00512	0,00546	0,00598	0,00674	0,00648	0,00532	0,00441	0,00398	0,00268	0,00245	0,00230	0,00265	0,00396	0,00538	0,00777	0,00855	0,00900	0,00692	0,00440	0,00348	0,00382	0,00347	0,00335	0,00342	0,00229	0,00215	0,00242	0,00214	0,00195	0,00185	0,00232	0,00189	0,00141	0,00170	0,00175	0,00171	0,00166	0,00154	0,00144	0,00111	0,00145	0,00131	0,00152	0,00127	0,00171	0,00138	0,00126
0,00367	0,00379	0,00437	0,00434	0,00492	0,00563	0,00602	0,00640	0,00564	0,00467	0,00382	0,00343	0,00253	0,00210	0,00220	0,00227	0,00351	0,00560	0,00713	0,00847	0,00868	0,00794	0,00633	0,00527	0,00459	0,00505	0,00461	0,00388	0,00260	0,00250	0,00254	0,00225	0,00186	0,00202	0,00158	0,00167	0,00173	0,00160	0,00170	0,00198	0,00154	0,00138	0,00180	0,00128	0,00178	0,00149	0,00130	0,00144	0,00124	0,00140	0,00136
0,00329	0,00372	0,00413	0,00445	0,00515	0,00533	0,00557	0,00607	0,00504	0,00406	0,00312	0,00292	0,00184	0,00155	0,00155	0,00233	0,00342	0,00536	0,00657	0,00828	0,00905	0,00854	0,00796	0,00708	0,00659	0,00580	0,00532	0,00473	0,00336	0,00319	0,00258	0,00225	0,00190	0,00222	0,00170	0,00169	0,00155	0,00142	0,00142	0,00177	0,00151	0,00165	0,00151	0,00169	0,00164	0,00126	0,00167	0,00121	0,00110	0,00155	0,00121
0,00301	0,00353	0,00418	0,00421	0,00483	0,00497	0,00521	0,00557	0,00457	0,00385	0,00295	0,00256	0,00147	0,00137	0,00146	0,00232	0,00341	0,00550	0,00664	0,00858	0,00926	0,00947	0,00879	0,00846	0,00811	0,00659	0,00588	0,00458	0,00376	0,00322	0,00267	0,00231	0,00199	0,00175	0,00186	0,00166	0,00149	0,00156	0,00142	0,00180	0,00135	0,00134	0,00126	0,00139	0,00157	0,00136	0,00137	0,00177	0,00181	0,00168	0,00121
0,00301	0,00304	0,00387	0,00417	0,00458	0,00469	0,00500	0,00481	0,00386	0,00302	0,00219	0,00209	0,00151	0,00151	0,00130	0,00259	0,00406	0,00586	0,00712	0,00888	0,00963	0,01042	0,00990	0,00943	0,00846	0,00712	0,00604	0,00499	0,00399	0,00324	0,00254	0,00249	0,00200	0,00187	0,00165	0,00184	0,00128	0,00174	0,00155	0,00131	0,00180	0,00146	0,00134	0,00146	0,00161	0,00156	0,00160	0,00157	0,00165	0,00155	0,00134
0,00258	0,00276	0,00373	0,00361	0,00445	0,00469	0,00456	0,00451	0,00362	0,00273	0,00202	0,00185	0,00140	0,00146	0,00147	0,00295	0,00454	0,00594	0,00738	0,00882	0,00974	0,01056	0,01106	0,00988	0,00844	0,00706	0,00581	0,00455	0,00423	0,00339	0,00271	0,00218	0,00199	0,00173	0,00151	0,00168	0,00159	0,00161	0,00134	0,00145	0,00156	0,00134	0,00153	0,00144	0,00182	0,00146	0,00142	0,00165	0,00124	0,00117	0,00124
0,00261	0,00248	0,00302	0,00370	0,00404	0,00410	0,00435	0,00376	0,00301	0,00245	0,00187	0,00182	0,00151	0,00184	0,00230	0,00345	0,00485	0,00643	0,00722	0,00909	0,00995	0,01063	0,01092	0,00971	0,00837	0,00639	0,00549	0,00402	0,00409	0,00337	0,00259	0,00232	0,00169	0,00160	0,00187	0,00171	0,00146	0,00156	0,00123	0,00166	0,00137	0,00110	0,00155	0,00137	0,00130	0,00155	0,00139	0,00130	0,00153	0,00138	0,00139
0,00224	0,00254	0,00302	0,00293	0,00351	0,00355	0,00358	0,00343	0,00252	0,00205	0,00158	0,00164	0,00177	0,00183	0,00238	0,00370	0,00464	0,00571	0,00717	0,00853	0,00996	0,01049	0,01053	0,00950	0,00711	0,00590	0,00458	0,00390	0,00373	0,00329	0,00251	0,00202	0,00171	0,00170	0,00175	0,00145	0,00142	0,00154	0,00152	0,00145	0,00139	0,00139	0,00146	0,00144	0,00127	0,00142	0,00184	0,00141	0,00136	0,00155	0,00159
0,00210	0,00208	0,00266	0,00283	0,00310	0,00301	0,00311	0,00320	0,00239	0,00203	0,00138	0,00137	0,00221	0,00219	0,00267	0,00370	0,00464	0,00570	0,00648	0,00727	0,00929	0,00927	0,00951	0,00811	0,00615	0,00484	0,00405	0,00305	0,00337	0,00303	0,00226	0,00200	0,00180	0,00168	0,00161	0,00192	0,00159	0,00181	0,00147	0,00178	0,00145	0,00137	0,00144	0,00133	0,00176	0,00141	0,00143	0,00127	0,00128	0,00159	0,00112
0,00179	0,00193	0,00232	0,00255	0,00283	0,00271	0,00288	0,00256	0,00206	0,00125	0,00170	0,00148	0,00179	0,00263	0,00307	0,00370	0,00468	0,00529	0,00598	0,00666	0,00807	0,00864	0,00809	0,00667	0,00505	0,00391	0,00352	0,00274	0,00323	0,00226	0,00197	0,00170	0,00177	0,00162	0,00157	0,00159	0,00162	0,00156	0,00179	0,00155	0,00153	0,00172	0,00182	0,00171	0,00119	0,00124	0,00176	0,00167	0,00131	0,00155	0,00145
0,00155	0,00167	0,00216	0,00247	0,00276	0,00233	0,00239	0,00216	0,00158	0,00170	0,00177	0,00155	0,00210	0,00265	0,00303	0,00384	0,00437	0,00469	0,00531	0,00545	0,00674	0,00701	0,00692	0,00608	0,00391	0,00322	0,00301	0,00265	0,00254	0,00221	0,00191	0,00191	0,00150	0,00165	0,00158	0,00200	0,00168	0,00198	0,00138	0,00155	0,00159	0,00168	0,00132	0,00146	0,00178	0,00145	0,00140	0,00133	0,00145	0,00148	0,00117
0,00151	0,00174	0,00210	0,00178	0,00208	0,00242	0,00200	0,00179	0,00151	0,00136	0,00169	0,00182	0,00235	0,00257	0,00328	0,00371	0,00462	0,00431	0,00507	0,00523	0,00577	0,00602	0,00537	0,00453	0,00324	0,00278	0,00275	0,00256	0,00237	0,00206	0,00187	0,00159	0,00195	0,00191	0,00171	0,00181	0,00144	0,00207	0,00193	0,00149	0,00185	0,00167	0,00151	0,00144	0,00148	0,00160	0,00149	0,00130	0,00174	0,00157	0,00116
0,00139	0,00151	0,00192	0,00187	0,00179	0,00203	0,00179	0,00169	0,00121	0,00125	0,00176	0,00184	0,00214	0,00253	0,00338	0,00368	0,00386	0,00410	0,00465	0,00437	0,00485	0,00481	0,00439	0,00396	0,00272	0,00214	0,00228	0,00202	0,00247	0,00207	0,00175	0,00150	0,00187	0,00172	0,00156	0,00161	0,00170	0,00182	0,00152	0,00145	0,00141	0,00158	0,00166	0,00155	0,00163	0,00130	0,00164	0,00129	0,00163	0,00141	0,00148
0,00170	0,00174	0,00157	0,00153	0,00196	0,00161	0,00187	0,00146	0,00159	0,00157	0,00195	0,00183	0,00198	0,00237	0,00320	0,00345	0,00356	0,00360	0,00454	0,00427	0,00440	0,00395	0,00368	0,00302	0,00236	0,00179	0,00232	0,00225	0,00216	0,00168	0,00151	0,00147	0,00169	0,00198	0,00168	0,00187	0,00168	0,00185	0,00134	0,00130	0,00164	0,00177	0,00163	0,00159	0,00144	0,00188	0,00141	0,00145	0,00146	0,00131	0,00150
0,00117	0,00136	0,00146	0,00184	0,00142	0,00142	0,00161	0,00156	0,00128	0,00135	0,00151	0,00172	0,00193	0,00231	0,00301	0,00319	0,00332	0,00332	0,00373	0,00344	0,00387	0,00387	0,00303	0,00277	0,00203	0,00178	0,00167	0,00199	0,00206	0,00169	0,00179	0,00191	0,00135	0,00157	0,00159	0,00152	0,00189	0,00163	0,00146	0,00171	0,00148	0,00138	0,00149	0,00172	0,00155	0,00143	0,00140	0,00176	0,00130	0,00163	0,00180
0,00099	0,00148	0,00137	0,00120	0,00137	0,00186	0,00130	0,00181	0,00143	0,00140	0,00142	0,00162	0,00211	0,00213	0,00261	0,00272	0,00288	0,00293	0,00376	0,00329	0,00347	0,00322	0,00278	0,00237	0,00210	0,00188	0,00152	0,00172	0,00180	0,00198	0,00141	0,00160	0,00150	0,00155	0,00170	0,00163	0,00155	0,00180	0,00193	0,00191	0,00140	0,00145	0,00161	0,00141	0,00178	0,00157	0,00180	0,00142	0,00154	0,00145	0,00142
0,00144	0,00106	0,00180	0,00151	0,00096	0,00116	0,00136	0,00151	0,00124	0,00169	0,00166	0,00160	0,00172	0,00206	0,00217	0,00242	0,00280	0,00299	0,00305	0,00304	0,00340	0,00309	0,00291	0,00218	0,00175	0,00164	0,00175	0,00166	0,00150	0,00159	0,00148	0,00154	0,00185	0,00148	0,00167	0,00187	0,00170	0,00166	0,00178	0,00152	0,00149	0,00146	0,00193	0,00146	0,00135	0,00173	0,00136	0,00133	0,00134	0,00175	0,00127
0,00126	0,00152	0,00173	0,00162	0,00133	0,00130	0,00134	0,00141	0,00171	0,00168	0,00154	0,00157	0,00187	0,00218	0,00193	0,00238	0,00226	0,00213	0,00313	0,00294	0,00292	0,00279	0,00235	0,00209	0,00163	0,00191	0,00153	0,00153	0,00149	0,00167	0,00177	0,00146	0,00143	0,00149	0,00147	0,00163	0,00171	0,00149	0,00194	0,00167	0,00161	0,00156	0,00153	0,00138	0,00160	0,00159	0,00137	0,00159	0,00165	0,00148	0,00134
0,00140	0,00124	0,00181	0,00127	0,00153	0,00124	0,00130	0,00125	0,00144	0,00174	0,00129	0,00143	0,00160	0,00184	0,00198	0,00212	0,00198	0,00208	0,00249	0,00227	0,00300	0,00251	0,00242	0,00201	0,00147	0,00163	0,00129	0,00118	0,00177	0,00166	0,00162	0,00159	0,00184	0,00145	0,00177	0,00155	0,00155	0,00144	0,00144	0,00156	0,00140	0,00158	0,00159	0,00160	0,00198	0,00132	0,00178	0,00145	0,00159	0,00148	0,00118
