22,50000	22,66667	22,83333	23,00000	23,16667	23,33333	23,50000	23,66667	23,83333	24,00000	24,16667	24,33333	24,50000	24,66667	24,83333	25,00000	25,16667	25,33333	25,50000	25,66667	25,83333	26,00000	26,16667	26,33333	26,50000	26,66667	26,83333	27,00000	27,16667	27,33333	27,50000
22,50000	22,66667	22,83333	23,00000	23,16667	23,33333	23,50000	23,66667	23,83333	24,00000	24,16667	24,33333	24,50000	24,66667	24,83333	25,00000	25,16667	25,33333	25,50000	25,66667	25,83333	26,00000	26,16667	26,33333	26,50000	26,66667	26,83333	27,00000	27,16667	27,33333	27,50000
-0,00658	-0,00146	-0,00048	0,02083	0,05290	0,07370	0,07631	0,08740	0,08844	0,06936	0,05221	0,02602	0,01779	0,01881	0,03385	0,06116	0,10413	0,10477	0,13347	0,12296	0,10230	0,07966	0,06027	0,02576	0,00895	0,00353	-0,00151	0,01072	0,01408	0,02874	0,04088
-0,00642	0,00370	0,00781	0,02452	0,06214	0,06439	0,09240	0,10423	0,07451	0,05616	0,03389	0,01399	0,01888	0,04287	0,07440	0,12478	0,16626	0,19306	0,16924	0,16829	0,17472	0,11489	0,08068	0,04645	0,02374	0,00988	-0,00048	0,00866	0,01891	0,02485	0,03590
-0,00633	0,00066	0,01403	0,03380	0,07436	0,09243	0,09427	0,07430	0,06929	0,02633	0,01400	0,00459	0,03576	0,07551	0,12873	0,20301	0,23839	0,26528	0,28837	0,24341	0,22089	0,15597	0,10431	0,07484	0,03321	0,01825	0,01362	0,00734	0,01593	0,03393	0,04378
-0,00653	0,00868	0,02005	0,04331	0,07214	0,08966	0,09074	0,06412	0,03916	0,01418	-0,00019	0,02080	0,06928	0,12659	0,22694	0,28799	0,30964	0,33374	0,31603	0,28679	0,25367	0,18527	0,13687	0,10042	0,05911	0,02781	0,01875	0,01401	0,01894	0,02986	0,05418
-0,00650	0,00356	0,02368	0,03874	0,05511	0,07537	0,08363	0,03875	0,02368	-0,00141	-0,00128	0,05394	0,10896	0,19320	0,27300	0,34762	0,38498	0,37025	0,35772	0,32787	0,25232	0,19699	0,14054	0,09483	0,05588	0,02860	0,02694	0,02367	0,02993	0,04412	0,05626
-0,00651	0,00257	0,00883	0,04362	0,05837	0,05934	0,05197	0,02688	0,01286	-0,00657	0,01188	0,07440	0,13387	0,21353	0,28412	0,33000	0,38408	0,35311	0,36375	0,28810	0,24216	0,20829	0,15418	0,09482	0,06849	0,04073	0,02645	0,03873	0,04111	0,06212	0,06426
-0,00506	0,00602	0,01896	0,03379	0,03491	0,05318	0,03377	0,01683	-0,00665	-0,00642	0,01392	0,06723	0,12837	0,19672	0,24398	0,28714	0,30795	0,30296	0,30294	0,24683	0,22834	0,17789	0,14645	0,09725	0,07746	0,03381	0,03879	0,04075	0,05624	0,06961	0,07141
0,00242	0,00880	0,01874	0,02397	0,03881	0,05081	0,03244	0,01409	-0,00534	-0,00146	0,01767	0,06244	0,09951	0,14255	0,19457	0,21011	0,24205	0,22321	0,23120	0,20595	0,17910	0,17550	0,12770	0,09432	0,06555	0,05329	0,04494	0,05400	0,06224	0,08847	0,09634
0,00885	0,01383	0,02155	0,04399	0,04889	0,06001	0,04176	0,02877	0,00354	-0,00065	0,00368	0,02872	0,05337	0,08073	0,11961	0,15166	0,18830	0,20503	0,19403	0,18629	0,17717	0,16358	0,14670	0,10417	0,08347	0,06031	0,06439	0,06837	0,08579	0,09159	0,12195
0,02293	0,01982	0,03088	0,03879	0,05179	0,07916	0,05415	0,03548	0,02361	0,00912	0,00948	0,01883	0,03984	0,07961	0,11904	0,17754	0,20332	0,24154	0,22800	0,21311	0,18846	0,18043	0,16296	0,14417	0,12454	0,09455	0,08444	0,10897	0,11320	0,12199	0,14617
0,03697	0,02873	0,02913	0,04831	0,06421	0,09466	0,07451	0,07348	0,05786	0,04748	0,03923	0,06924	0,09261	0,14889	0,21174	0,29486	0,33797	0,35292	0,33302	0,31069	0,25111	0,26130	0,22451	0,17770	0,15561	0,13758	0,12595	0,13183	0,15322	0,16922	0,15540
0,05092	0,05412	0,04284	0,06149	0,08160	0,11184	0,11868	0,13192	0,11180	0,10633	0,11863	0,16474	0,23194	0,33038	0,42794	0,51762	0,51058	0,55752	0,46558	0,42541	0,40655	0,36601	0,31277	0,25786	0,21639	0,21315	0,17857	0,18955	0,17467	0,21827	0,19531
0,05602	0,04966	0,06423	0,06647	0,09749	0,13157	0,16599	0,17305	0,17558	0,20001	0,24042	0,31827	0,42413	0,53835	0,62202	0,71331	0,71984	0,73635	0,68052	0,63062	0,56957	0,46937	0,41816	0,38254	0,33763	0,27612	0,24852	0,25885	0,22824	0,21753	0,22155
0,07531	0,07450	0,06938	0,07948	0,11608	0,15303	0,19080	0,24754	0,27594	0,34321	0,38246	0,48322	0,58535	0,74211	0,77962	0,88063	0,88964	0,88713	0,87351	0,82079	0,70871	0,66699	0,55763	0,44802	0,41712	0,35731	0,31781	0,29441	0,28454	0,26724	0,26841
0,07939	0,06696	0,06399	0,08700	0,12507	0,17919	0,24945	0,31394	0,38692	0,45156	0,50141	0,58603	0,70855	0,80463	0,90176	0,92419	0,96782	0,98494	1,01644	0,94084	0,89227	0,80374	0,65273	0,55868	0,47258	0,41458	0,37652	0,34571	0,31325	0,31497	0,27114
0,07441	0,06763	0,06633	0,08976	0,12875	0,17818	0,28273	0,36590	0,43503	0,52260	0,63808	0,68964	0,75737	0,84225	0,91503	1,01281	1,03056	1,08596	1,13092	1,06929	1,03857	0,88271	0,73363	0,60672	0,48924	0,43802	0,40848	0,35071	0,35078	0,30815	0,30180
0,07948	0,06006	0,06407	0,08677	0,13193	0,19622	0,27298	0,37018	0,47767	0,56959	0,62764	0,70798	0,77605	0,80148	0,87273	0,95811	1,07120	1,22328	1,25800	1,19898	1,07632	0,85780	0,72836	0,59410	0,46169	0,44581	0,40335	0,36302	0,34559	0,30283	0,28795
0,07858	0,06408	0,05519	0,05984	0,10526	0,20073	0,32195	0,41843	0,53743	0,60721	0,67310	0,70891	0,73350	0,76489	0,81151	0,95610	1,23013	1,43849	1,41139	1,35065	1,09672	0,84202	0,63029	0,46834	0,38425	0,36164	0,34768	0,30616	0,30685	0,27500	0,24642
0,06557	0,05432	0,04004	0,06425	0,10621	0,18043	0,30095	0,37186	0,52247	0,62244	0,67935	0,67551	0,67896	0,74031	0,78353	0,99072	1,30911	1,49422	1,52437	1,36285	1,06660	0,73320	0,48168	0,36983	0,31831	0,28302	0,28209	0,25199	0,23836	0,23654	0,23819
0,05407	0,03674	0,02604	0,04744	0,08462	0,17652	0,26713	0,38825	0,49260	0,56994	0,62780	0,61517	0,63496	0,66762	0,78267	0,99375	1,30429	1,42683	1,47886	1,28537	0,94167	0,59248	0,38284	0,24902	0,21810	0,22804	0,21927	0,19260	0,21510	0,19545	0,19324
0,04301	0,03565	0,02467	0,02882	0,06413	0,14199	0,25246	0,35276	0,47275	0,54359	0,57640	0,57526	0,57765	0,60397	0,76798	0,93285	1,19305	1,35735	1,32827	1,08526	0,82661	0,49713	0,28082	0,17154	0,14538	0,13721	0,14125	0,15849	0,15951	0,14896	0,12774
0,03388	0,02366	0,01392	0,02291	0,06706	0,12390	0,24695	0,29697	0,40757	0,49274	0,53767	0,53383	0,56754	0,61491	0,69122	0,81176	1,02704	1,10819	1,10114	0,90454	0,66221	0,40423	0,25871	0,14389	0,12064	0,09082	0,11023	0,11864	0,12870	0,11193	0,09940
0,01993	0,01183	0,00877	0,02163	0,04874	0,09891	0,19081	0,27381	0,40612	0,43887	0,49307	0,52060	0,50265	0,55437	0,61179	0,70830	0,80079	0,87916	0,84755	0,69329	0,52827	0,33194	0,20104	0,12264	0,09446	0,07449	0,07555	0,08968	0,08465	0,06931	0,07741
0,01885	0,00367	-0,00149	0,01200	0,03329	0,07465	0,14338	0,23194	0,32169	0,38058	0,48142	0,48260	0,48186	0,51161	0,55230	0,55828	0,62844	0,64645	0,64669	0,54291	0,42345	0,27458	0,17369	0,12886	0,09947	0,08836	0,06738	0,07952	0,07441	0,07024	0,06429
0,01177	-0,00329	-0,00239	0,00360	0,02370	0,06935	0,12735	0,20915	0,26668	0,30762	0,39823	0,38502	0,43300	0,41958	0,43734	0,47635	0,49870	0,48050	0,47302	0,40436	0,32151	0,25322	0,17314	0,12368	0,11345	0,08974	0,09630	0,07967	0,07214	0,05911	0,05926
0,00885	-0,00156	-0,00659	0,00369	0,02358	0,05512	0,11569	0,17280	0,24830	0,28613	0,32007	0,35895	0,38935	0,36211	0,35290	0,39341	0,36345	0,39012	0,39226	0,29804	0,30150	0,22175	0,19683	0,16058	0,13580	0,11594	0,11616	0,10907	0,07973	0,06434	0,05918
0,01402	0,00351	-0,00653	-0,00146	0,02414	0,05921	0,09946	0,13363	0,18902	0,25055	0,28802	0,33423	0,33829	0,32998	0,32604	0,28318	0,31311	0,32078	0,31293	0,27097	0,26126	0,23435	0,20810	0,18900	0,15849	0,15674	0,12077	0,12189	0,09550	0,09560	0,05435
0,00357	-0,00655	-0,00144	0,00868	0,02383	0,05343	0,08255	0,13070	0,16885	0,21815	0,26423	0,26477	0,28364	0,28700	0,27906	0,26914	0,24852	0,25542	0,25650	0,25271	0,27408	0,23930	0,22814	0,23515	0,20621	0,19142	0,17348	0,15755	0,10872	0,09456	0,06494
0,00868	0,00572	0,00336	0,01889	0,02370	0,06369	0,07234	0,09464	0,14854	0,17426	0,21479	0,22309	0,23090	0,23423	0,24447	0,24299	0,25125	0,23621	0,24867	0,25249	0,25832	0,26603	0,25012	0,23547	0,23636	0,22805	0,17735	0,13871	0,11313	0,09822	0,06316
0,01402	0,00361	0,00363	0,01409	0,02878	0,04887	0,07956	0,09463	0,12853	0,16649	0,17608	0,19240	0,21333	0,23038	0,22350	0,21255	0,22931	0,23322	0,23351	0,24151	0,25226	0,26303	0,28780	0,25579	0,23719	0,23330	0,18826	0,17261	0,11470	0,07248	0,04479
0,01391	0,00663	0,00872	0,01395	0,02881	0,05326	0,08124	0,10700	0,11279	0,13811	0,15155	0,17219	0,18800	0,20328	0,20187	0,22022	0,22971	0,22307	0,25797	0,23548	0,26422	0,26368	0,26883	0,26784	0,23422	0,21387	0,16354	0,14964	0,10914	0,07851	0,04382
