22,50000	22,66667	22,83333	23,00000	23,16667	23,33333	23,50000	23,66667	23,83333	24,00000	24,16667	24,33333	24,50000	24,66667	24,83333	25,00000	25,16667	25,33333	25,50000	25,66667	25,83333	26,00000	26,16667	26,33333	26,50000	26,66667	26,83333	27,00000	27,16667	27,33333	27,50000
22,50000	22,66667	22,83333	23,00000	23,16667	23,33333	23,50000	23,66667	23,83333	24,00000	24,16667	24,33333	24,50000	24,66667	24,83333	25,00000	25,16667	25,33333	25,50000	25,66667	25,83333	26,00000	26,16667	26,33333	26,50000	26,66667	26,83333	27,00000	27,16667	27,33333	27,50000
0,03469	0,03685	0,03249	0,02061	0,01969	0,02874	0,03477	0,04900	0,04748	0,06774	0,06507	0,08048	0,07655	0,08963	0,08870	0,08912	0,08989	0,09934	0,09877	0,10346	0,11808	0,12699	0,12882	0,14398	0,14605	0,18086	0,16000	0,19151	0,20485	0,19757	0,18819
0,03395	0,03654	0,03873	0,02292	0,02378	0,02347	0,02875	0,03874	0,06467	0,06421	0,06715	0,07969	0,07022	0,07643	0,07365	0,07957	0,07051	0,06421	0,07861	0,08020	0,06927	0,09083	0,09453	0,11662	0,11989	0,11718	0,14175	0,16144	0,15821	0,16677	0,16530
0,03854	0,02886	0,02379	0,01864	0,01805	0,02866	0,02572	0,04914	0,05797	0,06652	0,07422	0,07460	0,06950	0,06450	0,06420	0,05423	0,05245	0,05419	0,05798	0,07009	0,06718	0,07954	0,07658	0,09372	0,09042	0,09436	0,10895	0,11863	0,11838	0,12944	0,12857
0,03038	0,02654	0,00892	0,02356	0,01658	0,01993	0,03581	0,04385	0,05927	0,06589	0,06650	0,06202	0,06004	0,04909	0,05411	0,04898	0,05419	0,04512	0,05785	0,06429	0,06484	0,08577	0,09689	0,09195	0,12721	0,11255	0,10428	0,12771	0,09704	0,09933	0,10408
0,03203	0,03390	0,02364	0,00976	0,01896	0,02374	0,04091	0,04381	0,06729	0,05925	0,05347	0,05911	0,05872	0,05227	0,04625	0,05323	0,07039	0,06422	0,06932	0,09179	0,09942	0,11891	0,12815	0,13641	0,16065	0,15617	0,14834	0,15333	0,13359	0,12997	0,09575
0,02882	0,01494	0,01407	0,01400	0,02376	0,02895	0,03418	0,05590	0,05425	0,05932	0,06435	0,06103	0,05401	0,06122	0,05407	0,06408	0,09576	0,09944	0,12796	0,15840	0,18829	0,19815	0,22230	0,23824	0,28789	0,26694	0,27043	0,23967	0,23016	0,18320	0,16829
0,02361	0,01870	0,01874	0,01880	0,03371	0,03379	0,04305	0,05421	0,05471	0,07340	0,06419	0,06532	0,06433	0,08207	0,08892	0,09366	0,13280	0,14312	0,19637	0,20770	0,28073	0,30091	0,34619	0,35811	0,41830	0,41426	0,44768	0,41304	0,38745	0,33292	0,26782
0,01891	0,02162	0,01407	0,02668	0,02371	0,03708	0,05002	0,05242	0,06607	0,07350	0,07520	0,08920	0,07035	0,09768	0,10525	0,12820	0,12804	0,17041	0,21848	0,25070	0,30796	0,37101	0,43392	0,47441	0,52255	0,55600	0,60696	0,61187	0,58057	0,52305	0,44746
0,01406	0,01405	0,01517	0,01673	0,02873	0,04421	0,05540	0,06932	0,06351	0,07556	0,08469	0,08752	0,08505	0,11237	0,10895	0,12333	0,15372	0,20127	0,23021	0,27760	0,33528	0,38832	0,49662	0,55079	0,58370	0,67941	0,69332	0,73905	0,76599	0,74091	0,62440
0,01419	0,02064	0,01869	0,02274	0,02865	0,05184	0,07827	0,07084	0,07678	0,09063	0,07845	0,06940	0,09040	0,09055	0,11385	0,13380	0,13671	0,16475	0,23148	0,23851	0,29926	0,34939	0,40931	0,50747	0,59286	0,66566	0,75961	0,82126	0,84279	0,84788	0,81547
0,02211	0,02012	0,01486	0,03080	0,03600	0,05914	0,05462	0,07962	0,08362	0,08595	0,08964	0,07945	0,09230	0,09458	0,10054	0,12455	0,13836	0,14080	0,17311	0,19813	0,21343	0,27706	0,32211	0,39492	0,51204	0,59879	0,68502	0,76761	0,85756	0,89804	0,91532
0,01368	0,01642	0,02095	0,02356	0,04338	0,04924	0,07525	0,07964	0,10231	0,09917	0,07962	0,08952	0,07544	0,07544	0,08833	0,09250	0,09239	0,09939	0,11685	0,12554	0,16352	0,16345	0,20837	0,29158	0,36074	0,45780	0,54766	0,65759	0,76124	0,81583	0,88321
0,00886	0,01892	0,01967	0,03807	0,04777	0,05596	0,07939	0,07964	0,08810	0,08943	0,08848	0,06517	0,05003	0,05071	0,06041	0,05013	0,07346	0,05915	0,06021	0,07403	0,07966	0,09244	0,12464	0,16825	0,23113	0,28792	0,40493	0,47347	0,61855	0,68203	0,76070
0,01392	0,01401	0,02375	0,02946	0,04394	0,07445	0,07300	0,09735	0,09923	0,07867	0,08522	0,06237	0,05252	0,04238	0,03891	0,04564	0,04812	0,03882	0,05457	0,03888	0,05428	0,06113	0,09592	0,11867	0,16336	0,22941	0,29808	0,40247	0,45754	0,57667	0,64614
0,01283	0,01888	0,02485	0,02872	0,05374	0,05568	0,08896	0,09152	0,08970	0,07871	0,06609	0,04793	0,03514	0,03099	0,03138	0,03968	0,04474	0,06437	0,06891	0,07952	0,08350	0,06825	0,11312	0,14471	0,18063	0,25261	0,30798	0,34377	0,45577	0,46975	0,57651
0,00892	0,01884	0,02391	0,03880	0,06413	0,06430	0,07009	0,10366	0,10721	0,07757	0,05910	0,03384	0,02690	0,02041	0,02869	0,04385	0,06718	0,08477	0,09573	0,11390	0,11591	0,14823	0,17355	0,20820	0,25392	0,32291	0,36500	0,42142	0,44398	0,48850	0,53323
0,02104	0,02885	0,02890	0,04393	0,05827	0,06932	0,08170	0,09873	0,08572	0,07938	0,06037	0,02887	0,02369	0,01974	0,03776	0,06443	0,09064	0,12307	0,11986	0,13589	0,15275	0,16503	0,19368	0,26833	0,32165	0,34878	0,42726	0,47325	0,53263	0,51739	0,51922
0,02152	0,01623	0,03040	0,04407	0,05668	0,09697	0,08972	0,10257	0,09918	0,07218	0,04998	0,02582	0,01774	0,02366	0,04909	0,07118	0,09806	0,11431	0,13864	0,12981	0,14312	0,15069	0,19572	0,23016	0,28790	0,36289	0,42964	0,46911	0,47139	0,50108	0,53869
0,01858	0,02366	0,03390	0,04375	0,05928	0,08964	0,10514	0,10127	0,09443	0,08964	0,05609	0,02864	0,02694	0,02555	0,04545	0,07547	0,11063	0,11873	0,11601	0,12300	0,11241	0,09914	0,13639	0,15522	0,21098	0,26243	0,31827	0,36781	0,42517	0,41634	0,46768
0,01406	0,02033	0,01943	0,04902	0,06033	0,07817	0,09873	0,10902	0,09100	0,07062	0,05341	0,02861	0,01889	0,02358	0,05262	0,06452	0,09718	0,10888	0,11082	0,06804	0,05737	0,03729	0,05600	0,06920	0,13150	0,14340	0,19817	0,19613	0,29597	0,25840	0,33790
0,01776	0,01897	0,02843	0,04684	0,05287	0,07365	0,08463	0,09919	0,10420	0,07446	0,05563	0,03361	0,02375	0,02895	0,04025	0,04408	0,06561	0,05722	0,06072	0,01882	0,01886	0,01401	0,02709	0,07445	0,12269	0,16361	0,17630	0,20285	0,18323	0,19174	0,23347
0,01872	0,01424	0,01886	0,02867	0,04124	0,06805	0,09429	0,10040	0,08967	0,07837	0,06930	0,03380	0,01894	0,01402	0,02377	0,03878	0,05130	0,02879	0,02888	0,00547	-0,00028	0,04299	0,07039	0,17199	0,23481	0,37351	0,35398	0,43173	0,32864	0,36854	0,29919
0,02117	0,01173	0,01883	0,03508	0,03473	0,05654	0,07149	0,08960	0,08465	0,07042	0,05402	0,02662	0,01410	0,00364	0,01394	0,02371	0,01684	0,01397	0,00355	0,00359	0,02189	0,10149	0,17334	0,34264	0,48339	0,72389	0,72780	0,94462	0,80273	0,82695	0,62248
0,01405	0,00873	0,00531	0,01773	0,02203	0,03879	0,05468	0,06914	0,07136	0,05907	0,05282	0,02356	0,02365	0,00061	0,00881	-0,00146	0,00370	0,00865	0,00457	0,01700	0,06110	0,18703	0,31147	0,55441	0,77117	1,13554	1,16918	1,41265	1,41308	1,49578	1,27207
0,01391	0,00346	0,00485	0,00364	0,02686	0,02860	0,04780	0,05733	0,04945	0,05909	0,04920	0,03169	0,01409	0,00873	0,00350	0,00375	-0,00131	0,00350	0,01901	0,05918	0,09628	0,22853	0,39493	0,67846	0,93730	1,31913	1,52885	1,86530	1,88968	2,07311	1,88203
0,01222	0,00366	-0,00150	0,00368	0,00857	0,01876	0,03652	0,03881	0,05003	0,04358	0,04387	0,02365	0,02066	0,00583	0,00357	0,00853	0,01210	0,00697	0,03366	0,07954	0,13328	0,27390	0,44412	0,73241	1,03617	1,34602	1,68644	1,92897	2,12374	2,28062	2,20358
0,00034	-0,00148	-0,00148	-0,00159	0,00356	0,00880	0,01892	0,02859	0,03560	0,03457	0,03482	0,02085	0,01398	0,01423	0,00350	0,01686	0,01399	0,03371	0,05637	0,10248	0,16341	0,28564	0,42780	0,66287	0,92440	1,17099	1,59075	1,78929	1,97444	2,11113	2,24148
0,00865	0,00345	-0,00657	0,00145	-0,00165	0,00363	0,01686	0,01882	0,02882	0,01863	0,02883	0,01399	0,01393	0,00376	0,01387	0,02104	0,01397	0,03473	0,06270	0,11501	0,16846	0,26205	0,41262	0,53494	0,76383	0,95599	1,20812	1,36030	1,67984	1,71799	1,85214
0,00893	0,00361	-0,00577	-0,00647	-0,00137	0,00365	0,00358	0,00882	0,00908	0,01074	0,01387	0,01080	0,00365	0,01171	0,00874	0,02381	0,02374	0,05896	0,07751	0,12503	0,16569	0,24809	0,32679	0,42402	0,59932	0,70474	0,89055	0,94958	1,18475	1,12422	1,36792
0,01402	-0,00364	-0,00141	-0,00658	-0,00640	-0,00668	-0,00073	-0,00142	0,00895	0,00783	0,01406	0,00877	0,00903	0,00352	0,01198	0,01751	0,02482	0,05706	0,08868	0,10420	0,14136	0,20528	0,28944	0,33216	0,42821	0,47828	0,59804	0,58966	0,72220	0,68420	0,84133
0,00895	0,00443	-0,00148	-0,00654	-0,00653	-0,00644	-0,00658	-0,00663	-0,00139	-0,00143	-0,00344	0,00077	0,00373	0,00347	0,00363	0,02121	0,03377	0,04095	0,06531	0,09477	0,13363	0,15840	0,21650	0,25201	0,30507	0,31992	0,40843	0,34758	0,43139	0,37301	0,40922
