22,50000	22,66667	22,83333	23,00000	23,16667	23,33333	23,50000	23,66667	23,83333	24,00000	24,16667	24,33333	24,50000	24,66667	24,83333	25,00000	25,16667	25,33333	25,50000	25,66667	25,83333	26,00000	26,16667	26,33333	26,50000	26,66667	26,83333	27,00000	27,16667	27,33333	27,50000
22,50000	22,66667	22,83333	23,00000	23,16667	23,33333	23,50000	23,66667	23,83333	24,00000	24,16667	24,33333	24,50000	24,66667	24,83333	25,00000	25,16667	25,33333	25,50000	25,66667	25,83333	26,00000	26,16667	26,33333	26,50000	26,66667	26,83333	27,00000	27,16667	27,33333	27,50000
-0,00154	0,00516	0,01323	0,00868	0,02205	0,02588	0,01699	0,00511	0,00895	0,00418	0,00317	0,00345	-0,00011	0,00349	0,00612	0,00870	0,01413	0,00952	0,02370	0,02061	0,01880	0,01392	0,01873	0,01340	0,01124	0,01174	0,00348	0,00863	0,00376	0,00348	-0,00135
-0,00152	0,00369	0,01398	0,01388	0,01521	0,01659	0,00882	0,00374	-0,00135	-0,00137	-0,00672	-0,00653	-0,00046	0,00861	0,01735	0,01880	0,03307	0,02354	0,02859	0,03880	0,03066	0,02371	0,01403	0,01956	0,01377	0,00593	0,01172	0,01360	0,01287	0,00873	0,00366
-0,00058	0,00117	0,00345	0,00339	0,01043	0,01383	0,00364	0,00372	-0,00149	-0,00660	0,00264	0,00348	0,01330	0,01876	0,02363	0,03000	0,03090	0,04247	0,03893	0,04023	0,02872	0,03009	0,02998	0,02825	0,01883	0,01807	0,01416	0,02367	0,01856	0,00923	0,00881
0,00335	0,00359	0,00735	0,00880	-0,00014	0,00341	0,00336	0,00092	0,00320	-0,00106	0,00352	0,01881	0,01977	0,02739	0,02943	0,03855	0,03842	0,03901	0,05071	0,04193	0,03695	0,03286	0,03011	0,02369	0,01863	0,01884	0,03316	0,02279	0,02820	0,02352	0,01884
-0,00515	-0,00161	0,00366	0,00359	-0,00088	-0,00151	0,00351	0,00444	0,01040	0,01416	0,02510	0,03035	0,03152	0,03729	0,03491	0,03882	0,04050	0,04160	0,02928	0,04259	0,03889	0,03068	0,02877	0,01408	0,02145	0,02838	0,02377	0,02368	0,02063	0,02868	0,03362
-0,00424	-0,00174	-0,00011	-0,00104	-0,00107	0,00740	0,02375	0,02366	0,03236	0,04010	0,04430	0,04857	0,04831	0,03903	0,03876	0,03879	0,03375	0,04845	0,03378	0,03372	0,03638	0,02397	0,02343	0,01400	0,01490	0,01180	0,01525	0,02360	0,02373	0,02814	0,03242
-0,00649	-0,00649	0,00089	0,00366	0,00934	0,03135	0,03959	0,05927	0,06207	0,05929	0,06424	0,04423	0,04844	0,03611	0,03413	0,03550	0,05404	0,04897	0,04894	0,05540	0,04447	0,03308	0,01377	0,01078	0,00887	0,00795	0,01408	0,02131	0,03311	0,03537	0,03736
-0,00666	-0,00282	-0,00142	0,01394	0,02357	0,04887	0,05952	0,07951	0,08632	0,07951	0,06584	0,05422	0,03870	0,02982	0,02862	0,04616	0,05452	0,06403	0,07440	0,07943	0,07089	0,04186	0,02872	0,02208	0,00876	0,00366	0,00879	0,01404	0,02109	0,03299	0,03880
-0,00654	-0,00483	0,00368	0,01917	0,03791	0,06478	0,08915	0,11195	0,11325	0,07951	0,05919	0,04391	0,02998	0,03019	0,04655	0,08972	0,09336	0,11450	0,12362	0,11351	0,08467	0,07511	0,05334	0,02362	0,00886	0,00381	0,00376	0,01396	0,02375	0,03879	0,04406
-0,00648	-0,00145	0,01379	0,03643	0,06275	0,08606	0,11062	0,10979	0,09750	0,07411	0,05018	0,02969	0,03367	0,06957	0,08608	0,14923	0,17994	0,19804	0,18033	0,16860	0,13346	0,11443	0,08932	0,02645	0,01395	0,00357	0,00357	0,01133	0,02352	0,03385	0,05431
-0,00650	0,00871	0,01568	0,04380	0,07804	0,10087	0,10470	0,09457	0,08964	0,04055	0,03144	0,02879	0,05128	0,12553	0,17104	0,22835	0,25361	0,29492	0,26687	0,25427	0,20662	0,14820	0,10158	0,06762	0,02664	0,01289	0,00807	0,01237	0,02371	0,04517	0,04772
-0,00676	0,00355	0,01915	0,04476	0,07391	0,09247	0,09938	0,07941	0,05633	0,03123	0,01729	0,05784	0,11462	0,17061	0,24424	0,34399	0,36237	0,39282	0,34602	0,30452	0,21846	0,19553	0,12379	0,08366	0,03713	0,01612	0,01407	0,01052	0,03878	0,03889	0,06083
-0,00651	0,00359	0,01891	0,04628	0,06429	0,07965	0,07923	0,04842	0,02866	0,02307	0,03398	0,09096	0,18297	0,25884	0,34371	0,43549	0,45260	0,42873	0,38670	0,33088	0,24437	0,21538	0,13598	0,06996	0,04392	0,02373	0,01523	0,02545	0,03843	0,05595	0,06948
-0,00652	0,00347	0,02205	0,04373	0,05766	0,05532	0,05547	0,02596	0,01554	0,01889	0,05711	0,11250	0,20814	0,31029	0,35876	0,43214	0,46812	0,42176	0,38795	0,32631	0,25806	0,19800	0,14509	0,08262	0,05756	0,03016	0,02348	0,03871	0,03941	0,06709	0,08422
-0,00663	0,00366	0,01723	0,03878	0,04410	0,05348	0,03381	0,00884	0,00365	0,00889	0,06184	0,13323	0,21231	0,29014	0,34199	0,40491	0,39624	0,39304	0,34100	0,26558	0,24333	0,18340	0,13346	0,09418	0,05923	0,03397	0,03367	0,05477	0,06736	0,07944	0,08554
-0,00568	-0,00113	0,00633	0,01939	0,04315	0,02886	0,02108	0,00092	-0,00659	0,00504	0,05215	0,11837	0,18831	0,23532	0,28650	0,28602	0,29520	0,29059	0,25323	0,23169	0,20181	0,15277	0,12574	0,08827	0,07398	0,05387	0,03887	0,05927	0,08199	0,10829	0,11487
-0,00152	0,00867	0,01444	0,02895	0,03783	0,02373	0,01900	0,00291	-0,00659	0,00282	0,02864	0,06095	0,11407	0,13943	0,17167	0,18264	0,17983	0,17477	0,18323	0,18776	0,17395	0,13485	0,11319	0,09698	0,07339	0,05924	0,06918	0,07577	0,09607	0,13300	0,14587
0,00947	0,00878	0,01890	0,02737	0,03376	0,03513	0,01853	0,00366	-0,00647	-0,00666	0,00456	0,02370	0,05036	0,07621	0,10908	0,13614	0,14437	0,16462	0,16077	0,15040	0,15343	0,14814	0,13861	0,10436	0,10430	0,09472	0,08970	0,12386	0,13345	0,16347	0,16638
0,01825	0,01882	0,01889	0,03307	0,04199	0,02588	0,03372	0,02121	-0,00027	-0,00145	0,00359	0,01942	0,04025	0,08078	0,12421	0,16771	0,19818	0,20601	0,18939	0,20428	0,17710	0,17835	0,17728	0,16577	0,14444	0,13424	0,12375	0,15805	0,17846	0,16478	0,19877
0,02748	0,02724	0,01621	0,03157	0,03648	0,05416	0,05685	0,05039	0,03416	0,03369	0,02627	0,05963	0,10170	0,16350	0,20638	0,27163	0,27533	0,30170	0,30058	0,29615	0,25434	0,23324	0,22728	0,22268	0,20677	0,21431	0,20642	0,21754	0,21374	0,21829	0,23681
0,04904	0,03485	0,02688	0,05146	0,05244	0,08903	0,08699	0,10520	0,07615	0,10083	0,11317	0,16296	0,21153	0,30722	0,34276	0,41386	0,42207	0,42618	0,40893	0,38554	0,33676	0,33496	0,32053	0,30990	0,27499	0,28360	0,27812	0,28950	0,27921	0,29183	0,28231
0,05589	0,03879	0,04386	0,05175	0,06923	0,10782	0,12136	0,15175	0,14332	0,19388	0,19533	0,27674	0,34387	0,42047	0,48588	0,50006	0,51243	0,51570	0,48396	0,50482	0,48770	0,49380	0,42097	0,39711	0,37857	0,34396	0,34810	0,37370	0,36177	0,35248	0,31787
0,05960	0,04906	0,04898	0,06037	0,08894	0,12369	0,15014	0,19914	0,24292	0,28339	0,30287	0,39925	0,44793	0,52225	0,52517	0,53772	0,55789	0,53754	0,56952	0,60673	0,60703	0,60837	0,53254	0,50278	0,46679	0,45413	0,41909	0,41303	0,39585	0,37814	0,33624
0,06250	0,05284	0,04553	0,06378	0,10261	0,14824	0,18819	0,27033	0,31135	0,35783	0,41946	0,47314	0,53175	0,54806	0,55432	0,54004	0,58554	0,61511	0,67944	0,73150	0,68093	0,65467	0,60963	0,57834	0,55273	0,50883	0,47731	0,45057	0,45621	0,41639	0,38720
0,05739	0,04792	0,04365	0,05424	0,08800	0,14903	0,21868	0,30955	0,37163	0,43245	0,48087	0,52991	0,54546	0,53224	0,56551	0,60879	0,68292	0,76796	0,83022	0,84616	0,78252	0,69164	0,64299	0,59727	0,56735	0,49408	0,48653	0,46837	0,47221	0,42385	0,38816
0,05516	0,04156	0,03417	0,05420	0,08508	0,16900	0,24277	0,35078	0,39822	0,45086	0,49755	0,51744	0,49718	0,49060	0,54519	0,68959	0,85336	1,07815	1,12626	1,04487	0,86050	0,71771	0,61268	0,52523	0,52247	0,50260	0,47543	0,46417	0,44722	0,40374	0,37336
0,05326	0,03870	0,03206	0,05307	0,09675	0,16778	0,25320	0,35149	0,43042	0,49752	0,51741	0,51365	0,48586	0,52936	0,60114	0,81358	1,03345	1,25741	1,31302	1,17457	0,93060	0,65877	0,51272	0,43707	0,40919	0,40616	0,40981	0,40863	0,39969	0,37171	0,32765
0,04203	0,02356	0,02809	0,03321	0,09384	0,14399	0,24823	0,35772	0,42126	0,48219	0,53747	0,47652	0,49036	0,51404	0,65695	0,90964	1,19974	1,42445	1,42438	1,17760	0,89998	0,55391	0,40854	0,30787	0,30813	0,34066	0,35241	0,31315	0,32233	0,30124	0,29294
0,03380	0,02099	0,01398	0,03383	0,07942	0,14490	0,23322	0,32567	0,40940	0,45631	0,49234	0,47211	0,48842	0,51574	0,66377	0,94504	1,15880	1,39068	1,39893	1,13734	0,79991	0,47522	0,29595	0,21034	0,20257	0,20907	0,24029	0,23019	0,25753	0,22745	0,20936
0,02814	0,01889	0,00934	0,02323	0,06429	0,13771	0,21534	0,31281	0,39399	0,46654	0,46189	0,44644	0,45624	0,51201	0,65799	0,83782	1,09818	1,20782	1,21798	0,95460	0,70305	0,41228	0,21923	0,13337	0,13959	0,12501	0,16916	0,14360	0,17878	0,17840	0,16568
0,01876	0,00888	0,00360	0,00850	0,04767	0,10408	0,19836	0,26835	0,34936	0,41327	0,46783	0,43294	0,45614	0,47382	0,61266	0,76099	0,95701	1,01123	0,99767	0,82299	0,57022	0,34021	0,18247	0,11740	0,08394	0,08965	0,10237	0,10629	0,12369	0,12855	0,11408
