17,10000	17,60000	18,10000	18,60000	19,10000	19,60000	20,10000	20,60000	21,10000	21,60000	22,10000	22,60000	23,10000	23,60000	24,10000	24,60000	25,10000	25,60000	26,10000	26,60000	27,10000	27,60000	28,10000	28,60000	29,10000	29,60000	30,10000	30,60000	31,10000	31,60000	32,10000	32,60000	33,10000	33,60000	34,10000	34,60000	35,10000	35,60000	36,10000	36,60000	37,10000	37,60000	38,10000	38,60000	39,10000	39,60000	40,10000	40,60000	41,10000	41,60000	42,10000
13,00000	13,50000	14,00000	14,50000	15,00000	15,50000	16,00000	16,50000	17,00000	17,50000	18,00000	18,50000	19,00000	19,50000	20,00000	20,50000	21,00000	21,50000	22,00000	22,50000	23,00000	23,50000	24,00000	24,50000	25,00000	25,50000	26,00000	26,50000	27,00000	27,50000	28,00000	28,50000	29,00000	29,50000	30,00000	30,50000	31,00000	31,50000	32,00000	32,50000	33,00000	33,50000	34,00000	34,50000	35,00000	35,50000	36,00000	36,50000	37,00000	37,50000	38,00000
0,00418	0,00359	0,00349	0,00356	0,00385	0,00405	0,00400	0,00338	0,00315	0,00312	0,00311	0,00332	0,00355	0,00344	0,00361	0,00376	0,00384	0,00385	0,00347	0,00347	0,00343	0,00336	0,00333	0,00355	0,00382	0,00412	0,00399	0,00363	0,00391	0,00405	0,00446	0,00468	0,00495	0,00500	0,00474	0,00460	0,00476	0,00446	0,00408	0,00383	0,00384	0,00393	0,00386	0,00395	0,00393	0,00403	0,00399	0,00381	0,00348	0,00373	0,00376
0,00361	0,00371	0,00379	0,00399	0,00435	0,00438	0,00372	0,00342	0,00338	0,00325	0,00316	0,00345	0,00375	0,00385	0,00370	0,00369	0,00384	0,00376	0,00376	0,00346	0,00340	0,00336	0,00351	0,00353	0,00382	0,00365	0,00377	0,00389	0,00371	0,00388	0,00426	0,00481	0,00559	0,00610	0,00580	0,00542	0,00493	0,00435	0,00432	0,00378	0,00386	0,00389	0,00382	0,00372	0,00370	0,00391	0,00399	0,00387	0,00362	0,00354	0,00380
0,00385	0,00359	0,00368	0,00371	0,00387	0,00368	0,00357	0,00377	0,00371	0,00354	0,00326	0,00330	0,00355	0,00397	0,00390	0,00369	0,00356	0,00360	0,00391	0,00408	0,00398	0,00403	0,00389	0,00367	0,00373	0,00390	0,00365	0,00371	0,00407	0,00458	0,00480	0,00502	0,00547	0,00670	0,00701	0,00631	0,00575	0,00504	0,00455	0,00392	0,00374	0,00375	0,00383	0,00371	0,00348	0,00356	0,00381	0,00380	0,00366	0,00351	0,00376
0,00358	0,00352	0,00343	0,00350	0,00335	0,00340	0,00380	0,00394	0,00384	0,00359	0,00365	0,00366	0,00360	0,00374	0,00398	0,00385	0,00394	0,00382	0,00378	0,00439	0,00434	0,00435	0,00442	0,00422	0,00409	0,00436	0,00425	0,00366	0,00444	0,00562	0,00613	0,00623	0,00616	0,00699	0,00794	0,00739	0,00637	0,00584	0,00540	0,00429	0,00396	0,00397	0,00386	0,00371	0,00367	0,00352	0,00341	0,00363	0,00366	0,00367	0,00360
0,00346	0,00347	0,00346	0,00331	0,00341	0,00356	0,00380	0,00384	0,00375	0,00361	0,00390	0,00406	0,00396	0,00396	0,00408	0,00419	0,00435	0,00449	0,00443	0,00426	0,00425	0,00444	0,00452	0,00475	0,00470	0,00486	0,00520	0,00440	0,00520	0,00710	0,00781	0,00772	0,00779	0,00807	0,00849	0,00830	0,00712	0,00640	0,00606	0,00513	0,00454	0,00443	0,00420	0,00423	0,00398	0,00361	0,00362	0,00354	0,00375	0,00375	0,00388
0,00386	0,00373	0,00358	0,00346	0,00327	0,00333	0,00370	0,00397	0,00396	0,00415	0,00445	0,00444	0,00455	0,00449	0,00449	0,00441	0,00451	0,00459	0,00462	0,00453	0,00458	0,00493	0,00496	0,00515	0,00530	0,00542	0,00569	0,00556	0,00633	0,00822	0,00947	0,00962	0,00898	0,00921	0,00919	0,00876	0,00814	0,00695	0,00618	0,00585	0,00552	0,00508	0,00470	0,00445	0,00426	0,00420	0,00377	0,00354	0,00373	0,00409	0,00427
0,00458	0,00435	0,00386	0,00367	0,00327	0,00340	0,00367	0,00399	0,00442	0,00459	0,00474	0,00461	0,00498	0,00496	0,00478	0,00472	0,00453	0,00427	0,00441	0,00452	0,00470	0,00519	0,00564	0,00565	0,00574	0,00585	0,00650	0,00655	0,00746	0,00911	0,01090	0,01081	0,01017	0,00956	0,00947	0,00859	0,00843	0,00779	0,00680	0,00606	0,00615	0,00600	0,00506	0,00460	0,00462	0,00441	0,00428	0,00375	0,00373	0,00421	0,00446
0,00500	0,00444	0,00399	0,00367	0,00350	0,00367	0,00398	0,00436	0,00478	0,00470	0,00464	0,00467	0,00492	0,00511	0,00518	0,00508	0,00491	0,00450	0,00435	0,00438	0,00462	0,00511	0,00580	0,00620	0,00633	0,00686	0,00760	0,00767	0,00885	0,01069	0,01226	0,01198	0,01076	0,00947	0,00913	0,00809	0,00764	0,00793	0,00727	0,00622	0,00623	0,00664	0,00582	0,00481	0,00465	0,00449	0,00443	0,00394	0,00389	0,00457	0,00478
0,00483	0,00438	0,00408	0,00380	0,00388	0,00410	0,00460	0,00481	0,00492	0,00477	0,00447	0,00459	0,00522	0,00546	0,00543	0,00546	0,00553	0,00515	0,00466	0,00493	0,00506	0,00542	0,00592	0,00665	0,00751	0,00860	0,01005	0,00996	0,01145	0,01357	0,01481	0,01409	0,01159	0,00961	0,00861	0,00761	0,00671	0,00705	0,00748	0,00646	0,00602	0,00656	0,00657	0,00499	0,00488	0,00461	0,00445	0,00423	0,00394	0,00438	0,00489
0,00433	0,00407	0,00426	0,00454	0,00454	0,00466	0,00457	0,00468	0,00471	0,00458	0,00412	0,00483	0,00567	0,00644	0,00646	0,00631	0,00614	0,00606	0,00544	0,00557	0,00575	0,00649	0,00677	0,00711	0,00852	0,01091	0,01356	0,01380	0,01553	0,01811	0,01844	0,01711	0,01327	0,01057	0,00895	0,00776	0,00657	0,00648	0,00728	0,00694	0,00593	0,00585	0,00689	0,00575	0,00499	0,00475	0,00453	0,00435	0,00399	0,00433	0,00467
0,00375	0,00395	0,00452	0,00487	0,00513	0,00505	0,00449	0,00436	0,00421	0,00407	0,00411	0,00484	0,00608	0,00738	0,00785	0,00777	0,00725	0,00720	0,00642	0,00624	0,00692	0,00788	0,00852	0,00944	0,01090	0,01360	0,01762	0,01947	0,02179	0,02475	0,02304	0,02071	0,01704	0,01310	0,01088	0,00899	0,00756	0,00646	0,00716	0,00742	0,00623	0,00542	0,00616	0,00611	0,00528	0,00486	0,00481	0,00456	0,00409	0,00405	0,00420
0,00351	0,00392	0,00418	0,00470	0,00480	0,00446	0,00413	0,00425	0,00409	0,00400	0,00436	0,00510	0,00635	0,00783	0,00877	0,00862	0,00840	0,00912	0,00880	0,00828	0,00927	0,01105	0,01163	0,01305	0,01532	0,01810	0,02229	0,02500	0,02956	0,03240	0,02913	0,02523	0,02130	0,01727	0,01323	0,01163	0,00979	0,00778	0,00744	0,00793	0,00674	0,00550	0,00524	0,00612	0,00574	0,00517	0,00494	0,00471	0,00428	0,00389	0,00391
0,00363	0,00372	0,00390	0,00411	0,00407	0,00394	0,00410	0,00426	0,00446	0,00416	0,00447	0,00589	0,00713	0,00867	0,00942	0,00965	0,00933	0,01117	0,01332	0,01327	0,01437	0,01607	0,01662	0,01865	0,02169	0,02552	0,02963	0,03113	0,03692	0,04111	0,03511	0,02981	0,02543	0,02230	0,01814	0,01469	0,01280	0,01021	0,00870	0,00824	0,00745	0,00615	0,00519	0,00589	0,00588	0,00536	0,00520	0,00503	0,00469	0,00383	0,00377
0,00368	0,00379	0,00378	0,00371	0,00352	0,00370	0,00408	0,00459	0,00455	0,00432	0,00490	0,00652	0,00802	0,00945	0,01040	0,01145	0,01220	0,01447	0,01838	0,02064	0,02247	0,02467	0,02495	0,02683	0,03084	0,03606	0,03983	0,03833	0,04363	0,04742	0,04317	0,03444	0,02972	0,02748	0,02330	0,01928	0,01604	0,01366	0,01082	0,00887	0,00823	0,00698	0,00554	0,00598	0,00634	0,00574	0,00537	0,00549	0,00512	0,00382	0,00391
0,00373	0,00355	0,00334	0,00346	0,00364	0,00371	0,00396	0,00404	0,00406	0,00432	0,00552	0,00748	0,00875	0,00985	0,01110	0,01380	0,01706	0,02128	0,02510	0,02908	0,03193	0,03471	0,03673	0,03937	0,04501	0,05017	0,05353	0,04931	0,05285	0,05517	0,05102	0,04138	0,03475	0,03237	0,02921	0,02402	0,02010	0,01711	0,01427	0,01014	0,00895	0,00783	0,00674	0,00654	0,00689	0,00660	0,00612	0,00598	0,00570	0,00428	0,00406
0,00385	0,00353	0,00332	0,00341	0,00373	0,00408	0,00381	0,00378	0,00384	0,00462	0,00682	0,00898	0,01067	0,01174	0,01310	0,01631	0,02273	0,03084	0,03487	0,04016	0,04425	0,04816	0,05086	0,05429	0,06162	0,06740	0,07064	0,06229	0,06402	0,06301	0,05876	0,04994	0,04110	0,03769	0,03407	0,02983	0,02453	0,02164	0,01890	0,01212	0,01033	0,00900	0,00806	0,00789	0,00789	0,00749	0,00678	0,00629	0,00627	0,00476	0,00497
0,00414	0,00372	0,00332	0,00357	0,00394	0,00404	0,00388	0,00418	0,00496	0,00599	0,00874	0,01113	0,01305	0,01456	0,01686	0,02100	0,02859	0,04109	0,04945	0,05557	0,06153	0,06889	0,06918	0,07416	0,08340	0,08812	0,08966	0,07752	0,07631	0,07516	0,06633	0,05880	0,05040	0,04504	0,04079	0,03585	0,02947	0,02575	0,02330	0,01581	0,01256	0,01063	0,00995	0,00958	0,00971	0,00892	0,00800	0,00712	0,00679	0,00590	0,00602
0,00388	0,00346	0,00328	0,00361	0,00401	0,00394	0,00426	0,00508	0,00664	0,00816	0,01200	0,01364	0,01654	0,01910	0,02413	0,02931	0,03844	0,05552	0,06676	0,07637	0,08603	0,09645	0,09200	0,09796	0,10727	0,11035	0,10858	0,09468	0,09265	0,08801	0,07768	0,06808	0,06114	0,05310	0,04656	0,04170	0,03451	0,02957	0,02782	0,02052	0,01544	0,01279	0,01229	0,01194	0,01143	0,00991	0,00924	0,00768	0,00737	0,00696	0,00710
0,00389	0,00323	0,00331	0,00355	0,00377	0,00428	0,00498	0,00691	0,00934	0,01115	0,01579	0,01801	0,02171	0,02651	0,03476	0,04478	0,05576	0,07562	0,09226	0,10152	0,11506	0,12320	0,12451	0,12638	0,13191	0,13013	0,12556	0,11249	0,10681	0,10020	0,09015	0,07855	0,07209	0,06502	0,05392	0,04783	0,04050	0,03434	0,03093	0,02518	0,01907	0,01545	0,01467	0,01421	0,01355	0,01192	0,01027	0,00876	0,00787	0,00788	0,00752
0,00400	0,00354	0,00381	0,00355	0,00383	0,00430	0,00525	0,00815	0,01202	0,01472	0,01948	0,02398	0,02961	0,03712	0,04865	0,06378	0,08230	0,10429	0,11969	0,13349	0,14244	0,14957	0,14918	0,14864	0,14868	0,14290	0,13632	0,12329	0,11479	0,10740	0,09678	0,08719	0,08076	0,07395	0,06478	0,05400	0,04596	0,03911	0,03452	0,02889	0,02323	0,01866	0,01678	0,01652	0,01536	0,01336	0,01138	0,00917	0,00849	0,00838	0,00758
0,00466	0,00445	0,00448	0,00380	0,00365	0,00437	0,00568	0,00929	0,01330	0,01707	0,02195	0,02942	0,03917	0,04877	0,06185	0,08134	0,10657	0,13391	0,14598	0,15916	0,16569	0,16298	0,15943	0,15704	0,15216	0,14431	0,13432	0,12432	0,11340	0,10632	0,10000	0,09461	0,08773	0,08285	0,07205	0,06271	0,05266	0,04452	0,03793	0,03118	0,02668	0,02254	0,01901	0,01843	0,01728	0,01515	0,01245	0,00958	0,00889	0,00859	0,00722
0,00558	0,00589	0,00573	0,00418	0,00379	0,00440	0,00599	0,00974	0,01421	0,01850	0,02328	0,03280	0,04530	0,05884	0,07365	0,09507	0,12274	0,14735	0,15639	0,16590	0,16630	0,15378	0,14763	0,14801	0,14198	0,13234	0,12410	0,11387	0,10367	0,09954	0,09702	0,09508	0,09257	0,09042	0,07914	0,06741	0,05820	0,05040	0,04224	0,03259	0,02923	0,02597	0,02144	0,02006	0,01926	0,01673	0,01356	0,00990	0,00927	0,00890	0,00689
0,00639	0,00710	0,00640	0,00449	0,00391	0,00483	0,00647	0,00948	0,01400	0,01946	0,02429	0,03360	0,04686	0,06155	0,07710	0,10295	0,12827	0,13880	0,14765	0,14583	0,13665	0,12275	0,12036	0,12598	0,12512	0,12154	0,11287	0,10056	0,09384	0,09475	0,09573	0,09409	0,09492	0,09185	0,08468	0,07327	0,06318	0,05488	0,04622	0,03492	0,03091	0,02931	0,02447	0,02168	0,02091	0,01874	0,01419	0,01010	0,00932	0,00954	0,00663
0,00665	0,00725	0,00633	0,00467	0,00439	0,00540	0,00704	0,00949	0,01361	0,01934	0,02473	0,03421	0,04483	0,05891	0,07448	0,10098	0,12210	0,11877	0,11733	0,11234	0,09685	0,09178	0,09776	0,11655	0,12889	0,13373	0,11976	0,09829	0,09824	0,09800	0,09910	0,09927	0,09722	0,09187	0,08680	0,07703	0,06726	0,05807	0,04871	0,03848	0,03283	0,03194	0,02815	0,02408	0,02254	0,01997	0,01504	0,01045	0,00944	0,00974	0,00680
0,00627	0,00663	0,00567	0,00486	0,00535	0,00658	0,00794	0,00972	0,01308	0,01903	0,02465	0,03439	0,04405	0,05820	0,07472	0,09466	0,10681	0,09888	0,09082	0,08491	0,08011	0,09517	0,11804	0,15340	0,17959	0,19104	0,16334	0,12505	0,12340	0,11535	0,11242	0,10793	0,10129	0,09369	0,08859	0,08088	0,07023	0,05882	0,05024	0,04220	0,03500	0,03324	0,03076	0,02701	0,02484	0,02130	0,01540	0,01061	0,00955	0,01008	0,00742
0,00511	0,00505	0,00473	0,00511	0,00626	0,00782	0,00925	0,01088	0,01404	0,01928	0,02535	0,03521	0,04575	0,06117	0,07677	0,09054	0,09713	0,09695	0,09459	0,09671	0,11922	0,16999	0,21274	0,25687	0,28202	0,29278	0,24154	0,17911	0,17369	0,15241	0,13387	0,12143	0,10711	0,09523	0,09118	0,08424	0,07253	0,06014	0,05048	0,04513	0,03718	0,03347	0,03257	0,03002	0,02729	0,02243	0,01572	0,01085	0,00951	0,01034	0,00775
0,00393	0,00395	0,00420	0,00509	0,00663	0,00861	0,01058	0,01256	0,01614	0,02130	0,02887	0,03762	0,04884	0,06201	0,07440	0,08902	0,09705	0,11657	0,13526	0,16733	0,23089	0,32145	0,37956	0,40655	0,42692	0,42193	0,32343	0,24903	0,22750	0,18816	0,16027	0,13703	0,11766	0,10050	0,09351	0,08686	0,07677	0,06132	0,05119	0,04543	0,03906	0,03365	0,03238	0,03187	0,02919	0,02312	0,01611	0,01149	0,00975	0,01037	0,00815
0,00361	0,00387	0,00431	0,00494	0,00632	0,00901	0,01143	0,01477	0,01919	0,02557	0,03706	0,04477	0,05407	0,06234	0,06999	0,08196	0,10566	0,15208	0,21200	0,27962	0,39477	0,51989	0,56711	0,56900	0,55318	0,50173	0,40454	0,30711	0,26763	0,22024	0,18108	0,14967	0,12441	0,10582	0,09630	0,08876	0,07718	0,06279	0,05095	0,04475	0,03871	0,03381	0,03174	0,03175	0,03034	0,02396	0,01625	0,01205	0,01044	0,01017	0,00812
0,00390	0,00414	0,00428	0,00453	0,00615	0,00895	0,01184	0,01602	0,02255	0,03186	0,04732	0,05478	0,06125	0,06272	0,06485	0,07701	0,11284	0,18384	0,29436	0,41737	0,55772	0,67617	0,72381	0,67547	0,61736	0,54049	0,43455	0,34406	0,28190	0,23179	0,19028	0,15284	0,13065	0,11231	0,09938	0,08955	0,07752	0,06181	0,04980	0,04264	0,03690	0,03270	0,02951	0,02980	0,02968	0,02334	0,01672	0,01237	0,01046	0,00991	0,00781
0,00410	0,00421	0,00415	0,00423	0,00543	0,00837	0,01127	0,01617	0,02491	0,03893	0,05641	0,06618	0,06934	0,06663	0,06782	0,07582	0,11314	0,19263	0,34172	0,51866	0,66203	0,76348	0,77507	0,69390	0,60201	0,51258	0,42700	0,34204	0,27198	0,23094	0,19036	0,15481	0,13498	0,11777	0,10274	0,09012	0,07666	0,06035	0,04784	0,03984	0,03433	0,03117	0,02718	0,02667	0,02759	0,02293	0,01738	0,01278	0,01056	0,00938	0,00752
0,00408	0,00426	0,00424	0,00404	0,00491	0,00702	0,00915	0,01454	0,02604	0,04403	0,06317	0,07478	0,07653	0,07405	0,07737	0,08322	0,11753	0,18645	0,34728	0,54565	0,65343	0,73302	0,72469	0,62910	0,53572	0,43501	0,37359	0,30680	0,24330	0,21556	0,18748	0,15380	0,13854	0,12482	0,10775	0,09103	0,07460	0,05843	0,04614	0,03673	0,03119	0,02829	0,02471	0,02342	0,02439	0,02163	0,01718	0,01314	0,01045	0,00881	0,00712
0,00400	0,00403	0,00411	0,00415	0,00454	0,00580	0,00773	0,01299	0,02495	0,04520	0,06389	0,07986	0,08229	0,08252	0,09116	0,09860	0,11991	0,16939	0,30594	0,48046	0,56410	0,59470	0,58208	0,51117	0,42263	0,34252	0,30225	0,25890	0,21477	0,20821	0,18547	0,15558	0,14632	0,13344	0,11083	0,09299	0,07340	0,05785	0,04515	0,03449	0,02860	0,02528	0,02222	0,02055	0,02086	0,01963	0,01652	0,01298	0,01020	0,00816	0,00686
0,00350	0,00376	0,00393	0,00410	0,00437	0,00499	0,00624	0,01095	0,02254	0,04388	0,06085	0,08020	0,08612	0,09265	0,10589	0,11679	0,13149	0,15307	0,23301	0,36293	0,39607	0,42794	0,41353	0,37080	0,30502	0,24226	0,23524	0,21431	0,18952	0,19810	0,18447	0,16199	0,15941	0,14319	0,11530	0,09360	0,07309	0,05749	0,04358	0,03344	0,02704	0,02287	0,01991	0,01840	0,01760	0,01709	0,01529	0,01273	0,00964	0,00743	0,00690
0,00354	0,00341	0,00368	0,00408	0,00435	0,00448	0,00529	0,00958	0,02014	0,03916	0,05584	0,07723	0,08701	0,09923	0,11367	0,13118	0,14633	0,15681	0,18415	0,24537	0,26557	0,27150	0,26516	0,23433	0,19290	0,16079	0,17179	0,17666	0,17751	0,19354	0,18900	0,17651	0,16979	0,14967	0,11924	0,09548	0,07497	0,05772	0,04260	0,03366	0,02719	0,02125	0,01784	0,01655	0,01497	0,01472	0,01374	0,01192	0,00927	0,00692	0,00662
0,00368	0,00377	0,00391	0,00403	0,00444	0,00459	0,00498	0,00772	0,01691	0,03254	0,04769	0,07075	0,08293	0,09869	0,11591	0,13995	0,16123	0,17505	0,17347	0,19073	0,19642	0,18452	0,16971	0,14822	0,12133	0,10315	0,12822	0,15345	0,17000	0,19179	0,19221	0,18696	0,17588	0,15185	0,11917	0,09471	0,07385	0,05705	0,04289	0,03415	0,02825	0,02057	0,01581	0,01492	0,01339	0,01270	0,01220	0,01076	0,00855	0,00669	0,00638
0,00376	0,00429	0,00479	0,00490	0,00486	0,00492	0,00480	0,00560	0,01295	0,02697	0,03614	0,05876	0,07396	0,09408	0,11560	0,14323	0,17429	0,19843	0,19471	0,19100	0,18495	0,15988	0,12634	0,10340	0,08651	0,07954	0,10733	0,14470	0,16855	0,18778	0,19314	0,18786	0,16909	0,14818	0,11915	0,09506	0,07414	0,05897	0,04409	0,03536	0,02860	0,02069	0,01455	0,01347	0,01200	0,01128	0,01079	0,00916	0,00749	0,00668	0,00625
0,00359	0,00421	0,00522	0,00579	0,00561	0,00560	0,00539	0,00490	0,00820	0,01930	0,02702	0,04698	0,06468	0,09014	0,11100	0,14181	0,17907	0,20939	0,22184	0,21233	0,20180	0,16688	0,13337	0,10310	0,08814	0,08394	0,10390	0,14239	0,16809	0,18369	0,18650	0,18259	0,16087	0,14081	0,11780	0,09469	0,07102	0,05830	0,04613	0,03446	0,02841	0,02032	0,01393	0,01260	0,01131	0,01031	0,00921	0,00751	0,00657	0,00701	0,00623
0,00370	0,00408	0,00496	0,00590	0,00628	0,00617	0,00662	0,00572	0,00675	0,01303	0,02089	0,03875	0,05634	0,08059	0,10114	0,13419	0,16926	0,20150	0,22933	0,22385	0,21395	0,19033	0,15641	0,12461	0,11166	0,10412	0,11463	0,14825	0,16530	0,17744	0,18186	0,17469	0,15025	0,13271	0,11480	0,08946	0,06778	0,05658	0,04608	0,03312	0,02723	0,02036	0,01348	0,01189	0,01047	0,00895	0,00767	0,00613	0,00581	0,00708	0,00658
0,00405	0,00405	0,00491	0,00581	0,00656	0,00692	0,00712	0,00675	0,00644	0,01042	0,01693	0,03164	0,04911	0,07088	0,08932	0,11945	0,15104	0,18262	0,21515	0,21984	0,21731	0,20050	0,17394	0,14435	0,13371	0,12652	0,13124	0,14969	0,15937	0,16979	0,17177	0,16006	0,13992	0,12511	0,10739	0,08343	0,06254	0,05433	0,04360	0,03055	0,02488	0,01851	0,01304	0,01115	0,00934	0,00783	0,00631	0,00533	0,00551	0,00719	0,00665
0,00405	0,00451	0,00534	0,00600	0,00648	0,00716	0,00713	0,00709	0,00707	0,00939	0,01425	0,02550	0,03833	0,05886	0,07423	0,10023	0,13365	0,15736	0,19103	0,20405	0,20510	0,19204	0,17128	0,15031	0,14795	0,14054	0,14066	0,15120	0,15221	0,16027	0,15859	0,14407	0,12965	0,11449	0,10013	0,07541	0,05681	0,05061	0,04008	0,02797	0,02248	0,01675	0,01263	0,01037	0,00821	0,00678	0,00555	0,00488	0,00539	0,00693	0,00655
0,00398	0,00470	0,00577	0,00613	0,00617	0,00659	0,00676	0,00726	0,00790	0,00974	0,01235	0,01920	0,02988	0,04745	0,05677	0,08077	0,10929	0,13253	0,16573	0,18332	0,18064	0,17429	0,16157	0,14843	0,14739	0,14190	0,14038	0,14554	0,14245	0,14835	0,14512	0,13292	0,11888	0,10203	0,08727	0,06672	0,05273	0,04489	0,03526	0,02575	0,01937	0,01484	0,01192	0,00949	0,00759	0,00631	0,00529	0,00506	0,00542	0,00646	0,00649
0,00374	0,00453	0,00550	0,00599	0,00618	0,00639	0,00652	0,00670	0,00786	0,00940	0,01147	0,01596	0,02277	0,03479	0,04105	0,05925	0,08367	0,10312	0,13937	0,15584	0,15181	0,15264	0,14579	0,13816	0,13566	0,13282	0,13531	0,13660	0,13095	0,13028	0,12577	0,11722	0,10322	0,08958	0,07666	0,05991	0,04806	0,03962	0,02968	0,02309	0,01704	0,01302	0,01093	0,00891	0,00716	0,00615	0,00534	0,00527	0,00567	0,00631	0,00656
0,00385	0,00411	0,00493	0,00589	0,00660	0,00659	0,00643	0,00622	0,00708	0,00893	0,01160	0,01580	0,01977	0,02503	0,02867	0,04344	0,06187	0,07821	0,10995	0,12405	0,12685	0,12910	0,12484	0,12031	0,11687	0,11506	0,12415	0,12222	0,11269	0,11238	0,10719	0,10287	0,08951	0,07815	0,06646	0,05186	0,04193	0,03242	0,02556	0,02012	0,01467	0,01194	0,01050	0,00864	0,00736	0,00612	0,00537	0,00560	0,00599	0,00627	0,00668
0,00395	0,00429	0,00441	0,00492	0,00618	0,00689	0,00668	0,00603	0,00670	0,00894	0,01088	0,01480	0,01723	0,01967	0,02244	0,03292	0,04653	0,05804	0,08396	0,09773	0,09972	0,10267	0,09916	0,09951	0,09769	0,09695	0,10410	0,10298	0,09627	0,09139	0,09087	0,08690	0,07670	0,06729	0,05681	0,04504	0,03577	0,02721	0,02181	0,01728	0,01320	0,01118	0,01007	0,00852	0,00731	0,00572	0,00556	0,00613	0,00644	0,00666	0,00659
0,00372	0,00397	0,00409	0,00383	0,00477	0,00645	0,00660	0,00596	0,00615	0,00801	0,00935	0,01238	0,01429	0,01666	0,01930	0,02657	0,03411	0,04239	0,06257	0,07147	0,07593	0,07932	0,07779	0,08076	0,08266	0,07871	0,08544	0,08518	0,07739	0,07373	0,07233	0,07149	0,06174	0,05323	0,04592	0,03848	0,03033	0,02284	0,01842	0,01451	0,01188	0,01062	0,00965	0,00848	0,00713	0,00565	0,00593	0,00692	0,00728	0,00696	0,00656
0,00362	0,00363	0,00387	0,00354	0,00357	0,00538	0,00628	0,00597	0,00586	0,00683	0,00779	0,01006	0,01175	0,01412	0,01608	0,02088	0,02565	0,03212	0,04428	0,05321	0,05693	0,05985	0,06298	0,06499	0,06163	0,05844	0,06508	0,06666	0,05915	0,05544	0,05897	0,05622	0,04881	0,04244	0,03805	0,03242	0,02522	0,01906	0,01516	0,01280	0,01158	0,01001	0,00881	0,00784	0,00670	0,00568	0,00638	0,00762	0,00790	0,00707	0,00646
0,00375	0,00340	0,00345	0,00373	0,00343	0,00460	0,00621	0,00614	0,00570	0,00639	0,00684	0,00814	0,00961	0,01150	0,01286	0,01639	0,02063	0,02453	0,03245	0,03954	0,04167	0,04528	0,04740	0,04954	0,04633	0,04323	0,04971	0,04874	0,04197	0,04196	0,04468	0,04391	0,04048	0,03575	0,03153	0,02613	0,02016	0,01569	0,01337	0,01236	0,01095	0,00893	0,00793	0,00736	0,00674	0,00622	0,00701	0,00831	0,00792	0,00697	0,00637
0,00380	0,00341	0,00346	0,00378	0,00406	0,00499	0,00667	0,00671	0,00588	0,00620	0,00696	0,00783	0,00898	0,00980	0,01095	0,01344	0,01625	0,01944	0,02464	0,02926	0,03063	0,03376	0,03633	0,03683	0,03388	0,03296	0,03729	0,03579	0,03275	0,03328	0,03509	0,03638	0,03265	0,02827	0,02470	0,01999	0,01663	0,01417	0,01249	0,01171	0,00986	0,00803	0,00739	0,00733	0,00709	0,00678	0,00771	0,00864	0,00774	0,00671	0,00649
0,00402	0,00396	0,00390	0,00405	0,00434	0,00541	0,00702	0,00752	0,00612	0,00636	0,00780	0,00944	0,01034	0,01039	0,01081	0,01195	0,01374	0,01526	0,01776	0,02018	0,02124	0,02310	0,02547	0,02616	0,02410	0,02409	0,02800	0,02665	0,02621	0,02630	0,02720	0,02830	0,02562	0,02182	0,01823	0,01627	0,01504	0,01299	0,01135	0,01032	0,00892	0,00776	0,00719	0,00738	0,00737	0,00733	0,00815	0,00816	0,00714	0,00654	0,00640
0,00421	0,00398	0,00466	0,00501	0,00485	0,00479	0,00610	0,00758	0,00643	0,00621	0,00703	0,00941	0,01042	0,01078	0,01076	0,01161	0,01248	0,01286	0,01368	0,01500	0,01493	0,01574	0,01745	0,01789	0,01640	0,01659	0,02008	0,01992	0,01984	0,01896	0,01986	0,02141	0,01938	0,01715	0,01506	0,01402	0,01338	0,01140	0,01000	0,00921	0,00812	0,00779	0,00725	0,00727	0,00736	0,00757	0,00843	0,00777	0,00659	0,00662	0,00636
0,00462	0,00429	0,00471	0,00553	0,00585	0,00544	0,00617	0,00724	0,00667	0,00557	0,00550	0,00703	0,00835	0,00927	0,00965	0,01049	0,01131	0,01124	0,01154	0,01175	0,01110	0,01115	0,01191	0,01225	0,01228	0,01228	0,01382	0,01414	0,01451	0,01369	0,01519	0,01648	0,01547	0,01427	0,01263	0,01180	0,01089	0,00976	0,00871	0,00825	0,00786	0,00740	0,00686	0,00722	0,00741	0,00806	0,00871	0,00741	0,00629	0,00640	0,00592
